2017-05-11T16:08:20.099+02:00
Time	val0
s	A
0	0
0.127678	-0
0.255669	-0
0.38363	-0
0.51136	-0
0.639501	0
0.767966	0
0.894844	0
1.02273	0
1.1512	0
1.27919	0
1.40628	0
1.53456	0
1.66302	0
1.79051	0
1.91936	0
2.04606	0
2.17404	0
2.30178	0
2.42967	0
2.55746	0
2.68592	0
2.81312	0
2.94128	0
3.06974	0
3.19723	0
3.32443	0
3.45289	0
3.597	0
3.72509	0
3.85236	0
3.98032	0
4.10786	0
4.23619	0
4.36385	0
4.49156	0
4.6199	0
4.74702	0
4.8755	0
5.00297	0
5.13065	0
5.25911	0
5.3866	0
5.51373	0
5.64198	0
5.77057	0
5.89834	0
6.02553	0
6.15391	0
6.28193	0
6.40916	0
6.55318	0
6.68164	0
6.80951	0
6.93691	0
7.06488	0
7.19335	0
7.3206	0
7.44855	0
7.57603	0
7.7045	0
7.8329	0
7.96038	-0.0003
8.08793	-0.0003
8.21501	-0.0003
8.35995	-0.0003
8.48744	-0.0002
8.615	-0.0002
8.74302	-0.0002
8.871	-0.0002
8.99849	-0.0001
9.14227	-0.0001
9.27098	-0.0001
9.39847	-0.0001
9.526	-0.0001
9.65407	-0.0001
9.79817	-0.0001
9.92545	-0.0001
10.0535	-0.0002
10.182	-0.0002
10.3095	-0.0002
10.4374	-0.0002
10.5815	-0.0001
10.709	-0.0001
10.8368	-0.0001
10.9656	-0.0001
11.0926	-0.0001
11.2369	-0.0001
11.3643	-0.0001
11.4928	-0.0001
11.6199	-0.0001
11.7482	-0.0001
11.8759	-0.0001
12.0193	-0.0001
12.147	-0.0001
12.2755	-0.0001
12.4035	-0.0001
12.5313	-0.0001
12.675	-0.0001
12.8028	-0.0001
12.9301	-0.0001
13.0586	-0.0001
13.1866	-0.0001
13.3141	-0.0001
13.4424	-0.0001
13.5704	-0.0001
13.6981	-0.0001
13.825	-0.0001
13.9537	-0.0001
14.0816	-0.0001
14.2094	-0.0001
14.338	-0.0001
14.4811	-0.0001
14.6096	-0.0001
14.7375	-0.0001
14.8651	-0.0001
14.9926	-0.0001
15.1211	-0.0001
15.2639	-0.0001
15.3919	-0.0001
15.5201	-0.0001
15.6481	-0.0001
15.7756	-0.0001
15.9197	-0.0001
16.0472	-0.0001
16.1751	-0.0001
16.3028	-0.0001
16.4305	-0.0001
16.5597	-0.0001
16.7028	-0.0001
16.83	-0.0001
16.958	-0.0001
17.0865	-0.0001
17.2145	-0.0001
17.358	-0.0001
17.4864	-0.0001
17.6139	-0.0001
17.7418	-0.0001
17.8693	-0.0001
17.9973	-0.0001
18.1418	-0.0001
18.2696	-0.0001
18.3971	-0.0001
18.5255	-0.0001
18.6524	-0.0001
18.797	-0.0001
18.925	-0.0001
19.0521	-0.0001
19.1801	-0.0001
19.3081	-0.0001
19.4363	-0.0001
19.5801	-0.0001
19.708	-0.0001
19.8357	-0.0001
19.9639	-0.0001
20.0914	-0.0001
20.2345	-0.0001
20.3632	-0.0001
20.4907	-0.0001
20.6191	-0.0001
20.747	-0.0001
20.8745	-0.0001
21.003	-0.0001
21.13	-0.0001
21.2583	-0.0001
21.3858	-0.0001
21.5137	-0.0001
21.6415	-0.0001
21.7687	-0.0001
21.8969	-0.0001
22.0246	-0.0001
22.1528	-0.0001
22.2814	-0.0001
22.4082	-0.0001
22.5364	-0.0001
22.6641	-0.0001
22.7918	-0.0001
22.9195	-0.0001
23.0477	-0.0001
23.1915	-0.0001
23.3192	-0.0001
23.4469	-0.0001
23.5751	-0.0001
23.7032	-0.0001
23.8317	-0.0001
23.9751	-0.0001
24.1032	-0.0001
24.2316	-0.0001
24.3586	-0.0001
24.4865	-0.0001
24.6306	-0.0001
24.7591	-0.0001
24.8864	-0.0001
25.0142	-0.0001
25.1422	-0.0001
25.2698	-0.0001
25.4133	-0.0001
25.542	-0.0001
25.6691	-0.0001
25.7975	-0.0001
25.925	-0.0001
26.0687	-0.0001
26.1972	-0.0001
26.3247	-0.0001
26.4522	-0.0001
26.5805	-0.0001
26.7085	-0.0001
26.8517	-0.0001
26.98	-0.0001
27.1081	-0.0001
27.2361	-0.0001
27.3641	-0.0001
27.5077	-0.0001
27.6354	-0.0001
27.7634	-0.0001
27.8914	-0.0001
28.0189	-0.0001
28.1625	-0.0001
28.2908	-0.0001
28.4183	-0.0001
28.5461	-0.0001
28.6747	-0.0001
28.8015	-0.0001
28.9465	-0.0001
29.0737	-0.0001
29.202	-0.0001
29.3295	-0.0001
29.458	-0.0001
29.5853	-0.0001
29.7134	-0.0001
29.8409	-0.0001
29.9688	-0.0001
30.0972	-0.0001
30.2247	-0.0001
30.3531	-0.0001
30.4803	-0.0001
30.6086	-0.0001
30.7522	-0.0001
30.8799	-0.0001
31.0076	-0.0001
31.1356	-0.0001
31.2641	-0.0001
31.3925	-0.0001
31.5356	-0.0001
31.6636	-0.0001
31.7915	-0.0001
31.919	-0.0001
32.0469	-0.0001
32.1901	-0.0001
32.3186	-0.0001
32.4461	-0.0001
32.5741	-0.0001
32.702	-0.0001
32.8303	-0.0001
32.9739	-0.0001
33.1018	-0.0001
33.2298	-0.0001
33.3578	-0.0001
33.485	-0.0001
33.6297	-0.0001
33.7572	-0.0001
33.8849	-0.0001
34.0128	-0.0001
34.1413	-0.0001
34.2688	-0.0001
34.4123	-0.0001
34.5408	-0.0001
34.6683	-0.0001
34.7962	-0.0001
34.9248	-0.0001
35.0679	-0.0001
35.197	-0.0001
35.3237	-0.0001
35.4516	-0.0001
35.5794	-0.0001
35.7075	-0.0001
35.8516	-0.0001
35.9791	-0.0001
36.1063	-0.0001
36.2348	-0.0001
36.3623	-0.0001
36.5061	-0.0001
36.6347	-0.0001
36.7627	-0.0001
36.8899	-0.0001
37.0181	-0.0001
37.1461	-0.0001
37.2739	-0.0001
37.4018	-0.0001
37.5298	-0.0001
37.6576	-0.0001
37.7856	-0.0001
37.9126	-0.0001
38.041	-0.0001
38.1685	-0.0001
38.3125	-0.0001
38.441	-0.0001
38.568	-0.0001
38.6959	-0.0001
38.8243	-0.0001
38.9518	-0.0001
39.0958	-0.0001
39.2238	-0.0001
39.3518	-0.0001
39.4791	-0.0001
39.6077	-0.0001
39.7508	-0.0001
39.8794	-0.0001
40.0066	-0.0001
40.1346	-0.0001
40.2631	-0.0001
40.3899	-0.0001
40.5343	-0.0001
40.6623	-0.0001
40.7899	-0.0001
40.9181	-0.0001
41.0466	-0.0001
41.1897	-0.0001
41.317	-0.0001
41.4462	-0.0001
41.5737	-0.0001
41.7016	-0.0001
41.8291	-0.0001
41.9734	-0.0001
42.1008	-0.0001
42.2288	-0.0001
42.3563	-0.0001
42.4848	-0.0001
42.6284	-0.0001
42.7561	-0.0001
42.8845	-0.0001
43.0115	-0.0001
43.1399	-0.0001
43.2674	-0.0001
43.4109	-0.0001
43.5394	-0.0001
43.6669	-0.0001
43.795	-0.0001
43.9222	-0.0001
44.0659	-0.0001
44.1941	-0.0001
44.3219	-0.0001
44.4501	-0.0001
44.5778	-0.0001
44.7055	-0.0001
44.8336	-0.0001
44.9617	-0.0001
45.0902	-0.0001
45.2177	-0.0001
45.3448	-0.0001
45.473	-0.0001
45.6007	-0.0001
45.7284	-0.0001
45.8566	-0.0001
45.9843	-0.0001
46.1125	-0.0001
46.2402	-0.0001
46.369	-0.0001
46.4963	-0.0001
46.6244	-0.0001
46.7519	-0.0001
46.8796	-0.0001
47.0073	-0.0001
47.1358	-0.0001
47.2632	-0.0001
47.3913	-0.0001
47.5198	-0.0001
47.6473	-0.0001
47.7743	-0.0001
47.9029	-0.0001
48.0313	-0.0001
48.1747	-0.0001
48.3025	-0.0001
48.4312	-0.0001
48.5587	-0.0001
48.6855	-0.0001
48.8136	-0.0001
48.958	-0.0001
49.0855	-0.0001
49.2134	-0.0001
49.3419	-0.0001
49.4694	-0.0001
49.6136	-0.0001
49.7406	-0.0001
49.8691	-0.0001
49.997	-0.0001
50.1245	-0.0001
50.2525	-0.0001
50.3965	-0.0001
50.525	-0.0001
50.6519	-0.0001
50.7799	-0.0001
50.9072	-0.0001
51.0523	-0.0001
51.1793	-0.0001
51.3067	-0.0001
51.4351	-0.0001
51.5629	-0.0001
51.6904	-0.0001
51.8185	-0.0001
51.947	-0.0001
52.0745	-0.0001
52.2029	-0.0001
52.3309	-0.0001
52.4586	-0.0001
52.5861	-0.0001
52.7139	-0.0001
52.8419	-0.0001
52.9856	-0.0001
53.1129	-0.0001
53.242	-0.0001
53.3695	-0.0001
53.4973	-0.0001
53.6407	-0.0001
53.7691	-0.0001
53.8965	-0.0001
54.0244	-0.0001
54.152	-0.0001
54.2799	-0.0001
54.4082	-0.0001
54.536	-0.0001
54.6635	-0.0001
54.7919	-0.0001
54.9195	-0.0001
55.0479	-0.0001
55.1754	-0.0001
55.3033	-0.0001
55.4474	-0.0001
55.5752	-0.0001
55.7036	-0.0001
55.8311	-0.0001
55.9586	-0.0001
56.0861	-0.0001
56.2311	-0.0001
56.3581	-0.0001
56.4861	-0.0001
56.6147	-0.0001
56.7417	-0.0001
56.8858	-0.0001
57.0132	-0.0001
57.1414	-0.0001
57.2689	-0.0001
57.3971	-0.0001
57.5254	-0.0001
57.6688	-0.0001
57.7966	-0.0001
57.9237	-0.0001
58.0522	-0.0001
58.1799	-0.0001
58.3234	-0.0001
58.452	-0.0001
58.5805	-0.0001
58.7076	-0.0001
58.8359	-0.0001
58.9634	-0.0001
59.1079	-0.0001
59.2354	-0.0001
59.3629	-0.0001
59.4909	-0.0001
59.6183	-0.0001
59.7624	-0.0001
59.8901	-0.0001
60.0185	-0.0001
60.1465	-0.0001
60.2742	-0.0001
60.402	-0.0001
60.5301	-0.0001
60.6576	-0.0001
60.786	-0.0001
60.9135	-0.0001
61.0413	-0.0001
61.1688	-0.0001
61.2971	-0.0001
61.4244	-0.0001
61.5688	-0.0001
61.6964	-0.0001
61.8247	-0.0001
61.9522	-0.0001
62.0806	-0.0001
62.208	-0.0001
62.3516	-0.0001
62.4801	-0.0001
62.6077	-0.0001
62.7352	-0.0001
62.8639	-0.0001
63.0073	-0.0001
63.1349	-0.0001
63.2629	-0.0001
63.3914	-0.0001
63.5183	-0.0001
63.6472	-0.0001
63.7906	-0.0001
63.9177	-0.0001
64.0461	-0.0001
64.1737	-0.0001
64.3011	-0.0001
64.446	-0.0001
64.5735	-0.0001
64.7021	-0.0001
64.8291	-0.0001
64.9575	-0.0001
65.0845	-0.0001
65.2129	-0.0001
65.3409	-0.0001
65.4689	-0.0001
65.5963	-0.0001
65.7242	-0.0001
65.8526	-0.0001
65.9802	-0.0001
66.1077	-0.0001
66.2356	-0.0001
66.3797	-0.0001
66.5074	-0.0001
66.6353	-0.0001
66.7633	-0.0001
66.8913	-0.0001
67.0349	-0.0001
67.1634	-0.0001
67.2909	-0.0001
67.4181	-0.0001
67.5466	-0.0001
67.6743	-0.0001
67.8018	-0.0001
67.9296	-0.0001
68.0586	-0.0001
68.1856	-0.0001
68.3138	-0.0001
68.4414	-0.0001
68.5694	-0.0001
68.6972	-0.0001
68.8417	-0.0001
68.9692	-0.0001
69.0976	-0.0001
69.2246	-0.0001
69.3526	-0.0001
69.4806	-0.0001
69.6251	-0.0001
69.7521	-0.0001
69.8801	-0.0001
70.0071	-0.0001
70.1355	-0.0001
70.2796	-0.0001
70.4071	-0.0001
70.5354	-0.0001
70.6629	-0.0001
70.7914	-0.0001
70.9189	-0.0001
71.0624	-0.0001
71.1909	-0.0001
71.3182	-0.0001
71.4458	-0.0001
71.5735	-0.0001
71.7173	-0.0001
71.8455	-0.0001
71.9732	-0.0001
72.101	-0.0001
72.2287	-0.0001
72.3582	-0.0001
72.5014	-0.0001
72.6289	-0.0001
72.7573	-0.0001
72.8846	-0.0001
73.0121	-0.0001
73.1563	-0.0001
73.284	-0.0001
73.4117	-0.0001
73.5394	-0.0001
73.6677	-0.0001
73.7954	-0.0001
73.9234	-0.0001
74.0519	-0.0001
74.1794	-0.0001
74.3075	-0.0001
74.4354	-0.0001
74.5638	-0.0001
74.6909	-0.0001
74.8197	-0.0001
74.9472	-0.0001
75.0904	-0.0001
75.2195	-0.0001
75.347	-0.0001
75.474	-0.0001
75.6029	-0.0001
75.7465	-0.0001
75.8745	-0.0001
76.002	-0.0001
76.1298	-0.0001
76.2578	-0.0001
76.3861	-0.0001
76.5287	-0.0001
76.6575	-0.0001
76.785	-0.0001
76.9132	-0.0001
77.0404	-0.0001
77.1845	-0.0001
77.3126	-0.0001
77.44	-0.0001
77.5685	-0.0001
77.6964	-0.0001
77.8395	-0.0001
77.9679	-0.0001
78.0954	-0.0001
78.2248	-0.0001
78.3513	-0.0001
78.4788	-0.0001
78.6227	-0.0001
78.7513	-0.0001
78.8787	-0.0001
79.0071	-0.0001
79.1345	-0.0001
79.2783	-0.0001
79.4068	-0.0001
79.5344	-0.0001
79.6627	-0.0001
79.7902	-0.0001
79.9184	-0.0001
80.0614	-0.0001
80.1898	-0.0001
80.3175	-0.0001
80.4452	-0.0001
80.5736	-0.0001
80.7174	-0.0001
80.8445	-0.0001
80.9725	-0.0001
81.1004	-0.0001
81.229	-0.0001
81.3567	-0.0001
81.4999	-0.0001
81.6288	-0.0001
81.7563	-0.0001
81.8841	-0.0001
82.0116	-0.0001
82.1557	-0.0001
82.2841	-0.0001
82.4116	-0.0001
82.5392	-0.0001
82.6674	-0.0001
82.795	-0.0001
82.9385	-0.0001
83.067	-0.0001
83.1945	-0.0001
83.3225	-0.0001
83.4497	-0.0001
83.5943	-0.0001
83.722	-0.0001
83.849	-0.0001
83.9776	-0.0001
84.1055	-0.0001
84.2335	-0.0001
84.3776	-0.0001
84.5048	-0.0001
84.6327	-0.0001
84.7612	-0.0001
84.8886	-0.0001
85.0326	-0.0001
85.1608	-0.0001
85.2883	-0.0001
85.4158	-0.0001
85.5438	-0.0001
85.6723	-0.0001
85.8	-0.0001
85.9273	-0.0001
86.0555	-0.0001
86.184	-0.0001
86.3115	-0.0001
86.4385	-0.0001
86.567	-0.0001
86.6945	-0.0001
86.8385	-0.0001
86.9665	-0.0001
87.0949	-0.0001
87.2225	-0.0001
87.3498	-0.0001
87.4783	-0.0001
87.6219	-0.0001
87.7498	-0.0001
87.8773	-0.0001
88.0058	-0.0001
88.1331	-0.0001
88.277	-0.0001
88.4055	-0.0001
88.5327	-0.0001
88.6608	-0.0001
88.7883	-0.0001
88.9168	-0.0001
89.0603	-0.0001
89.1888	-0.0001
89.3158	-0.0001
89.4442	-0.0001
89.5717	-0.0001
89.7161	-0.0001
89.8435	-0.0001
89.9715	-0.0001
90.0991	-0.0001
90.2272	-0.0001
90.3545	-0.0001
90.483	-0.0001
90.6105	-0.0001
90.7388	-0.0001
90.8668	-0.0001
90.9943	-0.0001
91.1228	-0.0001
91.25	-0.0001
91.3779	-0.0001
91.506	-0.0001
91.6495	-0.0001
91.7782	-0.0001
91.9057	-0.0001
92.0328	-0.0001
92.1613	-0.0001
92.3054	-0.0001
92.433	-0.0001
92.5608	-0.0001
92.6884	-0.0001
92.8164	-0.0001
92.9458	-0.0001
93.0888	-0.0001
93.216	-0.0001
93.3441	-0.0001
93.4719	-0.0001
93.5998	-0.0001
93.7432	-0.0001
93.8713	-0.0001
93.9997	-0.0001
94.1277	-0.0001
94.2542	-0.0001
94.3993	-0.0001
94.5268	-0.0001
94.6544	-0.0001
94.7826	-0.0001
94.9106	-0.0001
95.0379	-0.0001
95.1817	-0.0001
95.31	-0.0001
95.4372	-0.0001
95.566	-0.0001
95.694	-0.0001
95.8372	0.0001
95.9658	0.0296
96.0934	0.0296
96.221	0.0296
96.3499	0.0296
96.4774	0.0213
96.6209	0.0213
96.7492	0.0213
96.8762	0.0213
97.0047	0.0172
97.1317	0.0172
97.276	0.0172
97.4039	0.0172
97.5319	0.0165
97.6598	0.0165
97.7876	0.0165
97.9157	0.0165
98.043	0.0165
98.1712	0.0165
98.299	0.0165
98.4274	0.0165
98.5548	0.0166
98.6823	0.0166
98.811	0.0166
98.9379	0.0166
99.0662	0.0166
99.1947	0.0166
99.3217	0.0166
99.4504	0.0166
99.5782	0.0167
99.7054	0.0167
99.8339	0.0167
99.9611	0.0167
100.09	0.0162
100.218	0.0162
100.345	0.0162
100.474	0.0162
100.601	0.0158
100.728	0.0158
100.856	0.0158
100.984	0.0158
101.113	0.0158
101.239	0.0158
101.384	0.0158
101.512	0.0158
101.64	0.016
101.767	0.016
101.895	0.016
102.024	0.016
102.167	0.0165
102.295	0.0165
102.423	0.0165
102.55	0.0165
102.679	0.0171
102.822	0.0171
102.95	0.0171
103.078	0.0171
103.207	0.0176
103.334	0.0176
103.462	0.0176
103.606	0.0176
103.734	0.0176
103.861	0.0176
103.989	0.0176
104.117	0.0176
104.26	0.0172
104.388	0.0172
104.517	0.0172
104.644	0.0172
104.772	0.0168
104.9	0.0168
105.028	0.0168
105.156	0.0168
105.284	0.0164
105.412	0.0164
105.54	0.0164
105.667	0.0164
105.795	0.0162
105.923	0.0162
106.052	0.0162
106.179	0.0162
106.307	0.0163
106.435	0.0163
106.563	0.0163
106.691	0.0163
106.818	0.0163
106.946	0.0162
107.074	0.0162
107.218	0.0162
107.346	0.0162
107.473	0.0161
107.602	0.0161
107.729	0.0161
107.857	0.0161
108.001	0.0159
108.129	0.0159
108.257	0.0159
108.385	0.0159
108.513	0.0159
108.656	0.0159
108.784	0.0159
108.912	0.0159
109.04	0.0166
109.168	0.0166
109.296	0.0166
109.424	0.0166
109.551	0.0176
109.68	0.0176
109.807	0.0176
109.935	0.0176
110.063	0.0185
110.191	0.0185
110.319	0.0185
110.446	0.0185
110.574	0.0184
110.703	0.0184
110.831	0.0184
110.958	0.0184
111.086	0.0179
111.214	0.0179
111.342	0.0179
111.47	0.0179
111.597	0.0174
111.726	0.0174
111.853	0.0174
111.98	0.0174
112.109	0.0174
112.236	0.0174
112.365	0.0174
112.493	0.0174
112.621	0.0171
112.749	0.0171
112.876	0.0171
113.004	0.0171
113.132	0.0169
113.26	0.0169
113.388	0.0169
113.515	0.0169
113.643	0.0169
113.771	0.0169
113.915	0.0169
114.043	0.0169
114.172	0.0168
114.298	0.0168
114.427	0.0168
114.555	0.0168
114.698	0.0169
114.826	0.0169
114.954	0.0169
115.082	0.0169
115.209	0.0169
115.354	0.0169
115.481	0.0169
115.61	0.0169
115.738	0.017
115.865	0.017
115.993	0.017
116.137	0.017
116.264	0.0168
116.393	0.0168
116.521	0.0168
116.648	0.0168
116.792	0.0165
116.92	0.0165
117.048	0.0165
117.177	0.0165
117.304	0.0168
117.432	0.0168
117.559	0.0168
117.687	0.0168
117.816	0.0168
117.943	0.0169
118.071	0.0169
118.199	0.0169
118.327	0.0169
118.454	0.0171
118.582	0.0171
118.711	0.0171
118.838	0.0171
118.966	0.0171
119.094	0.0171
119.222	0.0171
119.35	0.0171
119.477	0.0171
119.605	0.0171
119.733	0.0171
119.861	0.0171
119.989	0.0167
120.116	0.0167
120.245	0.0167
120.372	0.0167
120.5	0.0165
120.629	0.0165
120.756	0.0165
120.883	0.0165
121.012	0.0163
121.14	0.0163
121.267	0.0163
121.395	0.0163
121.524	0.0164
121.651	0.0164
121.78	0.0164
121.907	0.0164
122.035	0.0167
122.163	0.0167
122.29	0.0167
122.419	0.0167
122.547	0.0168
122.674	0.0168
122.802	0.0168
122.93	0.0168
123.058	0.0166
123.202	0.0166
123.33	0.0166
123.458	0.0166
123.586	0.0168
123.714	0.0168
123.841	0.0168
123.985	0.0168
124.113	0.0169
124.241	0.0169
124.368	0.0169
124.496	0.0169
124.64	0.017
124.768	0.017
124.896	0.017
125.023	0.017
125.151	0.0173
125.28	0.0173
125.423	0.0173
125.551	0.0173
125.679	0.017
125.807	0.017
125.935	0.017
126.079	0.017
126.206	0.0166
126.335	0.0166
126.462	0.0166
126.59	0.0166
126.718	0.0162
126.846	0.0162
126.973	0.0162
127.102	0.0162
127.23	0.0162
127.357	0.0159
127.484	0.0159
127.613	0.0159
127.741	0.0159
127.884	0.0158
128.012	0.0158
128.14	0.0158
128.268	0.0158
128.396	0.0163
128.524	0.0163
128.668	0.0163
128.796	0.0163
128.923	0.0166
129.052	0.0166
129.179	0.0166
129.323	0.0166
129.451	0.0169
129.578	0.0169
129.706	0.0169
129.835	0.0169
129.963	0.0169
130.09	0.0169
130.218	0.0169
130.346	0.0169
130.474	0.0169
130.601	0.0169
130.73	0.0169
130.858	0.0169
130.986	0.0171
131.114	0.0171
131.258	0.0171
131.385	0.0171
131.513	0.0168
131.641	0.0168
131.768	0.0168
131.913	0.0168
132.04	0.0166
132.169	0.0166
132.296	0.0166
132.424	0.0166
132.552	0.0165
132.679	0.0165
132.808	0.0165
132.935	0.0165
133.064	0.0162
133.191	0.0162
133.319	0.0162
133.447	0.0162
133.575	0.0165
133.718	0.0165
133.847	0.0165
133.975	0.0165
134.103	0.0167
134.23	0.0167
134.358	0.0167
134.501	0.0167
134.63	0.0173
134.757	0.0173
134.885	0.0173
135.013	0.0173
135.157	0.0178
135.284	0.0178
135.413	0.0178
135.541	0.0178
135.669	0.0177
135.798	0.0177
135.941	0.0177
136.068	0.0177
136.197	0.0175
136.324	0.0175
136.452	0.0175
136.596	0.0175
136.724	0.0174
136.852	0.0174
136.979	0.0174
137.107	0.0174
137.235	0.0174
137.363	0.0174
137.491	0.0174
137.618	0.0174
137.747	0.0174
137.875	0.0174
138.002	0.0174
138.131	0.0174
138.258	0.0172
138.385	0.0172
138.514	0.0172
138.642	0.0172
138.769	0.0167
138.897	0.0167
139.025	0.0167
139.153	0.0167
139.281	0.0165
139.409	0.0165
139.537	0.0165
139.665	0.0165
139.792	0.0164
139.92	0.0164
140.049	0.0164
140.176	0.0164
140.303	0.0164
140.431	0.0167
140.559	0.0167
140.687	0.0167
140.814	0.0167
140.943	0.0174
141.07	0.0174
141.199	0.0174
141.326	0.0174
141.454	0.0172
141.582	0.0172
141.71	0.0172
141.854	0.0172
141.983	0.0172
142.11	0.0172
142.238	0.0172
142.366	0.0172
142.493	0.017
142.638	0.017
142.766	0.017
142.893	0.017
143.021	0.017
143.149	0.017
143.293	0.017
143.42	0.017
143.548	0.0169
143.676	0.0169
143.804	0.0169
143.932	0.0169
144.076	0.0169
144.204	0.0169
144.332	0.0169
144.459	0.0169
144.588	0.0169
144.731	0.0169
144.86	0.0169
144.987	0.0169
145.115	0.0168
145.243	0.0168
145.371	0.0168
145.515	0.0168
145.643	0.0166
145.77	0.0166
145.898	0.0166
146.026	0.0166
146.17	0.017
146.298	0.017
146.425	0.017
146.554	0.017
146.681	0.0167
146.809	0.0167
146.937	0.0167
147.065	0.0167
147.193	0.0163
147.32	0.0163
147.449	0.0163
147.576	0.0163
147.704	0.0166
147.833	0.0166
147.976	0.0166
148.104	0.0166
148.231	0.0172
148.36	0.0172
148.488	0.0172
148.616	0.0172
148.759	0.0175
148.888	0.0175
149.016	0.0175
149.143	0.0175
149.272	0.0176
149.414	0.0176
149.543	0.0176
149.671	0.0176
149.798	0.0175
149.926	0.0175
150.055	0.0175
150.198	0.0175
150.325	0.0169
150.454	0.0169
150.582	0.0169
150.709	0.0169
150.854	0.0165
150.981	0.0165
151.109	0.0165
151.237	0.0165
151.364	0.0164
151.493	0.0164
151.636	0.0164
151.765	0.0164
151.892	0.0164
152.021	0.0164
152.148	0.0164
152.292	0.0164
152.42	0.0167
152.547	0.0167
152.675	0.0167
152.803	0.0167
152.931	0.017
153.059	0.017
153.187	0.017
153.314	0.017
153.442	0.0175
153.57	0.0175
153.698	0.0175
153.826	0.0175
153.954	0.0178
154.082	0.0178
154.225	0.0178
154.354	0.0178
154.482	0.018
154.609	0.018
154.737	0.018
154.882	0.018
155.009	0.0181
155.137	0.0181
155.265	0.0181
155.393	0.0181
155.536	0.0179
155.665	0.0179
155.792	0.0179
155.921	0.0179
156.048	0.0176
156.175	0.0176
156.32	0.0176
156.448	0.0176
156.575	0.0176
156.704	0.0176
156.83	0.0176
156.975	0.0176
157.103	0.0173
157.23	0.0173
157.359	0.0173
157.487	0.0173
157.614	0.0172
157.742	0.0172
157.87	0.0172
157.997	0.0172
158.126	0.0171
158.254	0.0171
158.381	0.0171
158.509	0.0171
158.637	0.0172
158.765	0.0172
158.908	0.0172
159.037	0.0172
159.164	0.0174
159.293	0.0174
159.42	0.0174
159.564	0.0174
159.691	0.0177
159.82	0.0177
159.948	0.0177
160.075	0.0177
160.203	0.0177
160.331	0.0177
160.458	0.0177
160.586	0.0177
160.714	0.0177
160.842	0.0176
160.97	0.0176
161.098	0.0176
161.226	0.0176
161.353	0.0174
161.481	0.0174
161.61	0.0174
161.737	0.0174
161.865	0.0173
161.993	0.0173
162.121	0.0173
162.249	0.0173
162.376	0.0174
162.505	0.0174
162.633	0.0174
162.761	0.0174
162.889	0.0173
163.016	0.0173
163.144	0.0173
163.272	0.0173
163.4	0.0175
163.528	0.0175
163.672	0.0175
163.799	0.0175
163.927	0.0178
164.056	0.0178
164.184	0.0178
164.311	0.0178
164.455	0.0178
164.583	0.0178
164.711	0.0178
164.839	0.0178
164.966	0.0172
165.11	0.0172
165.238	0.0172
165.366	0.0172
165.494	0.0169
165.622	0.0169
165.75	0.0169
165.893	0.0169
166.022	0.0167
166.15	0.0167
166.277	0.0167
166.405	0.0167
166.549	0.017
166.677	0.017
166.805	0.017
166.932	0.017
167.06	0.0172
167.188	0.0172
167.316	0.0172
167.444	0.0172
167.572	0.017
167.699	0.017
167.827	0.017
167.955	0.017
168.083	0.0172
168.211	0.0172
168.338	0.0172
168.466	0.0172
168.595	0.0174
168.722	0.0174
168.851	0.0174
168.978	0.0174
169.106	0.0174
169.233	0.0174
169.362	0.0174
169.506	0.0174
169.633	0.0174
169.761	0.0174
169.89	0.0174
170.017	0.0174
170.144	0.0172
170.272	0.0172
170.401	0.0172
170.528	0.0172
170.656	0.0172
170.784	0.0169
170.912	0.0169
171.04	0.0169
171.167	0.0169
171.295	0.0173
171.423	0.0173
171.552	0.0173
171.679	0.0173
171.808	0.0177
171.936	0.0177
172.063	0.0177
172.191	0.0177
172.318	0.0173
172.446	0.0173
172.574	0.0173
172.703	0.0173
172.83	0.0171
172.958	0.0171
173.086	0.0171
173.214	0.0171
173.342	0.0171
173.469	0.0171
173.597	0.0171
173.725	0.0171
173.853	0.0169
173.981	0.0169
174.109	0.0169
174.237	0.0169
174.364	0.0169
174.492	0.0169
174.621	0.0169
174.749	0.0169
174.876	0.0169
175.004	0.0169
175.132	0.0169
175.26	0.0169
175.388	0.0173
175.515	0.0173
175.643	0.0173
175.771	0.0173
175.916	0.0171
176.043	0.0171
176.171	0.0171
176.298	0.0171
176.427	0.0172
176.554	0.0172
176.698	0.0172
176.826	0.0172
176.954	0.017
177.082	0.017
177.21	0.017
177.353	0.017
177.482	0.017
177.61	0.017
177.737	0.017
177.865	0.017
177.994	0.0171
178.137	0.0171
178.265	0.0171
178.393	0.0171
178.52	0.0173
178.649	0.0173
178.792	0.0173
178.92	0.0173
179.048	0.0175
179.176	0.0175
179.304	0.0175
179.431	0.0175
179.56	0.0175
179.687	0.0176
179.815	0.0176
179.943	0.0176
180.071	0.0176
180.199	0.0176
180.327	0.0176
180.455	0.0176
180.582	0.0176
180.71	0.0175
180.837	0.0175
180.966	0.0175
181.094	0.0175
181.222	0.0176
181.35	0.0176
181.478	0.0176
181.606	0.0176
181.733	0.0182
181.861	0.0182
181.989	0.0182
182.117	0.0182
182.245	0.0182
182.373	0.0182
182.501	0.0182
182.629	0.0182
182.756	0.0181
182.884	0.0181
183.011	0.0181
183.14	0.0181
183.268	0.0177
183.395	0.0177
183.523	0.0177
183.651	0.0177
183.78	0.0173
183.908	0.0173
184.035	0.0173
184.163	0.0173
184.291	0.0175
184.418	0.0175
184.547	0.0175
184.675	0.0175
184.802	0.0179
184.93	0.0179
185.059	0.0179
185.186	0.0179
185.314	0.0179
185.442	0.0182
185.569	0.0182
185.697	0.0182
185.826	0.0182
185.953	0.0179
186.081	0.0179
186.209	0.0179
186.353	0.0179
186.48	0.0173
186.609	0.0173
186.736	0.0173
186.865	0.0173
186.993	0.0171
187.136	0.0171
187.264	0.0171
187.392	0.0171
187.519	0.0172
187.647	0.0172
187.792	0.0172
187.919	0.0172
188.046	0.0178
188.175	0.0178
188.303	0.0178
188.431	0.0178
188.575	0.0181
188.703	0.0181
188.83	0.0181
188.958	0.0181
189.087	0.0179
189.23	0.0179
189.358	0.0179
189.485	0.0179
189.614	0.0176
189.742	0.0176
189.869	0.0176
190.014	0.0176
190.142	0.0173
190.269	0.0173
190.397	0.0173
190.524	0.0173
190.668	0.0169
190.796	0.0169
190.924	0.0169
191.052	0.0169
191.18	0.0179
191.307	0.0179
191.436	0.0179
191.564	0.0179
191.691	0.0184
191.819	0.0184
191.947	0.0184
192.075	0.0184
192.203	0.0182
192.33	0.0182
192.459	0.0182
192.587	0.0182
192.714	0.0179
192.842	0.0179
192.97	0.0179
193.097	0.0179
193.226	0.0176
193.353	0.0176
193.481	0.0176
193.625	0.0176
193.753	0.0172
193.881	0.0172
194.009	0.0172
194.137	0.0172
194.265	0.017
194.408	0.017
194.537	0.017
194.664	0.017
194.792	0.0176
194.92	0.0176
195.064	0.0176
195.191	0.0176
195.319	0.0182
195.447	0.0182
195.576	0.0182
195.704	0.0182
195.847	0.0182
195.975	0.0182
196.103	0.0182
196.231	0.0182
196.358	0.0179
196.502	0.0179
196.63	0.0179
196.758	0.0179
196.886	0.0175
197.014	0.0175
197.141	0.0175
197.27	0.0175
197.397	0.0171
197.526	0.0171
197.653	0.0171
197.781	0.0171
197.909	0.0172
198.037	0.0172
198.164	0.0172
198.293	0.0172
198.421	0.0175
198.548	0.0175
198.676	0.0175
198.804	0.0175
198.932	0.018
199.06	0.018
199.188	0.018
199.316	0.018
199.459	0.0178
199.587	0.0178
199.714	0.0178
199.843	0.0178
199.971	0.0175
200.099	0.0175
200.242	0.0175
200.371	0.0175
200.498	0.0172
200.626	0.0172
200.754	0.0172
200.898	0.0172
201.025	0.0176
201.153	0.0176
201.282	0.0176
201.41	0.0176
201.537	0.0181
201.681	0.0181
201.809	0.0181
201.937	0.0181
202.064	0.0182
202.193	0.0182
202.336	0.0182
202.464	0.0182
202.592	0.0178
202.72	0.0178
202.848	0.0178
202.976	0.0178
203.104	0.0174
203.231	0.0174
203.359	0.0174
203.487	0.0174
203.615	0.0174
203.743	0.017
203.87	0.017
203.998	0.017
204.127	0.017
204.27	0.0168
204.398	0.0168
204.526	0.0168
204.654	0.0168
204.782	0.0172
204.925	0.0172
205.053	0.0172
205.181	0.0172
205.309	0.0174
205.437	0.0174
205.581	0.0174
205.708	0.0174
205.836	0.018
205.964	0.018
206.093	0.018
206.22	0.018
206.364	0.0178
206.492	0.0178
206.62	0.0178
206.747	0.0178
206.876	0.0177
207.019	0.0177
207.147	0.0177
207.275	0.0177
207.403	0.0177
207.531	0.0177
207.659	0.0177
207.803	0.0177
207.931	0.0178
208.058	0.0178
208.186	0.0178
208.315	0.0178
208.458	0.018
208.586	0.018
208.714	0.018
208.841	0.018
208.969	0.0178
209.098	0.0178
209.241	0.0178
209.369	0.0178
209.497	0.0177
209.625	0.0177
209.752	0.0177
209.897	0.0177
210.025	0.0177
210.152	0.0177
210.281	0.0177
210.408	0.0177
210.536	0.0176
210.679	0.0176
210.808	0.0176
210.936	0.0176
211.062	0.0173
211.191	0.0173
211.335	0.0173
211.463	0.0173
211.591	0.0175
211.719	0.0175
211.846	0.0175
211.974	0.0175
212.103	0.0181
212.23	0.0181
212.358	0.0181
212.486	0.0181
212.614	0.0188
212.742	0.0188
212.869	0.0188
212.997	0.0188
213.125	0.0185
213.254	0.0185
213.381	0.0185
213.508	0.0185
213.636	0.0179
213.765	0.0179
213.892	0.0179
214.02	0.0179
214.149	0.0174
214.276	0.0174
214.404	0.0174
214.531	0.0174
214.659	0.0172
214.787	0.0172
214.915	0.0172
215.043	0.0172
215.171	0.0169
215.298	0.0169
215.442	0.0169
215.57	0.0169
215.698	0.0169
215.826	0.0169
215.955	0.0169
216.082	0.0169
216.226	0.0169
216.354	0.0169
216.482	0.0169
216.609	0.0169
216.738	0.0172
216.882	0.0172
217.009	0.0172
217.137	0.0172
217.265	0.0174
217.393	0.0174
217.521	0.0174
217.665	0.0174
217.793	0.0172
217.921	0.0172
218.048	0.0172
218.176	0.0172
218.319	0.0172
218.448	0.0172
218.576	0.0172
218.703	0.0172
218.831	0.0171
218.959	0.0171
219.103	0.0171
219.231	0.0171
219.359	0.0172
219.487	0.0172
219.616	0.0172
219.759	0.0172
219.886	0.0172
220.014	0.0172
220.142	0.0172
220.27	0.0172
220.398	0.0174
220.526	0.0174
220.653	0.0174
220.781	0.0174
220.91	0.0174
221.037	0.0174
221.165	0.0174
221.293	0.0174
221.421	0.0174
221.549	0.0174
221.676	0.0174
221.805	0.0174
221.932	0.0174
222.06	0.0172
222.188	0.0172
222.315	0.0172
222.444	0.0172
222.571	0.0172
222.715	0.0172
222.843	0.0172
222.971	0.0172
223.099	0.0179
223.227	0.0179
223.355	0.0179
223.498	0.0179
223.626	0.0184
223.755	0.0184
223.882	0.0184
224.01	0.0184
224.155	0.0183
224.282	0.0183
224.409	0.0183
224.538	0.0183
224.666	0.0183
224.793	0.0183
224.921	0.0183
225.049	0.0183
225.177	0.0184
225.305	0.0184
225.432	0.0184
225.56	0.0184
225.688	0.0183
225.816	0.0183
225.945	0.0183
226.088	0.0183
226.216	0.0179
226.344	0.0179
226.473	0.0179
226.599	0.0179
226.743	0.0179
226.871	0.0179
226.999	0.0179
227.127	0.0179
227.255	0.0178
227.383	0.0178
227.511	0.0178
227.639	0.0178
227.767	0.018
227.894	0.018
228.022	0.018
228.15	0.018
228.278	0.0179
228.406	0.0179
228.55	0.0179
228.677	0.0179
228.805	0.0182
228.933	0.0182
229.061	0.0182
229.189	0.0182
229.333	0.0187
229.46	0.0187
229.588	0.0187
229.716	0.0187
229.844	0.0185
229.988	0.0185
230.115	0.0185
230.243	0.0185
230.372	0.0178
230.499	0.0178
230.628	0.0178
230.771	0.0178
230.9	0.017
231.028	0.017
231.155	0.017
231.283	0.017
231.426	0.0167
231.554	0.0167
231.682	0.0167
231.81	0.0167
231.938	0.0171
232.066	0.0171
232.21	0.0171
232.338	0.0171
232.466	0.0172
232.593	0.0172
232.721	0.0172
232.865	0.0172
232.993	0.0176
233.121	0.0176
233.248	0.0176
233.377	0.0176
233.505	0.0178
233.633	0.0178
233.76	0.0178
233.888	0.0178
234.016	0.0182
234.144	0.0182
234.272	0.0182
234.4	0.0182
234.528	0.0182
234.671	0.0182
234.799	0.0182
234.927	0.0182
235.055	0.0184
235.183	0.0184
235.311	0.0184
235.454	0.0184
235.583	0.0185
235.71	0.0185
235.838	0.0185
235.966	0.0185
236.11	0.0178
236.238	0.0178
236.365	0.0178
236.493	0.0178
236.621	0.0176
236.749	0.0176
236.893	0.0176
237.021	0.0176
237.149	0.0178
237.277	0.0178
237.405	0.0178
237.547	0.0178
237.676	0.0178
237.804	0.0178
237.932	0.0178
238.06	0.0178
238.187	0.0176
238.316	0.0176
238.444	0.0176
238.571	0.0176
238.699	0.0174
238.827	0.0174
238.954	0.0174
239.082	0.0174
239.211	0.0177
239.338	0.0177
239.466	0.0177
239.594	0.0177
239.722	0.0177
239.85	0.0175
239.978	0.0175
240.106	0.0175
240.233	0.0175
240.361	0.0174
240.505	0.0174
240.632	0.0174
240.76	0.0174
240.889	0.0171
241.017	0.0171
241.145	0.0171
241.288	0.0171
241.416	0.0175
241.545	0.0175
241.672	0.0175
241.8	0.0175
241.944	0.0177
242.072	0.0177
242.199	0.0177
242.327	0.0177
242.455	0.0179
242.583	0.0179
242.727	0.0179
242.854	0.0179
242.982	0.0179
243.11	0.0179
243.238	0.0179
243.382	0.0179
243.51	0.0177
243.638	0.0177
243.765	0.0177
243.893	0.0177
244.022	0.018
244.165	0.018
244.293	0.018
244.421	0.018
244.549	0.0177
244.677	0.0177
244.821	0.0177
244.949	0.0177
245.077	0.0174
245.205	0.0174
245.332	0.0174
245.46	0.0174
245.604	0.0171
245.732	0.0171
245.86	0.0171
245.988	0.0171
246.115	0.0172
246.259	0.0172
246.387	0.0172
246.515	0.0172
246.643	0.017
246.77	0.017
246.898	0.017
247.026	0.017
247.153	0.0167
247.281	0.0167
247.409	0.0167
247.537	0.0167
247.666	0.0168
247.794	0.0168
247.921	0.0168
248.049	0.0168
248.177	0.0172
248.305	0.0172
248.432	0.0172
248.56	0.0172
248.688	0.0175
248.816	0.0175
248.944	0.0175
249.072	0.0175
249.216	0.0174
249.344	0.0174
249.472	0.0174
249.6	0.0174
249.727	0.0171
249.856	0.0171
249.999	0.0171
250.127	0.0171
250.256	0.0165
250.383	0.0165
250.511	0.0165
250.654	0.0165
250.782	0.0163
250.91	0.0163
251.038	0.0163
251.166	0.0163
251.294	0.0167
251.438	0.0167
251.566	0.0167
251.694	0.0167
251.822	0.017
251.949	0.017
252.094	0.017
252.221	0.017
252.348	0.0174
252.476	0.0174
252.605	0.0174
252.733	0.0174
252.861	0.018
252.989	0.018
253.116	0.018
253.243	0.018
253.372	0.0178
253.5	0.0178
253.627	0.0178
253.756	0.0178
253.883	0.0175
254.027	0.0175
254.155	0.0175
254.283	0.0175
254.411	0.0174
254.539	0.0174
254.683	0.0174
254.81	0.0174
254.938	0.0173
255.066	0.0173
255.194	0.0173
255.322	0.0173
255.45	0.0175
255.578	0.0175
255.706	0.0175
255.833	0.0175
255.961	0.0171
256.09	0.0171
256.217	0.0171
256.345	0.0171
256.488	0.0169
256.617	0.0169
256.745	0.0169
256.873	0.0169
257.001	0.0167
257.128	0.0167
257.272	0.0167
257.399	0.0167
257.528	0.0169
257.655	0.0169
257.783	0.0169
257.928	0.0169
258.055	0.0176
258.183	0.0176
258.311	0.0176
258.439	0.0176
258.566	0.018
258.71	0.018
258.839	0.018
258.966	0.018
259.094	0.0179
259.222	0.0179
259.366	0.0179
259.494	0.0179
259.622	0.0176
259.749	0.0176
259.877	0.0176
260.005	0.0176
260.133	0.0173
260.26	0.0173
260.389	0.0173
260.517	0.0173
260.644	0.0173
260.772	0.0173
260.9	0.0173
261.028	0.0173
261.155	0.0173
261.283	0.0172
261.412	0.0172
261.54	0.0172
261.667	0.0172
261.795	0.0171
261.923	0.0171
262.051	0.0171
262.178	0.0171
262.322	0.0172
262.451	0.0172
262.579	0.0172
262.706	0.0172
262.835	0.0171
262.962	0.0171
263.106	0.0171
263.234	0.0171
263.361	0.0167
263.489	0.0167
263.618	0.0167
263.745	0.0167
263.874	0.017
264.002	0.017
264.129	0.017
264.257	0.017
264.385	0.0172
264.513	0.0172
264.64	0.0172
264.769	0.0172
264.912	0.0174
265.04	0.0174
265.168	0.0174
265.296	0.0174
265.424	0.0173
265.552	0.0173
265.696	0.0173
265.824	0.0173
265.952	0.0178
266.079	0.0178
266.207	0.0178
266.35	0.0178
266.479	0.0183
266.606	0.0183
266.735	0.0183
266.862	0.0183
266.99	0.0183
267.134	0.0183
267.262	0.0183
267.39	0.0183
267.517	0.0176
267.646	0.0176
267.789	0.0176
267.918	0.0176
268.046	0.0175
268.172	0.0175
268.301	0.0175
268.429	0.0175
268.573	0.0175
268.7	0.0175
268.828	0.0175
268.957	0.0175
269.084	0.0175
269.228	0.0175
269.356	0.0175
269.484	0.0175
269.612	0.0176
269.739	0.0176
269.867	0.0176
269.995	0.0176
270.123	0.0177
270.251	0.0177
270.378	0.0177
270.507	0.0177
270.634	0.0177
270.763	0.0177
270.891	0.0177
271.018	0.0177
271.146	0.0173
271.274	0.0173
271.402	0.0173
271.529	0.0173
271.658	0.017
271.786	0.017
271.913	0.017
272.041	0.017
272.184	0.0171
272.312	0.0171
272.44	0.0171
272.568	0.0171
272.696	0.0177
272.824	0.0177
272.968	0.0177
273.095	0.0177
273.224	0.0184
273.351	0.0184
273.479	0.0184
273.623	0.0184
273.751	0.0185
273.879	0.0185
274.007	0.0185
274.135	0.0185
274.262	0.0182
274.39	0.0182
274.519	0.0182
274.646	0.0182
274.773	0.0182
274.902	0.0176
275.03	0.0176
275.158	0.0176
275.286	0.0176
275.413	0.0178
275.542	0.0178
275.669	0.0178
275.796	0.0178
275.925	0.0184
276.053	0.0184
276.18	0.0184
276.308	0.0184
276.437	0.0185
276.564	0.0185
276.691	0.0185
276.82	0.0185
276.947	0.0184
277.076	0.0184
277.203	0.0184
277.331	0.0184
277.459	0.0181
277.587	0.0181
277.715	0.0181
277.843	0.0181
277.97	0.018
278.098	0.018
278.226	0.018
278.354	0.018
278.482	0.0178
278.61	0.0178
278.738	0.0178
278.881	0.0178
279.009	0.0175
279.138	0.0175
279.265	0.0175
279.394	0.0175
279.521	0.0176
279.666	0.0176
279.793	0.0176
279.921	0.0176
280.048	0.0176
280.177	0.0176
280.32	0.0176
280.448	0.0176
280.575	0.0177
280.703	0.0177
280.831	0.0177
280.959	0.0177
281.103	0.0179
281.231	0.0179
281.359	0.0179
281.487	0.0179
281.615	0.0178
281.759	0.0178
281.887	0.0178
282.015	0.0178
282.142	0.0175
282.271	0.0175
282.398	0.0175
282.526	0.0175
282.654	0.0174
282.782	0.0174
282.909	0.0174
283.037	0.0174
283.165	0.0175
283.294	0.0175
283.421	0.0175
283.549	0.0175
283.677	0.0174
283.804	0.0174
283.933	0.0174
284.06	0.0174
284.188	0.0174
284.316	0.0175
284.444	0.0175
284.572	0.0175
284.7	0.0175
284.827	0.0176
284.956	0.0176
285.083	0.0176
285.211	0.0176
285.339	0.0178
285.467	0.0178
285.595	0.0178
285.723	0.0178
285.85	0.018
285.979	0.018
286.106	0.018
286.234	0.018
286.362	0.018
286.49	0.018
286.618	0.018
286.746	0.018
286.873	0.018
287.017	0.018
287.145	0.018
287.273	0.018
287.402	0.018
287.529	0.018
287.657	0.018
287.801	0.018
287.928	0.0179
288.057	0.0179
288.184	0.0179
288.311	0.0179
288.456	0.0175
288.584	0.0175
288.711	0.0175
288.84	0.0175
288.967	0.0175
289.095	0.0175
289.223	0.0175
289.351	0.0175
289.479	0.0176
289.607	0.0176
289.734	0.0176
289.863	0.0176
289.99	0.0178
290.118	0.0178
290.246	0.0178
290.374	0.0178
290.502	0.0179
290.629	0.0179
290.758	0.0179
290.885	0.0179
291.013	0.0178
291.141	0.0178
291.269	0.0178
291.413	0.0178
291.541	0.0176
291.668	0.0176
291.796	0.0176
291.925	0.0176
292.052	0.0174
292.196	0.0174
292.323	0.0174
292.452	0.0174
292.58	0.0174
292.708	0.0174
292.851	0.0174
292.98	0.0174
293.107	0.017
293.235	0.017
293.363	0.017
293.49	0.017
293.634	0.017
293.763	0.017
293.89	0.017
294.018	0.017
294.146	0.0178
294.29	0.0178
294.418	0.0178
294.546	0.0178
294.673	0.0179
294.801	0.0179
294.929	0.0179
295.073	0.0179
295.201	0.018
295.329	0.018
295.456	0.018
295.585	0.018
295.727	0.018
295.856	0.018
295.984	0.018
296.112	0.018
296.24	0.0184
296.367	0.0184
296.495	0.0184
296.623	0.0184
296.751	0.0184
296.879	0.0183
297.007	0.0183
297.135	0.0183
297.263	0.0183
297.391	0.0177
297.535	0.0177
297.662	0.0177
297.79	0.0177
297.918	0.0175
298.046	0.0175
298.174	0.0175
298.318	0.0175
298.445	0.0175
298.573	0.0175
298.701	0.0175
298.829	0.0175
298.973	0.0175
299.1	0.0175
299.229	0.0175
299.356	0.0175
299.484	0.0178
299.612	0.0178
299.74	0.0178
299.868	0.0178
299.996	0.0177
300.124	0.0177
300.251	0.0177
300.38	0.0177
300.507	0.0178
300.636	0.0178
300.763	0.0178
300.891	0.0178
301.019	0.0181
301.146	0.0181
301.274	0.0181
301.402	0.0181
301.53	0.0181
301.658	0.0181
301.786	0.0181
301.913	0.0181
302.042	0.018
302.169	0.018
302.297	0.018
302.425	0.018
302.553	0.0177
302.681	0.0177
302.809	0.0177
302.936	0.0177
303.064	0.0178
303.193	0.0178
303.32	0.0178
303.448	0.0178
303.576	0.018
303.704	0.018
303.832	0.018
303.959	0.018
304.088	0.0181
304.215	0.0181
304.343	0.0181
304.471	0.0181
304.599	0.0181
304.727	0.0182
304.854	0.0182
304.983	0.0182
305.11	0.0182
305.238	0.0181
305.382	0.0181
305.51	0.0181
305.638	0.0181
305.765	0.018
305.893	0.018
306.022	0.018
306.165	0.018
306.292	0.0181
306.42	0.0181
306.548	0.0181
306.677	0.0181
306.82	0.0183
306.948	0.0183
307.076	0.0183
307.204	0.0183
307.332	0.0179
307.459	0.0179
307.588	0.0179
307.715	0.0179
307.843	0.0175
307.971	0.0175
308.099	0.0175
308.226	0.0175
308.355	0.0177
308.483	0.0177
308.611	0.0177
308.754	0.0177
308.883	0.0178
309.01	0.0178
309.138	0.0178
309.266	0.0178
309.411	0.0181
309.538	0.0181
309.666	0.0181
309.793	0.0181
309.921	0.0187
310.049	0.0187
310.178	0.0187
310.305	0.0187
310.432	0.0188
310.561	0.0188
310.689	0.0188
310.817	0.0188
310.944	0.0182
311.073	0.0182
311.216	0.0182
311.344	0.0182
311.471	0.0174
311.6	0.0174
311.727	0.0174
311.855	0.0174
311.999	0.0171
312.127	0.0171
312.255	0.0171
312.383	0.0171
312.511	0.0172
312.655	0.0172
312.782	0.0172
312.911	0.0172
313.038	0.0173
313.166	0.0173
313.294	0.0173
313.438	0.0173
313.566	0.0175
313.694	0.0175
313.822	0.0175
313.949	0.0175
314.093	0.0179
314.221	0.0179
314.349	0.0179
314.477	0.0179
314.604	0.0176
314.732	0.0176
314.86	0.0176
314.988	0.0176
315.116	0.0176
315.244	0.0176
315.372	0.0176
315.5	0.0176
315.628	0.0178
315.755	0.0178
315.884	0.0178
316.027	0.0178
316.155	0.0177
316.283	0.0177
316.411	0.0177
316.538	0.0177
316.682	0.0176
316.81	0.0176
316.938	0.0176
317.065	0.0176
317.194	0.0178
317.322	0.0178
317.45	0.0178
317.577	0.0178
317.705	0.018
317.833	0.018
317.96	0.018
318.089	0.018
318.217	0.0181
318.345	0.0181
318.489	0.0181
318.616	0.0181
318.744	0.0182
318.872	0.0182
319	0.0182
319.128	0.0182
319.271	0.0179
319.4	0.0179
319.527	0.0179
319.656	0.0179
319.783	0.0174
319.927	0.0174
320.055	0.0174
320.183	0.0174
320.311	0.0173
320.438	0.0173
320.566	0.0173
320.694	0.0173
320.822	0.0174
320.95	0.0174
321.078	0.0174
321.206	0.0174
321.333	0.0174
321.461	0.0176
321.589	0.0176
321.717	0.0176
321.844	0.0176
321.973	0.0183
322.101	0.0183
322.229	0.0183
322.357	0.0183
322.485	0.0184
322.613	0.0184
322.74	0.0184
322.868	0.0184
322.996	0.018
323.123	0.018
323.252	0.018
323.38	0.018
323.508	0.0179
323.636	0.0179
323.763	0.0179
323.891	0.0179
324.034	0.0173
324.162	0.0173
324.29	0.0173
324.419	0.0173
324.546	0.0174
324.674	0.0174
324.818	0.0174
324.945	0.0174
325.073	0.0175
325.202	0.0175
325.329	0.0175
325.473	0.0175
325.601	0.018
325.729	0.018
325.857	0.018
325.985	0.018
326.113	0.0183
326.256	0.0183
326.384	0.0183
326.512	0.0183
326.64	0.018
326.767	0.018
326.912	0.018
327.04	0.018
327.168	0.018
327.295	0.018
327.424	0.018
327.551	0.018
327.678	0.0178
327.807	0.0178
327.935	0.0178
328.063	0.0178
328.191	0.0178
328.318	0.0178
328.447	0.0178
328.574	0.0178
328.702	0.0176
328.83	0.0176
328.957	0.0176
329.086	0.0176
329.214	0.0175
329.341	0.0175
329.469	0.0175
329.597	0.0175
329.725	0.0178
329.852	0.0178
329.98	0.0178
330.109	0.0178
330.237	0.0178
330.365	0.0181
330.492	0.0181
330.62	0.0181
330.748	0.0181
330.875	0.0181
331.003	0.0181
331.132	0.0181
331.259	0.0181
331.387	0.0175
331.515	0.0175
331.643	0.0175
331.771	0.0175
331.899	0.0171
332.027	0.0171
332.171	0.0171
332.298	0.0171
332.426	0.0171
332.554	0.0171
332.681	0.0171
332.81	0.0171
332.954	0.0174
333.081	0.0174
333.209	0.0174
333.337	0.0174
333.464	0.0177
333.608	0.0177
333.737	0.0177
333.864	0.0177
333.993	0.018
334.121	0.018
334.248	0.018
334.392	0.018
334.52	0.0179
334.648	0.0179
334.777	0.0179
334.903	0.0179
335.048	0.018
335.176	0.018
335.304	0.018
335.431	0.018
335.559	0.0179
335.686	0.0179
335.831	0.0179
335.959	0.0179
336.086	0.0181
336.214	0.0181
336.343	0.0181
336.485	0.0181
336.614	0.0185
336.742	0.0185
336.869	0.0185
336.998	0.0185
337.125	0.019
337.254	0.019
337.381	0.019
337.509	0.019
337.637	0.0189
337.764	0.0189
337.892	0.0189
338.02	0.0189
338.148	0.0189
338.276	0.0189
338.404	0.0189
338.532	0.0189
338.66	0.0188
338.787	0.0188
338.916	0.0188
339.044	0.0188
339.171	0.0186
339.299	0.0186
339.427	0.0186
339.554	0.0186
339.683	0.0182
339.81	0.0182
339.939	0.0182
340.066	0.0182
340.194	0.0186
340.322	0.0186
340.45	0.0186
340.594	0.0186
340.722	0.0189
340.85	0.0189
340.977	0.0189
341.105	0.0189
341.233	0.0188
341.377	0.0188
341.505	0.0188
341.632	0.0188
341.761	0.0186
341.888	0.0186
342.032	0.0186
342.16	0.0186
342.288	0.0184
342.416	0.0184
342.544	0.0184
342.671	0.0184
342.799	0.0184
342.928	0.0182
343.055	0.0182
343.183	0.0182
343.311	0.0182
343.439	0.018
343.567	0.018
343.694	0.018
343.823	0.018
343.951	0.0179
344.078	0.0179
344.206	0.0179
344.334	0.0179
344.461	0.0181
344.589	0.0181
344.718	0.0181
344.845	0.0181
344.973	0.0181
345.101	0.0181
345.229	0.0181
345.357	0.0181
345.485	0.0178
345.612	0.0178
345.74	0.0178
345.868	0.0178
345.996	0.0175
346.14	0.0175
346.268	0.0175
346.396	0.0175
346.524	0.0171
346.651	0.0171
346.779	0.0171
346.907	0.0171
347.035	0.0174
347.162	0.0174
347.291	0.0174
347.418	0.0174
347.546	0.0183
347.674	0.0183
347.803	0.0183
347.93	0.0183
348.074	0.0183
348.202	0.0183
348.33	0.0183
348.458	0.0183
348.585	0.0182
348.729	0.0182
348.858	0.0182
348.985	0.0182
349.113	0.018
349.241	0.018
349.369	0.018
349.513	0.018
349.641	0.0181
349.768	0.0181
349.897	0.0181
350.024	0.0181
350.168	0.0182
350.296	0.0182
350.424	0.0182
350.552	0.0182
350.68	0.0182
350.808	0.0182
350.935	0.0182
351.063	0.0182
351.191	0.018
351.319	0.018
351.447	0.018
351.575	0.018
351.702	0.0172
351.831	0.0172
351.958	0.0172
352.086	0.0172
352.214	0.017
352.342	0.017
352.47	0.017
352.598	0.017
352.726	0.017
352.854	0.017
352.981	0.017
353.125	0.017
353.254	0.017
353.381	0.0173
353.509	0.0173
353.637	0.0173
353.764	0.0173
353.892	0.0178
354.02	0.0178
354.147	0.0178
354.276	0.0178
354.403	0.018
354.531	0.018
354.66	0.018
354.787	0.018
354.915	0.0177
355.059	0.0177
355.187	0.0177
355.315	0.0177
355.442	0.0174
355.571	0.0174
355.715	0.0174
355.842	0.0174
355.97	0.0174
356.097	0.0174
356.226	0.0174
356.353	0.0174
356.481	0.0175
356.609	0.0175
356.737	0.0175
356.866	0.0175
356.994	0.0177
357.121	0.0177
357.249	0.0177
357.377	0.0177
357.504	0.0181
357.633	0.0181
357.761	0.0181
357.888	0.0181
358.016	0.0183
358.144	0.0183
358.272	0.0183
358.399	0.0183
358.528	0.0181
358.671	0.0181
358.799	0.0181
358.927	0.0181
359.055	0.0177
359.183	0.0177
359.31	0.0177
359.438	0.0177
359.567	0.0174
359.694	0.0174
359.822	0.0174
359.95	0.0174
360.078	0.0175
360.205	0.0175
360.333	0.0175
360.461	0.0175
360.605	0.0177
360.733	0.0177
360.861	0.0177
360.989	0.0177
361.116	0.0179
361.26	0.0179
361.388	0.0179
361.516	0.0179
361.645	0.0181
361.772	0.0181
361.9	0.0181
362.044	0.0181
362.172	0.018
362.299	0.018
362.427	0.018
362.555	0.018
362.698	0.0182
362.827	0.0182
362.955	0.0182
363.083	0.0182
363.211	0.0181
363.338	0.0181
363.482	0.0181
363.61	0.0181
363.738	0.0182
363.866	0.0182
363.994	0.0182
364.137	0.0182
364.266	0.0179
364.393	0.0179
364.52	0.0179
364.649	0.0179
364.776	0.0175
364.905	0.0175
365.032	0.0175
365.16	0.0175
365.288	0.0175
365.415	0.0177
365.544	0.0177
365.672	0.0177
365.799	0.0177
365.944	0.0179
366.072	0.0179
366.199	0.0179
366.327	0.0179
366.455	0.0182
366.583	0.0182
366.726	0.0182
366.855	0.0182
366.983	0.0181
367.11	0.0181
367.239	0.0181
367.383	0.0181
367.51	0.0183
367.638	0.0183
367.765	0.0183
367.893	0.0183
368.022	0.0185
368.165	0.0185
368.292	0.0185
368.421	0.0185
368.549	0.0186
368.677	0.0186
368.821	0.0186
368.949	0.0186
369.076	0.0185
369.204	0.0185
369.332	0.0185
369.46	0.0185
369.603	0.0183
369.732	0.0183
369.859	0.0183
369.987	0.0183
370.115	0.018
370.259	0.018
370.387	0.018
370.515	0.018
370.643	0.0176
370.771	0.0176
370.898	0.0176
371.026	0.0176
371.154	0.0179
371.282	0.0179
371.41	0.0179
371.538	0.0179
371.665	0.0185
371.793	0.0185
371.921	0.0185
372.065	0.0185
372.194	0.0192
372.321	0.0192
372.449	0.0192
372.576	0.0192
372.705	0.0196
372.848	0.0196
372.977	0.0196
373.104	0.0196
373.232	0.0196
373.36	0.0196
373.503	0.0196
373.631	0.0196
373.759	0.0189
373.887	0.0189
374.016	0.0189
374.143	0.0189
374.287	0.0185
374.415	0.0185
374.543	0.0185
374.671	0.0185
374.799	0.018
374.943	0.018
375.07	0.018
375.198	0.018
375.326	0.0179
375.454	0.0179
375.582	0.0179
375.725	0.0179
375.853	0.0176
375.982	0.0176
376.109	0.0176
376.236	0.0176
376.381	0.0179
376.508	0.0179
376.636	0.0179
376.765	0.0179
376.893	0.0183
377.021	0.0183
377.164	0.0183
377.292	0.0183
377.419	0.0186
377.548	0.0186
377.676	0.0186
377.819	0.0186
377.948	0.0187
378.076	0.0187
378.203	0.0187
378.33	0.0187
378.475	0.0187
378.603	0.0187
378.731	0.0187
378.858	0.0187
378.986	0.0187
379.114	0.0187
379.258	0.0187
379.386	0.0187
379.513	0.0189
379.642	0.0189
379.769	0.0189
379.913	0.0189
380.041	0.0188
380.169	0.0188
380.297	0.0188
380.425	0.0188
380.553	0.0193
380.697	0.0193
380.825	0.0193
380.952	0.0193
381.08	0.0193
381.208	0.0193
381.352	0.0193
381.479	0.0193
381.607	0.019
381.735	0.019
381.863	0.019
381.991	0.019
382.119	0.0186
382.246	0.0186
382.374	0.0186
382.502	0.0186
382.63	0.0183
382.759	0.0183
382.886	0.0183
383.014	0.0183
383.141	0.0183
383.269	0.0183
383.397	0.0183
383.525	0.0183
383.653	0.0184
383.78	0.0184
383.909	0.0184
384.036	0.0184
384.164	0.0185
384.292	0.0185
384.421	0.0185
384.548	0.0185
384.677	0.0184
384.804	0.0184
384.932	0.0184
385.06	0.0184
385.188	0.0182
385.317	0.0182
385.444	0.0182
385.572	0.0182
385.699	0.0182
385.828	0.0184
385.955	0.0184
386.083	0.0184
386.211	0.0184
386.338	0.0186
386.467	0.0186
386.611	0.0186
386.738	0.0186
386.866	0.0185
386.994	0.0185
387.122	0.0185
387.25	0.0185
387.394	0.0185
387.522	0.0185
387.65	0.0185
387.777	0.0185
387.905	0.0185
388.049	0.0185
388.177	0.0185
388.304	0.0185
388.432	0.0185
388.561	0.0185
388.688	0.0185
388.816	0.0185
388.944	0.0181
389.072	0.0181
389.2	0.0181
389.328	0.0181
389.456	0.0178
389.583	0.0178
389.711	0.0178
389.839	0.0178
389.968	0.0182
390.095	0.0182
390.223	0.0182
390.351	0.0182
390.478	0.0186
390.607	0.0186
390.735	0.0186
390.862	0.0186
390.99	0.0188
391.118	0.0188
391.246	0.0188
391.374	0.0188
391.501	0.0186
391.63	0.0186
391.758	0.0186
391.886	0.0186
392.013	0.0186
392.141	0.0186
392.268	0.0186
392.397	0.0186
392.524	0.0184
392.652	0.0184
392.78	0.0184
392.908	0.0184
393.036	0.0184
393.164	0.0184
393.307	0.0184
393.436	0.0184
393.564	0.0185
393.691	0.0185
393.82	0.0185
393.946	0.0185
394.075	0.0185
394.203	0.0186
394.33	0.0186
394.459	0.0186
394.587	0.0186
394.713	0.0184
394.842	0.0184
394.97	0.0184
395.098	0.0184
395.226	0.0184
395.353	0.0184
395.481	0.0184
395.609	0.0184
395.738	0.0187
395.865	0.0187
395.993	0.0187
396.121	0.0187
396.248	0.0188
396.376	0.0188
396.505	0.0188
396.632	0.0188
396.76	0.0184
396.888	0.0184
397.015	0.0184
397.143	0.0184
397.272	0.0184
397.4	0.0184
397.527	0.0184
397.655	0.0184
397.783	0.0185
397.91	0.0185
398.039	0.0185
398.167	0.0185
398.295	0.0189
398.422	0.0189
398.566	0.0189
398.695	0.0189
398.822	0.0187
398.95	0.0187
399.078	0.0187
399.205	0.0187
399.349	0.0184
399.477	0.0184
399.605	0.0184
399.733	0.0184
399.862	0.0188
400.005	0.0188
400.133	0.0188
400.261	0.0188
400.389	0.0192
400.517	0.0192
400.644	0.0192
400.788	0.0192
400.916	0.0191
401.044	0.0191
401.172	0.0191
401.299	0.0191
401.444	0.0189
401.572	0.0189
401.7	0.0189
401.826	0.0189
401.955	0.0187
402.083	0.0187
402.226	0.0187
402.354	0.0187
402.483	0.0187
402.61	0.0187
402.738	0.0187
402.882	0.0187
403.01	0.0186
403.138	0.0186
403.266	0.0186
403.394	0.0186
403.521	0.0187
403.649	0.0187
403.777	0.0187
403.905	0.0187
404.032	0.019
404.16	0.019
404.289	0.019
404.416	0.019
404.544	0.0189
404.672	0.0189
404.8	0.0189
404.928	0.0189
405.055	0.0189
405.184	0.019
405.311	0.019
405.439	0.019
405.567	0.019
405.695	0.0194
405.839	0.0194
405.967	0.0194
406.095	0.0194
406.222	0.0195
406.349	0.0195
406.478	0.0195
406.622	0.0195
406.75	0.0192
406.877	0.0192
407.006	0.0192
407.133	0.0192
407.277	0.0194
407.405	0.0194
407.532	0.0194
407.661	0.0194
407.789	0.0197
407.917	0.0197
408.06	0.0197
408.189	0.0197
408.316	0.0195
408.445	0.0195
408.573	0.0195
408.716	0.0195
408.843	0.0191
408.972	0.0191
409.1	0.0191
409.227	0.0191
409.355	0.0187
409.483	0.0187
409.611	0.0187
409.739	0.0187
409.866	0.0188
409.995	0.0188
410.123	0.0188
410.25	0.0188
410.378	0.0191
410.522	0.0191
410.65	0.0191
410.778	0.0191
410.905	0.02
411.034	0.02
411.161	0.02
411.305	0.02
411.433	0.0202
411.56	0.0202
411.689	0.0202
411.816	0.0202
411.96	0.0198
412.088	0.0198
412.216	0.0198
412.344	0.0198
412.471	0.019
412.6	0.019
412.743	0.019
412.871	0.019
412.999	0.0188
413.128	0.0188
413.255	0.0188
413.399	0.0188
413.527	0.0193
413.655	0.0193
413.783	0.0193
413.911	0.0193
414.039	0.0194
414.182	0.0194
414.31	0.0194
414.437	0.0194
414.566	0.0189
414.694	0.0189
414.837	0.0189
414.965	0.0189
415.093	0.0189
415.221	0.0189
415.349	0.0189
415.477	0.0189
415.62	0.0191
415.748	0.0191
415.877	0.0191
416.004	0.0191
416.132	0.019
416.276	0.019
416.404	0.019
416.532	0.019
416.659	0.0187
416.788	0.0187
416.916	0.0187
417.06	0.0187
417.187	0.0188
417.315	0.0188
417.442	0.0188
417.571	0.0188
417.715	0.0189
417.843	0.0189
417.97	0.0189
418.098	0.0189
418.226	0.0193
418.354	0.0193
418.482	0.0193
418.61	0.0193
418.738	0.0194
418.865	0.0194
418.994	0.0194
419.121	0.0194
419.249	0.0195
419.377	0.0195
419.521	0.0195
419.649	0.0195
419.776	0.0194
419.904	0.0194
420.033	0.0194
420.159	0.0194
420.288	0.0193
420.416	0.0193
420.543	0.0193
420.671	0.0193
420.799	0.0195
420.928	0.0195
421.055	0.0195
421.183	0.0195
421.311	0.0192
421.455	0.0192
421.583	0.0192
421.711	0.0192
421.838	0.0193
421.966	0.0193
422.11	0.0193
422.238	0.0193
422.366	0.0196
422.494	0.0196
422.622	0.0196
422.749	0.0196
422.877	0.0195
423.005	0.0195
423.133	0.0195
423.261	0.0195
423.389	0.0192
423.517	0.0192
423.645	0.0192
423.772	0.0192
423.9	0.0192
424.028	0.0192
424.156	0.0192
424.284	0.0192
424.412	0.0192
424.54	0.0189
424.667	0.0189
424.796	0.0189
424.923	0.0189
425.067	0.0186
425.194	0.0186
425.322	0.0186
425.45	0.0186
425.578	0.0186
425.706	0.0186
425.833	0.0186
425.962	0.0186
426.089	0.0187
426.217	0.0187
426.345	0.0187
426.473	0.0187
426.601	0.0188
426.729	0.0188
426.858	0.0188
427.001	0.0188
427.129	0.0189
427.257	0.0189
427.384	0.0189
427.513	0.0189
427.657	0.0191
427.784	0.0191
427.913	0.0191
428.041	0.0191
428.167	0.0193
428.296	0.0193
428.423	0.0193
428.551	0.0193
428.679	0.0192
428.807	0.0192
428.935	0.0192
429.063	0.0192
429.192	0.019
429.319	0.019
429.447	0.019
429.575	0.019
429.702	0.0192
429.831	0.0192
429.958	0.0192
430.085	0.0192
430.214	0.0187
430.342	0.0187
430.47	0.0187
430.598	0.0187
430.725	0.018
430.854	0.018
430.981	0.018
431.108	0.018
431.236	0.0177
431.365	0.0177
431.492	0.0177
431.621	0.0177
431.765	0.0178
431.892	0.0178
432.02	0.0178
432.148	0.0178
432.276	0.0183
432.404	0.0183
432.547	0.0183
432.676	0.0183
432.803	0.0188
432.931	0.0188
433.059	0.0188
433.202	0.0188
433.331	0.0193
433.458	0.0193
433.586	0.0193
433.713	0.0193
433.842	0.0196
433.986	0.0196
434.114	0.0196
434.242	0.0196
434.37	0.0198
434.498	0.0198
434.642	0.0198
434.769	0.0198
434.898	0.0196
435.025	0.0196
435.153	0.0196
435.281	0.0196
435.424	0.0193
435.552	0.0193
435.68	0.0193
435.808	0.0193
435.936	0.019
436.08	0.019
436.208	0.019
436.335	0.019
436.464	0.0186
436.591	0.0186
436.719	0.0186
436.847	0.0186
436.975	0.0186
437.102	0.0181
437.23	0.0181
437.359	0.0181
437.486	0.0181
437.614	0.0183
437.742	0.0183
437.885	0.0183
438.014	0.0183
438.142	0.0189
438.27	0.0189
438.397	0.0189
438.526	0.0189
438.67	0.0196
438.797	0.0196
438.925	0.0196
439.053	0.0196
439.18	0.0196
439.325	0.0196
439.453	0.0196
439.581	0.0196
439.708	0.0191
439.836	0.0191
439.964	0.0191
440.108	0.0191
440.236	0.0188
440.363	0.0188
440.491	0.0188
440.619	0.0188
440.763	0.0189
440.89	0.0189
441.018	0.0189
441.147	0.0189
441.274	0.0193
441.402	0.0193
441.53	0.0193
441.658	0.0193
441.786	0.0196
441.914	0.0196
442.042	0.0196
442.17	0.0196
442.297	0.0193
442.425	0.0193
442.554	0.0193
442.697	0.0193
442.824	0.0191
442.953	0.0191
443.081	0.0191
443.209	0.0191
443.353	0.0189
443.48	0.0189
443.609	0.0189
443.736	0.0189
443.864	0.0188
443.992	0.0188
444.12	0.0188
444.247	0.0188
444.376	0.0189
444.503	0.0189
444.631	0.0189
444.759	0.0189
444.886	0.0189
445.015	0.0189
445.158	0.0189
445.287	0.0189
445.414	0.0188
445.542	0.0188
445.67	0.0188
445.797	0.0188
445.925	0.0188
446.053	0.0188
446.181	0.0188
446.309	0.0188
446.437	0.019
446.564	0.019
446.693	0.019
446.82	0.019
446.949	0.019
447.076	0.019
447.204	0.019
447.332	0.019
447.46	0.0186
447.588	0.0186
447.716	0.0186
447.843	0.0186
447.971	0.019
448.099	0.019
448.227	0.019
448.355	0.019
448.483	0.019
448.611	0.0191
448.739	0.0191
448.867	0.0191
448.994	0.0191
449.122	0.019
449.25	0.019
449.378	0.019
449.506	0.019
449.634	0.0192
449.762	0.0192
449.89	0.0192
450.018	0.0192
450.145	0.0192
450.273	0.0192
450.401	0.0192
450.529	0.0192
450.657	0.0193
450.785	0.0193
450.912	0.0193
451.041	0.0193
451.168	0.0192
451.297	0.0192
451.424	0.0192
451.568	0.0192
451.696	0.0191
451.824	0.0191
451.951	0.0191
452.079	0.0191
452.207	0.0195
452.351	0.0195
452.479	0.0195
452.606	0.0195
452.735	0.0194
452.862	0.0194
453.006	0.0194
453.134	0.0194
453.262	0.0191
453.39	0.0191
453.517	0.0191
453.646	0.0191
453.789	0.0189
453.918	0.0189
454.046	0.0189
454.173	0.0189
454.301	0.0189
454.445	0.0189
454.573	0.0189
454.701	0.0189
454.829	0.0185
454.956	0.0185
455.085	0.0185
455.229	0.0185
455.356	0.0184
455.483	0.0184
455.611	0.0184
455.739	0.0184
455.883	0.0185
456.011	0.0185
456.139	0.0185
456.267	0.0185
456.395	0.0187
456.522	0.0187
456.651	0.0187
456.779	0.0187
456.906	0.0192
457.034	0.0192
457.162	0.0192
457.289	0.0192
457.417	0.0194
457.545	0.0194
457.689	0.0194
457.817	0.0194
457.944	0.0192
458.073	0.0192
458.201	0.0192
458.329	0.0192
458.473	0.0189
458.6	0.0189
458.729	0.0189
458.857	0.0189
458.984	0.0187
459.128	0.0187
459.256	0.0187
459.383	0.0187
459.512	0.0184
459.639	0.0184
459.768	0.0184
459.912	0.0184
460.039	0.0187
460.167	0.0187
460.295	0.0187
460.422	0.0187
460.567	0.0192
460.694	0.0192
460.821	0.0192
460.95	0.0192
461.078	0.0192
461.206	0.0192
461.334	0.0192
461.461	0.0192
461.59	0.0186
461.717	0.0186
461.845	0.0186
461.973	0.0186
462.101	0.0187
462.228	0.0187
462.357	0.0187
462.485	0.0187
462.612	0.0187
462.74	0.0189
462.868	0.0189
462.996	0.0189
463.123	0.0189
463.251	0.0193
463.38	0.0193
463.523	0.0193
463.65	0.0193
463.779	0.0192
463.907	0.0192
464.034	0.0192
464.163	0.0192
464.306	0.0191
464.434	0.0191
464.562	0.0191
464.691	0.0191
464.818	0.0188
464.961	0.0188
465.09	0.0188
465.218	0.0188
465.346	0.0183
465.473	0.0183
465.601	0.0183
465.745	0.0183
465.873	0.018
466.001	0.018
466.129	0.018
466.256	0.018
466.4	0.0184
466.529	0.0184
466.656	0.0184
466.784	0.0184
466.912	0.0186
467.04	0.0186
467.184	0.0186
467.312	0.0186
467.439	0.0187
467.567	0.0187
467.695	0.0187
467.839	0.0187
467.967	0.0187
468.095	0.0187
468.223	0.0187
468.351	0.0187
468.495	0.0185
468.622	0.0185
468.749	0.0185
468.878	0.0185
469.006	0.0185
469.133	0.0185
469.277	0.0185
469.405	0.0185
469.532	0.0184
469.661	0.0184
469.788	0.0184
469.933	0.0184
470.06	0.0188
470.188	0.0188
470.316	0.0188
470.444	0.0188
470.572	0.0196
470.716	0.0196
470.844	0.0196
470.971	0.0196
471.099	0.0194
471.228	0.0194
471.371	0.0194
471.499	0.0194
471.627	0.0194
471.754	0.0194
471.883	0.0194
472.011	0.0194
472.154	0.0194
472.282	0.0194
472.41	0.0194
472.537	0.0194
472.665	0.0191
472.81	0.0191
472.937	0.0191
473.065	0.0191
473.193	0.0188
473.321	0.0188
473.45	0.0188
473.593	0.0188
473.721	0.0187
473.849	0.0187
473.976	0.0187
474.105	0.0187
474.248	0.0189
474.376	0.0189
474.503	0.0189
474.632	0.0189
474.759	0.0188
474.887	0.0188
475.015	0.0188
475.143	0.0188
475.271	0.0187
475.399	0.0187
475.527	0.0187
475.655	0.0187
475.783	0.0189
475.91	0.0189
476.054	0.0189
476.182	0.0189
476.31	0.0193
476.437	0.0193
476.566	0.0193
476.693	0.0193
476.837	0.0197
476.966	0.0197
477.094	0.0197
477.221	0.0197
477.348	0.0196
477.493	0.0196
477.621	0.0196
477.748	0.0196
477.877	0.0195
478.004	0.0195
478.132	0.0195
478.276	0.0195
478.404	0.0192
478.532	0.0192
478.659	0.0192
478.787	0.0192
478.931	0.0188
479.059	0.0188
479.187	0.0188
479.315	0.0188
479.443	0.0187
479.571	0.0187
479.698	0.0187
479.827	0.0187
479.954	0.0184
480.082	0.0184
480.21	0.0184
480.338	0.0184
480.465	0.0184
480.594	0.0184
480.722	0.0184
480.865	0.0184
480.993	0.0185
481.122	0.0185
481.249	0.0185
481.376	0.0185
481.521	0.0186
481.648	0.0186
481.776	0.0186
481.904	0.0186
482.032	0.0183
482.16	0.0183
482.288	0.0183
482.416	0.0183
482.544	0.0184
482.671	0.0184
482.799	0.0184
482.928	0.0184
483.055	0.0185
483.183	0.0185
483.327	0.0185
483.455	0.0185
483.583	0.0186
483.71	0.0186
483.839	0.0186
483.966	0.0186
484.11	0.0184
484.238	0.0184
484.365	0.0184
484.494	0.0184
484.622	0.0186
484.765	0.0186
484.893	0.0186
485.021	0.0186
485.149	0.0196
485.277	0.0196
485.405	0.0196
485.533	0.0196
485.66	0.02
485.788	0.02
485.916	0.02
486.044	0.02
486.172	0.0198
486.3	0.0198
486.428	0.0198
486.555	0.0198
486.683	0.0198
486.811	0.0193
486.939	0.0193
487.068	0.0193
487.195	0.0193
487.323	0.0189
487.451	0.0189
487.578	0.0189
487.706	0.0189
487.835	0.0186
487.962	0.0186
488.09	0.0186
488.218	0.0186
488.346	0.0185
488.474	0.0185
488.601	0.0185
488.73	0.0185
488.872	0.0191
489.001	0.0191
489.128	0.0191
489.256	0.0191
489.384	0.0193
489.512	0.0193
489.64	0.0193
489.768	0.0193
489.895	0.0194
490.023	0.0194
490.151	0.0194
490.279	0.0194
490.407	0.0191
490.535	0.0191
490.663	0.0191
490.806	0.0191
490.935	0.0186
491.062	0.0186
491.19	0.0186
491.318	0.0186
491.463	0.0187
491.59	0.0187
491.718	0.0187
491.847	0.0187
491.974	0.0181
492.102	0.0181
492.23	0.0181
492.357	0.0181
492.486	0.0182
492.613	0.0182
492.741	0.0182
492.869	0.0182
492.997	0.0185
493.125	0.0185
493.252	0.0185
493.38	0.0185
493.509	0.0194
493.636	0.0194
493.764	0.0194
493.892	0.0194
494.02	0.0199
494.147	0.0199
494.276	0.0199
494.468	0.0199
494.595	0.0197
494.724	0.0197
494.852	0.0197
494.979	0.0197
495.123	0.0193
495.249	0.0193
495.378	0.0193
495.506	0.0193
495.634	0.0193
495.778	0.0193
495.906	0.0193
496.034	0.0193
496.161	0.0192
496.289	0.0192
496.433	0.0192
496.561	0.0192
496.689	0.0189
496.816	0.0189
496.944	0.0189
497.072	0.0189
497.201	0.0193
497.328	0.0193
497.456	0.0193
497.584	0.0193
497.712	0.0192
497.84	0.0192
497.967	0.0192
498.095	0.0192
498.223	0.019
498.351	0.019
498.479	0.019
498.606	0.019
498.735	0.0187
498.863	0.0187
498.99	0.0187
499.118	0.0187
499.246	0.0189
499.374	0.0189
499.502	0.0189
499.63	0.0189
499.758	0.0189
499.885	0.019
500.014	0.019
500.141	0.019
500.269	0.019
500.397	0.019
500.524	0.019
500.652	0.019
500.781	0.019
500.909	0.0192
501.036	0.0192
501.164	0.0192
501.292	0.0192
501.42	0.0194
501.548	0.0194
501.692	0.0194
501.82	0.0194
501.948	0.0193
502.076	0.0193
502.203	0.0193
502.331	0.0193
502.476	0.0192
502.603	0.0192
502.731	0.0192
502.858	0.0192
502.987	0.0191
503.13	0.0191
503.258	0.0191
503.386	0.0191
503.514	0.0189
503.642	0.0189
503.77	0.0189
503.897	0.0189
504.025	0.0188
504.153	0.0188
504.281	0.0188
504.409	0.0188
504.536	0.019
504.664	0.019
504.792	0.019
504.92	0.019
505.048	0.019
505.176	0.019
505.304	0.019
505.432	0.019
505.559	0.0187
505.687	0.0187
505.816	0.0187
505.944	0.0187
506.071	0.0187
506.199	0.0187
506.328	0.0187
506.454	0.0187
506.583	0.019
506.711	0.019
506.838	0.019
506.967	0.019
507.094	0.0194
507.222	0.0194
507.349	0.0194
507.478	0.0194
507.606	0.0194
507.733	0.0197
507.861	0.0197
507.989	0.0197
508.117	0.0197
508.245	0.0197
508.389	0.0197
508.517	0.0197
508.644	0.0197
508.772	0.0192
508.901	0.0192
509.028	0.0192
509.172	0.0192
509.3	0.0191
509.428	0.0191
509.556	0.0191
509.684	0.0191
509.828	0.0189
509.955	0.0189
510.083	0.0189
510.211	0.0189
510.338	0.019
510.467	0.019
510.611	0.019
510.738	0.019
510.865	0.0187
510.994	0.0187
511.122	0.0187
511.265	0.0187
511.394	0.0187
511.521	0.0187
511.65	0.0187
511.777	0.0187
511.905	0.0187
512.033	0.0187
512.16	0.0187
512.288	0.0187
512.417	0.0187
512.544	0.0187
512.672	0.0187
512.8	0.0187
512.928	0.0186
513.072	0.0186
513.199	0.0186
513.328	0.0186
513.456	0.0187
513.583	0.0187
513.711	0.0187
513.855	0.0187
513.983	0.0187
514.111	0.0187
514.238	0.0187
514.367	0.0187
514.511	0.0189
514.638	0.0189
514.766	0.0189
514.894	0.0189
515.022	0.0195
515.149	0.0195
515.277	0.0195
515.406	0.0195
515.532	0.0197
515.66	0.0197
515.788	0.0197
515.917	0.0197
516.045	0.0196
516.173	0.0196
516.3	0.0196
516.428	0.0196
516.555	0.0194
516.684	0.0194
516.811	0.0194
516.939	0.0194
517.067	0.0196
517.195	0.0196
517.323	0.0196
517.451	0.0196
517.578	0.0199
517.706	0.0199
517.835	0.0199
517.963	0.0199
518.091	0.0198
518.218	0.0198
518.347	0.0198
518.474	0.0198
518.601	0.0195
518.73	0.0195
518.857	0.0195
518.986	0.0195
519.114	0.0195
519.241	0.0196
519.37	0.0196
519.497	0.0196
519.625	0.0196
519.769	0.0192
519.897	0.0192
520.025	0.0192
520.153	0.0192
520.28	0.019
520.408	0.019
520.536	0.019
520.663	0.019
520.792	0.0189
520.92	0.0189
521.047	0.0189
521.175	0.0189
521.303	0.019
521.431	0.019
521.559	0.019
521.703	0.019
521.831	0.0193
521.958	0.0193
522.086	0.0193
522.214	0.0193
522.358	0.0194
522.486	0.0194
522.614	0.0194
522.742	0.0194
522.87	0.0191
522.998	0.0191
523.125	0.0191
523.254	0.0191
523.381	0.0188
523.508	0.0188
523.637	0.0188
523.764	0.0188
523.893	0.0187
524.021	0.0187
524.148	0.0187
524.276	0.0187
524.404	0.0188
524.532	0.0188
524.66	0.0188
524.787	0.0188
524.915	0.0195
525.044	0.0195
525.171	0.0195
525.3	0.0195
525.443	0.0199
525.571	0.0199
525.698	0.0199
525.827	0.0199
525.955	0.0196
526.098	0.0196
526.227	0.0196
526.354	0.0196
526.482	0.019
526.609	0.019
526.754	0.019
526.882	0.019
527.009	0.0183
527.137	0.0183
527.265	0.0183
527.393	0.0183
527.537	0.018
527.664	0.018
527.792	0.018
527.92	0.018
528.048	0.0178
528.192	0.0178
528.32	0.0178
528.448	0.0178
528.575	0.018
528.704	0.018
528.832	0.018
528.975	0.018
529.103	0.0181
529.231	0.0181
529.359	0.0181
529.487	0.0181
529.631	0.0187
529.759	0.0187
529.887	0.0187
530.015	0.0187
530.142	0.0187
530.271	0.0187
530.413	0.0187
530.542	0.0187
530.67	0.0185
530.797	0.0185
530.925	0.0185
531.069	0.0185
531.197	0.0184
531.325	0.0184
531.453	0.0184
531.581	0.0184
531.709	0.0185
531.853	0.0185
531.981	0.0185
532.109	0.0185
532.236	0.0182
532.365	0.0182
532.509	0.0182
532.636	0.0182
532.764	0.0181
532.892	0.0181
533.019	0.0181
533.163	0.0181
533.292	0.0183
533.419	0.0183
533.546	0.0183
533.675	0.0183
533.802	0.0186
533.931	0.0186
534.058	0.0186
534.186	0.0186
534.315	0.0189
534.442	0.0189
534.57	0.0189
534.697	0.0189
534.826	0.019
534.954	0.019
535.097	0.019
535.225	0.019
535.354	0.019
535.481	0.019
535.608	0.019
535.752	0.019
535.881	0.0187
536.008	0.0187
536.136	0.0187
536.265	0.0187
536.392	0.0187
536.52	0.0187
536.647	0.0187
536.775	0.0187
536.903	0.0187
537.031	0.0189
537.159	0.0189
537.287	0.0189
537.415	0.0189
537.543	0.0194
537.687	0.0194
537.814	0.0194
537.943	0.0194
538.07	0.0194
538.198	0.0194
538.342	0.0194
538.47	0.0194
538.598	0.0191
538.725	0.0191
538.853	0.0191
538.997	0.0191
539.125	0.0187
539.253	0.0187
539.381	0.0187
539.508	0.0187
539.637	0.0187
539.781	0.0187
539.908	0.0187
540.036	0.0187
540.164	0.0184
540.291	0.0184
540.435	0.0184
540.563	0.0184
540.691	0.0191
540.82	0.0191
540.947	0.0191
541.075	0.0191
541.219	0.0198
541.347	0.0198
541.475	0.0198
541.603	0.0198
541.73	0.0195
541.875	0.0195
542.002	0.0195
542.129	0.0195
542.258	0.0196
542.386	0.0196
542.513	0.0196
542.657	0.0196
542.785	0.0196
542.913	0.0196
543.041	0.0196
543.169	0.0196
543.312	0.0197
543.44	0.0197
543.569	0.0197
543.697	0.0197
543.824	0.0194
543.952	0.0194
544.08	0.0194
544.208	0.0194
544.335	0.0188
544.464	0.0188
544.591	0.0188
544.719	0.0188
544.847	0.0185
544.975	0.0185
545.119	0.0185
545.247	0.0185
545.375	0.0185
545.502	0.0185
545.631	0.0185
545.758	0.0185
545.902	0.0192
546.031	0.0192
546.158	0.0192
546.286	0.0192
546.413	0.0194
546.557	0.0194
546.686	0.0194
546.813	0.0194
546.941	0.0197
547.069	0.0197
547.197	0.0197
547.34	0.0197
547.469	0.0192
547.596	0.0192
547.724	0.0192
547.852	0.0192
547.996	0.0192
548.124	0.0192
548.251	0.0192
548.38	0.0192
548.507	0.0189
548.634	0.0189
548.763	0.0189
548.891	0.0189
549.018	0.0186
549.146	0.0186
549.275	0.0186
549.402	0.0186
549.531	0.0183
549.659	0.0183
549.786	0.0183
549.914	0.0183
550.042	0.0188
550.17	0.0188
550.297	0.0188
550.426	0.0188
550.553	0.0194
550.681	0.0194
550.809	0.0194
550.937	0.0194
551.065	0.02
551.193	0.02
551.32	0.02
551.448	0.02
551.576	0.0201
551.704	0.0201
551.832	0.0201
551.96	0.0201
552.103	0.0203
552.231	0.0203
552.359	0.0203
552.488	0.0203
552.615	0.0201
552.743	0.0201
552.887	0.0201
553.015	0.0201
553.143	0.0194
553.27	0.0194
553.398	0.0194
553.542	0.0194
553.67	0.0185
553.798	0.0185
553.926	0.0185
554.053	0.0185
554.182	0.0181
554.325	0.0181
554.453	0.0181
554.581	0.0181
554.709	0.0179
554.836	0.0179
554.981	0.0179
555.109	0.0179
555.237	0.0183
555.364	0.0183
555.492	0.0183
555.62	0.0183
555.748	0.0183
555.876	0.0187
556.004	0.0187
556.131	0.0187
556.26	0.0187
556.387	0.0192
556.514	0.0192
556.644	0.0192
556.771	0.0192
556.898	0.0192
557.027	0.0192
557.155	0.0192
557.283	0.0192
557.41	0.0194
557.538	0.0194
557.666	0.0194
557.793	0.0194
557.921	0.0195
558.049	0.0195
558.177	0.0195
558.305	0.0195
558.432	0.0194
558.561	0.0194
558.688	0.0194
558.816	0.0194
558.944	0.0187
559.089	0.0187
559.216	0.0187
559.345	0.0187
559.472	0.0183
559.6	0.0183
559.729	0.0183
559.872	0.0183
560	0.0182
560.128	0.0182
560.256	0.0182
560.383	0.0182
560.527	0.0183
560.655	0.0183
560.783	0.0183
560.911	0.0183
561.039	0.0188
561.166	0.0188
561.295	0.0188
561.422	0.0188
561.55	0.0194
561.679	0.0194
561.806	0.0194
561.933	0.0194
562.062	0.0194
562.19	0.0194
562.318	0.0194
562.461	0.0194
562.589	0.0195
562.717	0.0195
562.845	0.0195
562.973	0.0195
563.116	0.02
563.244	0.02
563.372	0.02
563.5	0.02
563.628	0.02
563.772	0.02
563.899	0.02
564.028	0.02
564.156	0.0195
564.283	0.0195
564.411	0.0195
564.556	0.0195
564.683	0.0193
564.811	0.0193
564.938	0.0193
565.067	0.0193
565.211	0.0192
565.338	0.0192
565.466	0.0192
565.594	0.0192
565.722	0.0194
565.85	0.0194
565.994	0.0194
566.121	0.0194
566.249	0.0188
566.377	0.0188
566.505	0.0188
566.649	0.0188
566.776	0.0187
566.905	0.0187
567.032	0.0187
567.16	0.0187
567.289	0.0188
567.432	0.0188
567.56	0.0188
567.689	0.0188
567.816	0.0183
567.943	0.0183
568.088	0.0183
568.215	0.0183
568.343	0.0179
568.471	0.0179
568.599	0.0179
568.727	0.0179
568.855	0.0184
568.982	0.0184
569.11	0.0184
569.238	0.0184
569.366	0.0191
569.494	0.0191
569.622	0.0191
569.75	0.0191
569.878	0.02
570.006	0.02
570.134	0.02
570.262	0.02
570.389	0.02
570.517	0.0204
570.645	0.0204
570.773	0.0204
570.9	0.0204
571.029	0.0203
571.156	0.0203
571.284	0.0203
571.412	0.0203
571.54	0.0201
571.668	0.0201
571.796	0.0201
571.923	0.0201
572.052	0.0201
572.195	0.0201
572.323	0.0201
572.451	0.0201
572.579	0.0193
572.707	0.0193
572.835	0.0193
572.978	0.0193
573.107	0.0193
573.234	0.0193
573.362	0.0193
573.49	0.0193
573.634	0.0193
573.762	0.0193
573.889	0.0193
574.017	0.0193
574.146	0.0194
574.273	0.0194
574.401	0.0194
574.529	0.0194
574.657	0.02
574.785	0.02
574.912	0.02
575.04	0.02
575.168	0.0203
575.297	0.0203
575.424	0.0203
575.568	0.0203
575.696	0.02
575.824	0.02
575.951	0.02
576.079	0.02
576.223	0.0197
576.351	0.0197
576.479	0.0197
576.607	0.0197
576.735	0.0195
576.862	0.0195
576.99	0.0195
577.118	0.0195
577.246	0.0195
577.374	0.0195
577.502	0.0195
577.629	0.0195
577.757	0.0195
577.885	0.0195
578.029	0.0195
578.156	0.0195
578.284	0.0192
578.413	0.0192
578.54	0.0192
578.669	0.0192
578.812	0.0191
578.94	0.0191
579.068	0.0191
579.196	0.0191
579.323	0.019
579.468	0.019
579.595	0.019
579.724	0.019
579.851	0.0194
579.979	0.0194
580.107	0.0194
580.251	0.0194
580.379	0.0199
580.506	0.0199
580.635	0.0199
580.762	0.0199
580.906	0.0194
581.034	0.0194
581.162	0.0194
581.29	0.0194
581.418	0.0194
581.546	0.0194
581.689	0.0194
581.817	0.0194
581.945	0.0194
582.074	0.0194
582.201	0.0194
582.344	0.0194
582.473	0.0192
582.601	0.0192
582.728	0.0192
582.857	0.0192
582.984	0.0193
583.112	0.0193
583.24	0.0193
583.368	0.0193
583.496	0.0193
583.624	0.0193
583.751	0.0193
583.879	0.0193
584.007	0.019
584.15	0.019
584.279	0.019
584.406	0.019
584.535	0.0196
584.662	0.0196
584.791	0.0196
584.934	0.0196
585.061	0.0203
585.189	0.0203
585.318	0.0203
585.446	0.0203
585.589	0.0208
585.718	0.0208
585.846	0.0208
585.973	0.0208
586.101	0.0204
586.229	0.0204
586.372	0.0204
586.5	0.0204
586.628	0.0198
586.756	0.0198
586.884	0.0198
587.028	0.0198
587.156	0.0194
587.284	0.0194
587.412	0.0194
587.539	0.0194
587.667	0.0189
587.811	0.0189
587.939	0.0189
588.066	0.0189
588.195	0.0186
588.322	0.0186
588.466	0.0186
588.594	0.0186
588.723	0.0185
588.85	0.0185
588.978	0.0185
589.105	0.0185
589.234	0.0185
589.361	0.0192
589.489	0.0192
589.617	0.0192
589.745	0.0192
589.872	0.0201
590	0.0201
590.129	0.0201
590.256	0.0201
590.384	0.0204
590.513	0.0204
590.64	0.0204
590.768	0.0204
590.895	0.0204
591.024	0.0204
591.151	0.0204
591.279	0.0204
591.422	0.0199
591.55	0.0199
591.678	0.0199
591.806	0.0199
591.934	0.0192
592.062	0.0192
592.19	0.0192
592.318	0.0192
592.446	0.0191
592.574	0.0191
592.701	0.0191
592.829	0.0191
592.957	0.0194
593.085	0.0194
593.213	0.0194
593.341	0.0194
593.468	0.0199
593.597	0.0199
593.725	0.0199
593.853	0.0199
593.981	0.02
594.108	0.02
594.236	0.02
594.364	0.02
594.492	0.02
594.62	0.02
594.748	0.02
594.876	0.02
595.004	0.0194
595.131	0.0194
595.26	0.0194
595.387	0.0194
595.515	0.0191
595.643	0.0191
595.771	0.0191
595.898	0.0191
596.027	0.0191
596.155	0.0196
596.283	0.0196
596.41	0.0196
596.538	0.0196
596.666	0.0203
596.794	0.0203
596.922	0.0203
597.05	0.0203
597.178	0.0205
597.305	0.0205
597.433	0.0205
597.561	0.0205
597.69	0.0204
597.833	0.0204
597.961	0.0204
598.089	0.0204
598.217	0.0202
598.344	0.0202
598.472	0.0202
598.616	0.0202
598.744	0.0197
598.872	0.0197
598.999	0.0197
599.127	0.0197
599.271	0.0197
599.399	0.0197
599.527	0.0197
599.655	0.0197
599.783	0.0201
599.911	0.0201
600.054	0.0201
600.182	0.0201
600.31	0.0203
600.438	0.0203
600.566	0.0203
600.709	0.0203
600.837	0.0198
600.965	0.0198
601.093	0.0198
601.221	0.0198
601.349	0.0194
601.477	0.0194
601.605	0.0194
601.733	0.0194
601.861	0.0192
601.989	0.0192
602.117	0.0192
602.244	0.0192
602.372	0.0196
602.499	0.0196
602.627	0.0196
602.755	0.0196
602.884	0.0203
603.012	0.0203
603.139	0.0203
603.267	0.0203
603.395	0.02
603.523	0.02
603.666	0.02
603.795	0.02
603.922	0.0195
604.05	0.0195
604.179	0.0195
604.306	0.0195
604.451	0.0196
604.577	0.0196
604.705	0.0196
604.834	0.0196
604.962	0.0197
605.105	0.0197
605.233	0.0197
605.361	0.0197
605.489	0.0199
605.617	0.0199
605.744	0.0199
605.873	0.0199
606	0.0201
606.128	0.0201
606.256	0.0201
606.384	0.0201
606.512	0.0201
606.64	0.0201
606.767	0.0201
606.895	0.0201
607.024	0.0201
607.151	0.0203
607.279	0.0203
607.407	0.0203
607.535	0.0203
607.662	0.0201
607.791	0.0201
607.919	0.0201
608.046	0.0201
608.174	0.0196
608.302	0.0196
608.429	0.0196
608.557	0.0196
608.686	0.0195
608.813	0.0195
608.94	0.0195
609.069	0.0195
609.197	0.0197
609.325	0.0197
609.453	0.0197
609.581	0.0197
609.708	0.0194
609.837	0.0194
609.964	0.0194
610.092	0.0194
610.22	0.0196
610.364	0.0196
610.491	0.0196
610.62	0.0196
610.747	0.0196
610.875	0.0196
611.003	0.0196
611.146	0.0196
611.275	0.0196
611.403	0.0196
611.531	0.0196
611.659	0.0196
611.803	0.0197
611.931	0.0197
612.058	0.0197
612.186	0.0197
612.313	0.0199
612.442	0.0199
612.585	0.0199
612.713	0.0199
612.841	0.0202
612.969	0.0202
613.097	0.0202
613.241	0.0202
613.369	0.0202
613.496	0.0202
613.624	0.0202
613.752	0.0202
613.88	0.0198
614.008	0.0198
614.136	0.0198
614.265	0.0198
614.392	0.0193
614.52	0.0193
614.647	0.0193
614.775	0.0193
614.904	0.0195
615.047	0.0195
615.175	0.0195
615.303	0.0195
615.431	0.02
615.558	0.02
615.686	0.02
615.83	0.02
615.958	0.0202
616.086	0.0202
616.214	0.0202
616.342	0.0202
616.47	0.02
616.598	0.02
616.725	0.02
616.854	0.02
616.981	0.0198
617.109	0.0198
617.237	0.0198
617.365	0.0198
617.492	0.0195
617.637	0.0195
617.765	0.0195
617.892	0.0195
618.02	0.0188
618.148	0.0188
618.276	0.0188
618.42	0.0188
618.547	0.0193
618.676	0.0193
618.804	0.0193
618.931	0.0193
619.075	0.02
619.203	0.02
619.331	0.02
619.458	0.02
619.586	0.0205
619.715	0.0205
619.858	0.0205
619.986	0.0205
620.114	0.0206
620.242	0.0206
620.37	0.0206
620.513	0.0206
620.641	0.0203
620.769	0.0203
620.896	0.0203
621.025	0.0203
621.153	0.0203
621.281	0.0203
621.408	0.0203
621.536	0.0203
621.664	0.0203
621.791	0.02
621.919	0.02
622.047	0.02
622.176	0.02
622.303	0.0194
622.431	0.0194
622.559	0.0194
622.686	0.0194
622.814	0.0192
622.942	0.0192
623.07	0.0192
623.198	0.0192
623.326	0.0194
623.47	0.0194
623.598	0.0194
623.726	0.0194
623.853	0.0199
623.982	0.0199
624.11	0.0199
624.254	0.0199
624.381	0.0196
624.509	0.0196
624.637	0.0196
624.765	0.0196
624.909	0.0196
625.036	0.0196
625.165	0.0196
625.293	0.0196
625.421	0.0199
625.549	0.0199
625.693	0.0199
625.82	0.0199
625.948	0.0203
626.075	0.0203
626.203	0.0203
626.348	0.0203
626.476	0.0206
626.603	0.0206
626.731	0.0206
626.859	0.0206
626.987	0.0203
627.115	0.0203
627.242	0.0203
627.371	0.0203
627.499	0.0202
627.626	0.0202
627.755	0.0202
627.882	0.0202
628.009	0.0202
628.137	0.0202
628.266	0.0202
628.395	0.0202
628.521	0.0202
628.649	0.0202
628.777	0.0202
628.904	0.0202
629.033	0.02
629.161	0.02
629.288	0.02
629.416	0.02
629.545	0.02
629.673	0.02
629.8	0.02
629.928	0.02
630.056	0.0199
630.184	0.0199
630.311	0.0199
630.456	0.0199
630.583	0.0195
630.711	0.0195
630.838	0.0195
630.967	0.0195
631.095	0.0196
631.238	0.0196
631.367	0.0196
631.494	0.0196
631.622	0.0197
631.751	0.0197
631.893	0.0197
632.021	0.0197
632.149	0.0199
632.277	0.0199
632.405	0.0199
632.533	0.0199
632.677	0.0198
632.805	0.0198
632.933	0.0198
633.06	0.0198
633.188	0.0199
633.332	0.0199
633.46	0.0199
633.588	0.0199
633.716	0.0197
633.844	0.0197
633.971	0.0197
634.1	0.0197
634.227	0.0197
634.355	0.0202
634.483	0.0202
634.611	0.0202
634.739	0.0202
634.866	0.0203
634.994	0.0203
635.122	0.0203
635.251	0.0203
635.379	0.0199
635.506	0.0199
635.634	0.0199
635.762	0.0199
635.89	0.0194
636.017	0.0194
636.145	0.0194
636.289	0.0194
636.417	0.019
636.545	0.019
636.673	0.019
636.8	0.019
636.929	0.0191
637.072	0.0191
637.2	0.0191
637.328	0.0191
637.456	0.0196
637.584	0.0196
637.728	0.0196
637.856	0.0196
637.984	0.0204
638.111	0.0204
638.24	0.0204
638.368	0.0204
638.511	0.0204
638.639	0.0204
638.767	0.0204
638.895	0.0204
639.022	0.02
639.166	0.02
639.294	0.02
639.422	0.02
639.55	0.0195
639.677	0.0195
639.805	0.0195
639.933	0.0195
640.061	0.0196
640.189	0.0196
640.317	0.0196
640.445	0.0196
640.573	0.0203
640.701	0.0203
640.828	0.0203
640.956	0.0203
641.085	0.0212
641.212	0.0212
641.34	0.0212
641.468	0.0212
641.595	0.0212
641.723	0.0212
641.852	0.0212
641.979	0.0212
642.123	0.0207
642.251	0.0207
642.379	0.0207
642.507	0.0207
642.635	0.0204
642.762	0.0204
642.89	0.0204
643.018	0.0204
643.146	0.0204
643.274	0.0204
643.402	0.0204
643.53	0.0204
643.658	0.0201
643.786	0.0201
643.914	0.0201
644.057	0.0201
644.185	0.0203
644.313	0.0203
644.44	0.0203
644.569	0.0203
644.712	0.0208
644.841	0.0208
644.969	0.0208
645.096	0.0208
645.224	0.0205
645.352	0.0205
645.496	0.0205
645.623	0.0205
645.751	0.0203
645.879	0.0203
646.007	0.0203
646.151	0.0203
646.279	0.02
646.406	0.02
646.534	0.02
646.663	0.02
646.79	0.0202
646.919	0.0202
647.046	0.0202
647.174	0.0202
647.302	0.0202
647.429	0.0203
647.558	0.0203
647.685	0.0203
647.813	0.0203
647.941	0.0206
648.069	0.0206
648.197	0.0206
648.325	0.0206
648.453	0.0202
648.58	0.0202
648.708	0.0202
648.836	0.0202
648.964	0.0204
649.108	0.0204
649.235	0.0204
649.364	0.0204
649.491	0.0203
649.619	0.0203
649.747	0.0203
649.892	0.0203
650.018	0.0206
650.147	0.0206
650.275	0.0206
650.403	0.0206
650.546	0.0206
650.674	0.0206
650.802	0.0206
650.93	0.0206
651.057	0.0204
651.186	0.0204
651.329	0.0204
651.457	0.0204
651.586	0.0202
651.713	0.0202
651.841	0.0202
651.985	0.0202
652.112	0.0203
652.24	0.0203
652.369	0.0203
652.497	0.0203
652.625	0.0202
652.768	0.0202
652.895	0.0202
653.024	0.0202
653.151	0.0204
653.279	0.0204
653.423	0.0204
653.551	0.0204
653.679	0.0208
653.807	0.0208
653.935	0.0208
654.062	0.0208
654.191	0.0209
654.318	0.0209
654.446	0.0209
654.574	0.0209
654.702	0.0204
654.83	0.0204
654.958	0.0204
655.085	0.0204
655.213	0.0201
655.341	0.0201
655.469	0.0201
655.598	0.0201
655.725	0.0199
655.853	0.0199
655.98	0.0199
656.109	0.0199
656.236	0.0194
656.38	0.0194
656.508	0.0194
656.636	0.0194
656.764	0.0193
656.892	0.0193
657.019	0.0193
657.163	0.0193
657.291	0.0198
657.419	0.0198
657.546	0.0198
657.674	0.0198
657.818	0.0198
657.946	0.0198
658.074	0.0198
658.201	0.0198
658.329	0.0198
658.457	0.0198
658.585	0.0198
658.713	0.0198
658.841	0.0197
658.969	0.0197
659.096	0.0197
659.225	0.0197
659.352	0.0196
659.48	0.0196
659.608	0.0196
659.736	0.0196
659.865	0.0196
659.992	0.0196
660.12	0.0196
660.248	0.0196
660.376	0.0196
660.504	0.0201
660.631	0.0201
660.76	0.0201
660.888	0.0201
661.015	0.0207
661.143	0.0207
661.271	0.0207
661.399	0.0207
661.527	0.0207
661.655	0.0207
661.783	0.0207
661.927	0.0207
662.055	0.0208
662.183	0.0208
662.31	0.0208
662.438	0.0208
662.566	0.0207
662.71	0.0207
662.838	0.0207
662.965	0.0207
663.094	0.0204
663.221	0.0204
663.365	0.0204
663.493	0.0204
663.621	0.0202
663.748	0.0202
663.877	0.0202
664.004	0.0202
664.132	0.0209
664.26	0.0209
664.388	0.0209
664.515	0.0209
664.643	0.0212
664.771	0.0212
664.9	0.0212
665.027	0.0212
665.155	0.0214
665.283	0.0214
665.411	0.0214
665.539	0.0214
665.667	0.0213
665.795	0.0213
665.922	0.0213
666.05	0.0213
666.178	0.0209
666.306	0.0209
666.434	0.0209
666.562	0.0209
666.69	0.021
666.817	0.021
666.945	0.021
667.073	0.021
667.201	0.0209
667.329	0.0209
667.472	0.0209
667.6	0.0209
667.729	0.0208
667.856	0.0208
667.984	0.0208
668.113	0.0208
668.256	0.0209
668.384	0.0209
668.512	0.0209
668.64	0.0209
668.767	0.0204
668.911	0.0204
669.039	0.0204
669.167	0.0204
669.295	0.0204
669.422	0.0204
669.55	0.0204
669.694	0.0204
669.822	0.0205
669.951	0.0205
670.078	0.0205
670.206	0.0205
670.349	0.0205
670.478	0.0205
670.605	0.0205
670.734	0.0205
670.862	0.0204
670.989	0.0204
671.117	0.0204
671.244	0.0204
671.372	0.0204
671.5	0.0203
671.628	0.0203
671.756	0.0203
671.884	0.0203
672.013	0.0204
672.14	0.0204
672.284	0.0204
672.411	0.0204
672.54	0.0199
672.667	0.0199
672.795	0.0199
672.939	0.0199
673.067	0.0202
673.195	0.0202
673.322	0.0202
673.451	0.0202
673.595	0.021
673.722	0.021
673.851	0.021
673.978	0.021
674.106	0.0209
674.233	0.0209
674.362	0.0209
674.49	0.0209
674.617	0.0207
674.745	0.0207
674.873	0.0207
675.001	0.0207
675.129	0.0205
675.256	0.0205
675.385	0.0205
675.528	0.0205
675.656	0.0202
675.784	0.0202
675.912	0.0202
676.04	0.0202
676.184	0.0205
676.312	0.0205
676.439	0.0205
676.567	0.0205
676.696	0.0209
676.823	0.0209
676.951	0.0209
677.079	0.0209
677.206	0.0208
677.334	0.0208
677.463	0.0208
677.59	0.0208
677.718	0.0201
677.846	0.0201
677.974	0.0201
678.101	0.0201
678.23	0.0195
678.357	0.0195
678.485	0.0195
678.613	0.0195
678.741	0.0195
678.869	0.0195
678.996	0.0195
679.124	0.0195
679.252	0.0204
679.38	0.0204
679.508	0.0204
679.635	0.0204
679.763	0.0212
679.892	0.0212
680.019	0.0212
680.148	0.0212
680.291	0.0213
680.42	0.0213
680.547	0.0213
680.674	0.0213
680.802	0.0211
680.93	0.0211
681.074	0.0211
681.201	0.0211
681.33	0.021
681.457	0.021
681.585	0.021
681.729	0.021
681.857	0.0208
681.986	0.0208
682.113	0.0208
682.24	0.0208
682.369	0.0203
682.496	0.0203
682.624	0.0203
682.752	0.0203
682.88	0.0203
683.008	0.0199
683.135	0.0199
683.264	0.0199
683.391	0.0199
683.52	0.0201
683.664	0.0201
683.792	0.0201
683.919	0.0201
684.047	0.0205
684.175	0.0205
684.319	0.0205
684.448	0.0205
684.575	0.0205
684.703	0.0205
684.831	0.0205
684.959	0.0205
685.086	0.0203
685.214	0.0203
685.342	0.0203
685.47	0.0203
685.597	0.0198
685.726	0.0198
685.854	0.0198
685.981	0.0198
686.125	0.0188
686.253	0.0188
686.381	0.0188
686.508	0.0188
686.636	0.0194
686.765	0.0194
686.909	0.0194
687.036	0.0194
687.164	0.0204
687.291	0.0204
687.419	0.0204
687.564	0.0204
687.691	0.0207
687.819	0.0207
687.947	0.0207
688.075	0.0207
688.202	0.0203
688.33	0.0203
688.459	0.0203
688.586	0.0203
688.714	0.0206
688.842	0.0206
688.97	0.0206
689.097	0.0206
689.225	0.0205
689.354	0.0205
689.482	0.0205
689.61	0.0205
689.737	0.0209
689.865	0.0209
689.993	0.0209
690.12	0.0209
690.249	0.0212
690.376	0.0212
690.521	0.0212
690.648	0.0212
690.776	0.0207
690.903	0.0207
691.031	0.0207
691.16	0.0207
691.304	0.021
691.431	0.021
691.559	0.021
691.688	0.021
691.815	0.0209
691.959	0.0209
692.087	0.0209
692.215	0.0209
692.342	0.0209
692.471	0.0209
692.598	0.0209
692.726	0.0209
692.854	0.0211
692.982	0.0211
693.109	0.0211
693.238	0.0211
693.366	0.021
693.494	0.021
693.621	0.021
693.749	0.021
693.877	0.021
694.005	0.0203
694.132	0.0203
694.261	0.0203
694.389	0.0203
694.516	0.0202
694.644	0.0202
694.772	0.0202
694.915	0.0202
695.043	0.0207
695.171	0.0207
695.299	0.0207
695.428	0.0207
695.555	0.0206
695.699	0.0206
695.827	0.0206
695.955	0.0206
696.082	0.0207
696.21	0.0207
696.354	0.0207
696.482	0.0207
696.61	0.0208
696.737	0.0208
696.866	0.0208
696.993	0.0208
697.122	0.0205
697.25	0.0205
697.377	0.0205
697.506	0.0205
697.633	0.0201
697.761	0.0201
697.889	0.0201
698.017	0.0201
698.145	0.0198
698.288	0.0198
698.416	0.0198
698.544	0.0198
698.672	0.02
698.8	0.02
698.944	0.02
699.071	0.02
699.199	0.0205
699.327	0.0205
699.455	0.0205
699.583	0.0205
699.711	0.0203
699.839	0.0203
699.966	0.0203
700.095	0.0203
700.223	0.0203
700.351	0.0203
700.478	0.0203
700.606	0.0203
700.734	0.0206
700.862	0.0206
700.99	0.0206
701.118	0.0206
701.245	0.0205
701.373	0.0205
701.501	0.0205
701.628	0.0205
701.757	0.0206
701.9	0.0206
702.029	0.0206
702.157	0.0206
702.285	0.0203
702.412	0.0203
702.539	0.0203
702.683	0.0203
702.811	0.0205
702.939	0.0205
703.067	0.0205
703.195	0.0205
703.338	0.0205
703.466	0.0205
703.595	0.0205
703.723	0.0205
703.851	0.0206
703.979	0.0206
704.123	0.0206
704.25	0.0206
704.378	0.0205
704.505	0.0205
704.633	0.0205
704.778	0.0205
704.905	0.0203
705.034	0.0203
705.161	0.0203
705.288	0.0203
705.416	0.0202
705.545	0.0202
705.673	0.0202
705.801	0.0202
705.928	0.0206
706.057	0.0206
706.185	0.0206
706.313	0.0206
706.44	0.0209
706.568	0.0209
706.695	0.0209
706.823	0.0209
706.951	0.0209
707.079	0.0214
707.208	0.0214
707.335	0.0214
707.463	0.0214
707.591	0.0211
707.734	0.0211
707.863	0.0211
707.99	0.0211
708.118	0.0202
708.246	0.0202
708.374	0.0202
708.518	0.0202
708.646	0.02
708.774	0.02
708.902	0.02
709.029	0.02
709.173	0.0204
709.301	0.0204
709.428	0.0204
709.557	0.0204
709.685	0.0205
709.812	0.0205
709.94	0.0205
710.068	0.0205
710.196	0.021
710.324	0.021
710.452	0.021
710.58	0.021
710.707	0.0211
710.835	0.0211
710.963	0.0211
711.091	0.0211
711.218	0.0211
711.347	0.0211
711.475	0.0211
711.603	0.0211
711.73	0.021
711.858	0.021
711.986	0.021
712.115	0.021
712.257	0.0206
712.385	0.0206
712.514	0.0206
712.642	0.0206
712.77	0.0204
712.913	0.0204
713.041	0.0204
713.169	0.0204
713.296	0.0209
713.425	0.0209
713.553	0.0209
713.68	0.0209
713.809	0.0211
713.935	0.0211
714.064	0.0211
714.192	0.0211
714.32	0.0213
714.448	0.0213
714.575	0.0213
714.72	0.0213
714.847	0.021
714.975	0.021
715.103	0.021
715.231	0.021
715.358	0.0209
715.486	0.0209
715.615	0.0209
715.742	0.0209
715.87	0.0206
715.998	0.0206
716.125	0.0206
716.253	0.0206
716.382	0.0204
716.509	0.0204
716.654	0.0204
716.781	0.0204
716.909	0.0203
717.036	0.0203
717.165	0.0203
717.309	0.0203
717.436	0.0202
717.564	0.0202
717.692	0.0202
717.82	0.0202
717.948	0.0204
718.076	0.0204
718.203	0.0204
718.331	0.0204
718.459	0.0204
718.587	0.0199
718.715	0.0199
718.843	0.0199
718.97	0.0199
719.099	0.0198
719.226	0.0198
719.355	0.0198
719.482	0.0198
719.61	0.0197
719.738	0.0197
719.865	0.0197
719.993	0.0197
720.121	0.0204
720.265	0.0204
720.393	0.0204
720.521	0.0204
720.649	0.0206
720.776	0.0206
720.905	0.0206
721.049	0.0206
721.176	0.0201
721.304	0.0201
721.432	0.0201
721.559	0.0201
721.704	0.0195
721.831	0.0195
721.96	0.0195
722.088	0.0195
722.215	0.0193
722.343	0.0193
722.47	0.0193
722.599	0.0193
722.726	0.0195
722.855	0.0195
722.982	0.0195
723.11	0.0195
723.238	0.0199
723.366	0.0199
723.494	0.0199
723.622	0.0199
723.749	0.0206
723.877	0.0206
724.006	0.0206
724.133	0.0206
724.26	0.0209
724.388	0.0209
724.516	0.0209
724.644	0.0209
724.772	0.0208
724.9	0.0208
725.028	0.0208
725.155	0.0208
725.284	0.0203
725.411	0.0203
725.54	0.0203
725.668	0.0203
725.795	0.0195
725.923	0.0195
726.051	0.0195
726.179	0.0195
726.307	0.0195
726.435	0.0193
726.563	0.0193
726.691	0.0193
726.818	0.0193
726.962	0.0194
727.09	0.0194
727.218	0.0194
727.346	0.0194
727.474	0.0192
727.602	0.0192
727.746	0.0192
727.873	0.0192
728.001	0.0199
728.129	0.0199
728.257	0.0199
728.401	0.0199
728.529	0.0204
728.657	0.0204
728.784	0.0204
728.913	0.0204
729.04	0.0211
729.168	0.0211
729.296	0.0211
729.424	0.0211
729.552	0.0209
729.68	0.0209
729.808	0.0209
729.936	0.0209
730.063	0.0201
730.192	0.0201
730.335	0.0201
730.463	0.0201
730.591	0.0194
730.719	0.0194
730.847	0.0194
730.991	0.0194
731.118	0.0194
731.246	0.0194
731.374	0.0194
731.502	0.0194
731.63	0.0197
731.758	0.0197
731.885	0.0197
732.013	0.0197
732.141	0.0198
732.268	0.0198
732.397	0.0198
732.525	0.0198
732.652	0.0199
732.797	0.0199
732.924	0.0199
733.052	0.0199
733.18	0.0198
733.308	0.0198
733.436	0.0198
733.58	0.0198
733.708	0.0196
733.836	0.0196
733.963	0.0196
734.091	0.0196
734.235	0.0199
734.362	0.0199
734.491	0.0199
734.618	0.0199
734.747	0.0202
734.874	0.0202
735.018	0.0202
735.146	0.0202
735.273	0.0205
735.402	0.0205
735.53	0.0205
735.673	0.0205
735.802	0.0209
735.929	0.0209
736.057	0.0209
736.185	0.0209
736.313	0.021
736.456	0.021
736.585	0.021
736.712	0.021
736.84	0.0204
736.967	0.0204
737.112	0.0204
737.24	0.0204
737.367	0.0201
737.496	0.0201
737.624	0.0201
737.751	0.0201
737.88	0.0198
738.007	0.0198
738.135	0.0198
738.262	0.0198
738.39	0.0197
738.518	0.0197
738.646	0.0197
738.774	0.0197
738.919	0.0204
739.046	0.0204
739.174	0.0204
739.302	0.0204
739.43	0.0212
739.558	0.0212
739.702	0.0212
739.829	0.0212
739.957	0.0215
740.085	0.0215
740.213	0.0215
740.357	0.0215
740.485	0.0211
740.612	0.0211
740.741	0.0211
740.868	0.0211
740.996	0.0205
741.14	0.0205
741.267	0.0205
741.395	0.0205
741.523	0.0202
741.65	0.0202
741.795	0.0202
741.923	0.0202
742.05	0.0205
742.179	0.0205
742.306	0.0205
742.433	0.0205
742.562	0.0204
742.689	0.0204
742.818	0.0204
742.945	0.0204
743.073	0.0199
743.201	0.0199
743.329	0.0199
743.457	0.0199
743.584	0.0198
743.712	0.0198
743.841	0.0198
743.969	0.0198
744.096	0.0198
744.224	0.0203
744.353	0.0203
744.481	0.0203
744.608	0.0203
744.736	0.0202
744.864	0.0202
744.992	0.0202
745.12	0.0202
745.248	0.0202
745.375	0.0202
745.503	0.0202
745.631	0.0202
745.759	0.0203
745.887	0.0203
746.014	0.0203
746.143	0.0203
746.271	0.0203
746.398	0.0203
746.526	0.0203
746.654	0.0203
746.782	0.0201
746.91	0.0201
747.053	0.0201
747.182	0.0201
747.309	0.0203
747.438	0.0203
747.566	0.0203
747.693	0.0203
747.837	0.0203
747.965	0.0203
748.093	0.0203
748.221	0.0203
748.349	0.0206
748.492	0.0206
748.62	0.0206
748.748	0.0206
748.876	0.0206
749.003	0.0206
749.131	0.0206
749.259	0.0206
749.388	0.0206
749.516	0.0206
749.643	0.0206
749.77	0.0206
749.899	0.0206
750.026	0.0206
750.155	0.0206
750.282	0.0206
750.427	0.0207
750.554	0.0207
750.682	0.0207
750.809	0.0207
750.938	0.0209
751.082	0.0209
751.21	0.0209
751.337	0.0209
751.466	0.0207
751.593	0.0207
751.72	0.0207
751.849	0.0207
751.977	0.0203
752.104	0.0203
752.232	0.0203
752.36	0.0203
752.488	0.0203
752.616	0.0203
752.744	0.0203
752.872	0.0203
753	0.0203
753.128	0.0203
753.255	0.0203
753.383	0.0203
753.511	0.0203
753.638	0.0204
753.767	0.0204
753.895	0.0204
754.038	0.0204
754.166	0.02
754.294	0.02
754.422	0.02
754.55	0.02
754.678	0.0198
754.806	0.0198
754.934	0.0198
755.061	0.0198
755.19	0.02
755.317	0.02
755.446	0.02
755.573	0.02
755.701	0.0203
755.829	0.0203
755.972	0.0203
756.101	0.0203
756.228	0.0205
756.356	0.0205
756.484	0.0205
756.628	0.0205
756.756	0.0206
756.884	0.0206
757.011	0.0206
757.14	0.0206
757.267	0.0212
757.396	0.0212
757.523	0.0212
757.651	0.0212
757.779	0.0211
757.906	0.0211
758.034	0.0211
758.163	0.0211
758.29	0.0205
758.418	0.0205
758.545	0.0205
758.674	0.0205
758.801	0.0207
758.93	0.0207
759.058	0.0207
759.185	0.0207
759.313	0.0209
759.441	0.0209
759.585	0.0209
759.713	0.0209
759.84	0.0205
759.968	0.0205
760.096	0.0205
760.224	0.0205
760.368	0.0196
760.496	0.0196
760.624	0.0196
760.751	0.0196
760.879	0.0195
761.023	0.0195
761.151	0.0195
761.279	0.0195
761.407	0.0195
761.535	0.0195
761.663	0.0195
761.807	0.0195
761.935	0.0197
762.063	0.0197
762.191	0.0197
762.318	0.0197
762.462	0.02
762.59	0.02
762.718	0.02
762.846	0.02
762.974	0.0198
763.101	0.0198
763.229	0.0198
763.357	0.0198
763.485	0.0201
763.613	0.0201
763.741	0.0201
763.869	0.0201
763.996	0.0203
764.125	0.0203
764.252	0.0203
764.38	0.0203
764.508	0.0203
764.636	0.0203
764.763	0.0203
764.892	0.0203
765.02	0.0203
765.147	0.0203
765.275	0.0203
765.403	0.0203
765.531	0.0203
765.659	0.0204
765.786	0.0204
765.914	0.0204
766.042	0.0204
766.17	0.0202
766.298	0.0202
766.426	0.0202
766.554	0.0202
766.682	0.0205
766.809	0.0205
766.938	0.0205
767.065	0.0205
767.194	0.0211
767.321	0.0211
767.449	0.0211
767.577	0.0211
767.72	0.0214
767.849	0.0214
767.976	0.0214
768.104	0.0214
768.232	0.0215
768.361	0.0215
768.503	0.0215
768.632	0.0215
768.76	0.0218
768.888	0.0218
769.016	0.0218
769.159	0.0218
769.286	0.0217
769.415	0.0217
769.543	0.0217
769.671	0.0217
769.799	0.0212
769.942	0.0212
770.07	0.0212
770.198	0.0212
770.326	0.021
770.453	0.021
770.598	0.021
770.725	0.021
770.853	0.0206
770.981	0.0206
771.109	0.0206
771.237	0.0206
771.365	0.0206
771.493	0.0206
771.621	0.0206
771.749	0.0206
771.876	0.0209
772.003	0.0209
772.132	0.0209
772.26	0.0209
772.388	0.0206
772.515	0.0206
772.643	0.0206
772.771	0.0206
772.899	0.0203
773.027	0.0203
773.155	0.0203
773.283	0.0203
773.41	0.0202
773.554	0.0202
773.683	0.0202
773.809	0.0202
773.938	0.0205
774.066	0.0205
774.194	0.0205
774.337	0.0205
774.466	0.0207
774.593	0.0207
774.72	0.0207
774.848	0.0207
774.992	0.0214
775.12	0.0214
775.248	0.0214
775.376	0.0214
775.504	0.0215
775.631	0.0215
775.76	0.0215
775.887	0.0215
776.016	0.0215
776.144	0.0215
776.272	0.0215
776.4	0.0215
776.527	0.0215
776.656	0.022
776.783	0.022
776.911	0.022
777.039	0.022
777.166	0.0221
777.295	0.0221
777.422	0.0221
777.551	0.0221
777.678	0.0221
777.806	0.0221
777.934	0.0221
778.077	0.0221
778.206	0.0219
778.334	0.0219
778.462	0.0219
778.589	0.0219
778.733	0.0214
778.861	0.0214
778.989	0.0214
779.117	0.0214
779.244	0.0206
779.388	0.0206
779.516	0.0206
779.644	0.0206
779.772	0.0209
779.9	0.0209
780.028	0.0209
780.172	0.0209
780.299	0.0209
780.427	0.0209
780.555	0.0209
780.683	0.0209
780.827	0.0212
780.955	0.0212
781.082	0.0212
781.211	0.0212
781.338	0.0213
781.466	0.0213
781.595	0.0213
781.722	0.0213
781.849	0.0214
781.978	0.0214
782.106	0.0214
782.234	0.0214
782.362	0.0212
782.489	0.0212
782.618	0.0212
782.761	0.0212
782.889	0.0213
783.017	0.0213
783.144	0.0213
783.273	0.0213
783.416	0.0215
783.544	0.0215
783.672	0.0215
783.8	0.0215
783.928	0.0141
784.056	0.0141
784.2	0.0141
784.328	0.0141
784.455	0.0011
784.584	0.0011
784.711	0.0011
784.855	0.0011
784.983	0
785.111	0
785.239	0
785.366	0
785.494	0
785.622	0
785.75	0
785.878	0
786.005	-0
786.133	-0
786.261	-0
786.389	-0
786.517	0
786.645	0
786.773	0
786.901	0
787.028	-0
787.157	-0
787.285	-0
787.412	-0
787.539	-0
787.667	-0
787.796	-0
787.923	-0
788.052	-0
788.179	-0
788.307	-0
788.435	-0
788.563	-0
788.691	-0
788.819	-0
788.947	-0
789.075	-0
789.202	-0
789.331	-0
789.458	-0
789.587	-0
789.714	0
789.842	0
789.969	0
790.097	0
790.225	0
790.353	0
790.482	0
790.609	0
790.737	-0
790.865	-0
790.992	-0
791.12	-0
791.248	0
791.376	0
791.504	0
791.632	0
791.759	0
791.888	0
792.015	0
792.143	0
792.271	-0
792.399	-0
792.527	-0
792.654	-0
792.782	-0
792.91	-0
793.038	-0
793.166	-0
793.294	0
793.422	0
793.549	0
793.677	0
793.805	0
793.933	0
794.061	0
794.189	0
794.318	0
794.444	0
794.572	0
794.701	0
794.828	0
794.956	0
795.085	0
795.212	0
795.34	0
795.468	0
795.595	0
795.724	0
795.867	0
795.995	0
796.123	0
796.251	0
796.378	0
796.507	0
796.634	0
796.762	0
796.891	0
797.018	0
797.146	0
797.273	0
797.402	0
797.53	0
797.657	0
797.785	0
797.913	0
798.041	0
798.169	0
798.296	0
798.424	0
798.552	0
798.68	0
798.808	0
798.936	0
799.064	0
799.193	0
799.319	0
799.447	0
799.575	0
799.703	0
799.832	0
799.959	0
800.087	0
800.215	0
800.342	0
800.47	0
800.599	0
800.726	0
800.854	0
800.981	0
801.11	0
801.238	-0
801.365	-0
801.493	-0
801.621	-0
801.749	0
801.877	0
802.005	0
802.133	0
802.26	0
802.388	0
802.516	0
802.644	0
802.772	0
802.9	0
803.027	0
803.155	0
803.283	0
803.411	0
803.539	0
803.667	0
803.795	0
803.924	0
804.051	0
804.179	0
804.307	-0
804.435	-0
804.578	-0
804.707	-0
804.834	0
804.963	0
805.09	0
805.217	0
805.346	0
805.473	0
805.601	0
805.73	0
805.858	0
805.985	0
806.113	0
806.241	0
806.385	0
806.513	0
806.641	0
806.768	0
806.896	0
807.024	0
807.152	0
807.279	0
807.408	0
807.535	0
807.664	0
807.791	0
807.919	-0
808.047	-0
808.175	-0
808.302	-0
808.431	-0
808.558	0
808.687	0
808.815	0
808.942	0
809.069	0
809.198	0
809.326	0
809.453	0
809.582	0
809.709	0
809.838	0
809.965	0
810.092	0
810.221	0
810.348	0
810.477	0
810.604	0
810.732	0
810.86	0
810.989	0
811.116	-0
811.244	-0
811.372	-0
811.5	-0
811.627	0
811.755	0
811.883	0
812.011	0
812.139	0
812.267	0
812.395	0
812.523	0
812.65	0
812.778	0
812.906	0
813.034	0
813.162	0
813.289	0
813.418	0
813.545	0
813.673	0
813.801	0
813.945	0
814.073	0
814.2	-0
814.329	-0
814.457	-0
814.584	-0
814.712	-0
814.84	0
814.968	0
815.096	0
815.224	0
815.351	0
815.48	0
815.608	0
815.735	0
815.863	0
815.991	0
