2017-05-12T13:54:52.599+02:00
Time	val0
s	A
0	0
0.128473	0
0.255958	0
0.383625	0
0.511835	0
0.639799	0
0.767786	0
0.895162	0
1.02365	0
1.15163	0
1.27868	0
1.40724	0
1.53549	0
1.66329	0
1.79109	0
1.91915	0
2.04762	0
2.1751	0
2.30298	0
2.43148	0
2.57467	0
2.70303	0
2.83102	0
2.9585	0
3.08664	0
3.21387	0
3.34234	0
3.4708	0
3.59868	0
3.72617	0
3.85471	0
3.98172	0
4.11013	0
4.2386	0
4.3663	-0
4.4941	-0
4.62217	-0
4.74966	-0
4.87812	0
5.00551	0
5.1335	0
5.26196	0
5.38912	0
5.51734	0
5.64508	0
5.77407	0
5.90157	0
6.02958	0
6.1571	0
6.28514	0
6.41352	0
6.54104	0
6.66952	0
6.8131	0
6.94062	0
7.06942	0
7.19636	0
7.32445	0
7.46865	0
7.596	0
7.72432	0
7.85291	0
7.98041	0
8.10825	0
8.23581	0
8.36444	0
8.49166	0
8.61997	0
8.74755	0
8.87607	0
9.00398	0
9.13146	0
9.25993	0
9.38742	0
9.51519	0
9.64365	0
9.77153	0
9.89929	0
10.0271	0
10.1553	0
10.2837	0.0999
10.4271	0.0999
10.5546	0.0999
10.6828	0.0999
10.8104	0.1394
10.9388	0.1394
11.067	0.1394
11.1942	0.1394
11.322	0.1424
11.4507	0.1424
11.578	0.1424
11.7065	0.1424
11.8341	0.1419
11.9619	0.1419
12.0901	0.1419
12.2181	0.1419
12.3456	0.1419
12.474	0.1413
12.6015	0.1413
12.7296	0.1413
12.8581	0.1413
12.9856	0.1411
13.1135	0.1411
13.241	0.1411
13.3694	0.1411
13.4967	0.1409
13.6253	0.1409
13.7528	0.1409
13.8812	0.1409
14.0092	0.1409
14.1366	0.1409
14.2651	0.1409
14.3926	0.1409
14.5208	0.1408
14.6486	0.1408
14.7761	0.1408
14.9044	0.1408
15.0328	0.1408
15.1603	0.1408
15.2887	0.1408
15.4159	0.1408
15.5444	0.1407
15.6719	0.1407
15.8	0.1407
15.9273	0.1407
16.0557	0.1406
16.1842	0.1406
16.3122	0.1406
16.4397	0.1406
16.5672	0.1407
16.6957	0.1407
16.8236	0.1407
16.9511	0.1407
17.0795	0.1405
17.2068	0.1405
17.3349	0.1405
17.4634	0.1405
17.5908	0.1407
17.7187	0.1407
17.8472	0.1407
17.9747	0.1407
18.1028	0.1407
18.2305	0.1405
18.3585	0.1405
18.487	0.1405
18.6149	0.1405
18.7424	0.1408
18.8699	0.1408
18.9983	0.1408
19.1264	0.1408
19.2541	0.141
19.3821	0.141
19.5097	0.141
19.6384	0.141
19.7664	0.1489
19.8935	0.1489
20.0216	0.1489
20.1501	0.1489
20.2777	0.1485
20.4059	0.1485
20.5336	0.1485
20.6612	0.1485
20.7899	0.1453
20.9169	0.1453
21.0452	0.1453
21.1729	0.1453
21.301	0.1438
21.4286	0.1438
21.5573	0.1438
21.6853	0.1438
21.8125	0.1435
21.9407	0.1435
22.0691	0.1435
22.1966	0.1435
22.3245	0.1428
22.453	0.1428
22.5805	0.1428
22.7086	0.1428
22.8368	0.1431
22.9643	0.1431
23.0928	0.1431
23.2206	0.1431
23.3481	0.1437
23.4767	0.1437
23.6042	0.1437
23.7315	0.1437
23.8598	0.1437
23.9884	0.1426
24.1158	0.1426
24.2438	0.1426
24.3717	0.1426
24.4996	0.142
24.6278	0.142
24.7557	0.142
24.884	0.142
25.0111	0.1417
25.1389	0.1417
25.2674	0.1417
25.3949	0.1417
25.5238	0.1422
25.6513	0.1422
25.779	0.1422
25.907	0.1422
26.0349	0.1413
26.1629	0.1413
26.2909	0.1413
26.4182	0.1413
26.5465	0.1421
26.674	0.1421
26.8026	0.1421
26.9307	0.1421
27.0583	0.1432
27.1863	0.1432
27.3134	0.1432
27.4412	0.1432
27.5696	0.1431
27.6981	0.1431
27.8255	0.1431
27.9532	0.1431
28.0822	0.143
28.2096	0.143
28.338	0.143
28.4656	0.143
28.5932	0.143
28.7207	0.143
28.8499	0.143
28.977	0.143
29.1055	0.1428
29.2326	0.1428
29.3602	0.1428
29.4887	0.1428
29.6159	0.1428
29.7444	0.1428
29.873	0.1428
30.0005	0.1428
30.1279	0.1428
30.257	0.1427
30.3845	0.1427
30.512	0.1427
30.6399	0.1427
30.7684	0.1427
30.8959	0.1427
31.0241	0.1427
31.152	0.1427
31.2805	0.1425
31.408	0.1425
31.5353	0.1425
31.6633	0.1425
31.7918	0.1425
31.9189	0.1425
32.0472	0.1425
32.1747	0.1425
32.3032	0.1425
32.4305	0.1425
32.5595	0.1425
32.687	0.1425
32.8145	0.1424
32.9424	0.1424
33.0709	0.1424
33.1993	0.1424
33.3267	0.1426
33.4553	0.1426
33.5823	0.1426
33.7108	0.1426
33.8387	0.1427
33.9662	0.1427
34.0946	0.1427
34.2221	0.1427
34.3499	0.1427
34.4779	0.1427
34.6062	0.1427
34.7335	0.1427
34.8618	0.1427
34.9898	0.1427
35.1182	0.1427
35.2453	0.1427
35.3742	0.1427
35.5014	0.1429
35.629	0.1429
35.7573	0.1429
35.8859	0.1429
36.0134	0.143
36.1414	0.143
36.2688	0.143
36.3975	0.143
36.5251	0.1429
36.6523	0.1429
36.781	0.1429
36.9089	0.1429
37.0368	0.1427
37.1649	0.1427
37.2922	0.1427
37.4202	0.1427
37.5479	0.1425
37.6768	0.1425
37.8048	0.1425
37.932	0.1425
38.0596	0.1426
38.1883	0.1426
38.3156	0.1426
38.4442	0.1426
38.5716	0.1425
38.6999	0.1425
38.8269	0.1425
38.9559	0.1425
39.0834	0.1424
39.2119	0.1424
39.3397	0.1424
39.4668	0.1424
39.5953	0.1423
39.7237	0.1423
39.8515	0.1423
39.9794	0.1423
40.1074	0.1423
40.2347	0.1423
40.3629	0.1423
40.4914	0.1423
40.6189	0.1424
40.747	0.1424
40.875	0.1424
41.0024	0.1424
41.1298	0.1424
41.2587	0.1424
41.3861	0.1424
41.5146	0.1424
41.6421	0.1424
41.7701	0.1424
41.8986	0.1424
42.0261	0.1424
42.154	0.1424
42.2825	0.1425
42.41	0.1425
42.5372	0.1425
42.6653	0.1425
42.7938	0.1424
42.9218	0.1424
43.05	0.1424
43.1775	0.1424
43.3052	0.1422
43.4331	0.1422
43.561	0.1422
43.6895	0.1422
43.8171	0.1423
43.9449	0.1423
44.0727	0.1423
44.2013	0.1423
44.3291	0.1424
44.4569	0.1424
44.5852	0.1424
44.713	0.1424
44.8409	0.1423
44.9692	0.1423
45.0968	0.1423
45.2244	0.1423
45.3526	0.1421
45.4806	0.1421
45.608	0.1421
45.7359	0.1421
45.8642	0.142
45.9922	0.142
46.1198	0.142
46.2482	0.142
46.376	0.142
46.5035	0.142
46.6321	0.142
46.7601	0.142
46.8871	0.142
47.0151	0.142
47.1434	0.142
47.2714	0.142
47.3994	0.142
47.5274	0.142
47.6553	0.142
47.7828	0.142
47.9107	0.142
48.0383	0.1421
48.1662	0.1421
48.2955	0.1421
48.4226	0.1421
48.5504	0.1422
48.6784	0.1422
48.8064	0.1422
48.9344	0.1422
49.0629	0.1421
49.1905	0.1421
49.318	0.1421
49.4462	0.1421
49.5744	0.142
49.7019	0.142
49.8304	0.142
49.9583	0.142
50.0858	0.1421
50.2133	0.1421
50.3413	0.1421
50.4696	0.1421
50.5971	0.142
50.7256	0.142
50.8534	0.142
50.981	0.142
51.1095	0.1419
51.2369	0.1419
51.3648	0.1419
51.4928	0.1419
51.6208	0.1416
51.749	0.1416
51.8764	0.1416
52.0044	0.1416
52.1329	0.1412
52.2616	0.1412
52.3886	0.1412
52.5161	0.1412
52.6445	0.1412
52.7723	0.1409
52.9003	0.1409
53.0288	0.1409
53.1557	0.1409
53.2839	0.1408
53.4125	0.1408
53.5398	0.1408
53.6675	0.1408
53.7955	0.141
53.9234	0.141
54.0512	0.141
54.179	0.141
54.3075	0.141
54.4352	0.141
54.5631	0.141
54.6915	0.141
54.8194	0.141
54.9469	0.141
55.0755	0.141
55.2029	0.141
55.3314	0.1411
55.4593	0.1411
55.5867	0.1411
55.715	0.1411
55.8425	0.1413
55.9704	0.1413
56.0986	0.1413
56.2263	0.1413
56.3547	0.1414
56.4823	0.1414
56.6107	0.1414
56.7385	0.1414
56.8664	0.1411
56.9944	0.1411
57.1219	0.1411
57.2496	0.1411
57.3774	0.1409
57.5058	0.1409
57.6343	0.1409
57.7622	0.1409
57.8892	0.1408
58.0176	0.1408
58.1457	0.1408
58.2737	0.1408
58.4012	0.1407
58.5297	0.1407
58.657	0.1407
58.7851	0.1407
58.9131	0.1407
59.0411	0.1405
59.169	0.1405
59.2969	0.1405
59.4249	0.1405
59.552	0.1404
59.6803	0.1404
59.8087	0.1404
59.9367	0.1404
60.0651	0.1403
60.1926	0.1403
60.3201	0.1403
60.4485	0.1403
60.5764	0.1402
60.7039	0.1402
60.8324	0.1402
60.9591	0.1402
61.0878	0.14
61.2162	0.14
61.3437	0.14
61.4708	0.14
61.5998	0.1401
61.7273	0.1401
61.8549	0.1401
61.9827	0.1401
62.1111	0.14
62.2396	0.14
62.3675	0.14
62.495	0.14
62.6235	0.1397
62.7512	0.1397
62.8786	0.1397
63.0069	0.1397
63.1349	0.1396
63.2632	0.1396
63.3912	0.1396
63.5192	0.1396
63.6462	0.1397
63.7741	0.1397
63.9031	0.1397
64.0301	0.1397
64.1586	0.1396
64.2865	0.1396
64.4144	0.1396
64.5415	0.1396
64.6695	0.1396
64.798	0.1395
64.926	0.1395
65.0537	0.1395
65.1816	0.1395
65.3103	0.1392
65.4374	0.1392
65.5657	0.1392
65.6938	0.1392
65.8217	0.1391
65.9492	0.1391
66.0776	0.1391
66.2051	0.1391
66.3336	0.1391
66.4607	0.1391
66.5882	0.1391
66.7176	0.1391
66.8451	0.1391
66.973	0.1391
67.1005	0.1391
67.229	0.1391
67.3566	0.139
67.4841	0.139
67.613	0.139
67.7405	0.139
67.8678	0.1389
67.9967	0.1389
68.1248	0.1389
68.2524	0.1389
68.3804	0.1387
68.5087	0.1387
68.6362	0.1387
68.7641	0.1387
68.8916	0.1386
69.0206	0.1386
69.1481	0.1386
69.276	0.1386
69.4035	0.1384
69.5319	0.1384
69.6592	0.1384
69.7873	0.1384
69.9153	0.1379
70.0437	0.1379
70.1713	0.1379
70.2994	0.1379
70.4269	0.1379
70.555	0.1374
70.6829	0.1374
70.8113	0.1374
70.9385	0.1374
71.0661	0.1373
71.195	0.1373
71.3224	0.1373
71.4509	0.1373
71.5784	0.1372
71.7069	0.1372
71.8347	0.1372
71.9624	0.1372
72.0903	0.1373
72.2187	0.1373
72.3457	0.1373
72.4735	0.1373
72.6018	0.1373
72.7302	0.1373
72.8577	0.1373
72.9855	0.1373
73.114	0.1371
73.2417	0.1371
73.3694	0.1371
73.4976	0.1371
73.6251	0.1372
73.7536	0.1372
73.8814	0.1372
74.0099	0.1372
74.1374	0.137
74.265	0.137
74.3929	0.137
74.5213	0.137
74.6488	0.137
74.7771	0.137
74.9051	0.137
75.0326	0.137
75.1601	0.137
75.2891	0.137
75.4166	0.137
75.544	0.137
75.6722	0.1369
75.8004	0.1369
75.9279	0.1369
76.0555	0.1369
76.184	0.1369
76.3126	0.1367
76.4402	0.1367
76.5676	0.1367
76.6958	0.1367
76.8244	0.1363
76.9677	0.1363
77.0958	0.1363
77.2233	0.1363
77.3519	0.1359
77.4793	0.1359
77.6077	0.1359
77.7354	0.1359
77.8634	0.1356
77.9908	0.1356
78.1183	0.1356
78.2468	0.1356
78.3751	0.1355
78.5027	0.1355
78.6312	0.1355
78.7582	0.1355
78.8862	0.1355
79.0152	0.1355
79.142	0.1355
79.2704	0.1355
79.3989	0.1357
79.5265	0.1357
79.6544	0.1357
79.7825	0.1357
79.9105	0.1355
80.0385	0.1355
80.1655	0.1355
80.2945	0.1355
80.4225	0.1354
80.5495	0.1354
80.6777	0.1354
80.8054	0.1354
80.9333	0.1352
81.0611	0.1352
81.19	0.1352
81.318	0.1352
81.4451	0.1349
81.5725	0.1349
81.701	0.1349
81.829	0.1349
81.9567	0.1347
82.0853	0.1347
82.213	0.1347
82.3415	0.1347
82.469	0.1344
82.597	0.1344
82.7245	0.1344
82.8526	0.1344
82.9809	0.1344
83.1083	0.1342
83.2368	0.1342
83.3649	0.1342
83.4923	0.1342
83.6208	0.1341
83.748	0.1341
83.876	0.1341
84.004	0.1341
84.1315	0.1338
84.2597	0.1338
84.3877	0.1338
84.5162	0.1338
84.6437	0.1339
84.7716	0.1339
84.8997	0.1339
85.0277	0.1339
85.1548	0.1339
85.283	0.1339
85.4115	0.1339
85.539	0.1339
85.6669	0.1336
85.7955	0.1336
85.9235	0.1336
86.0508	0.1336
86.1786	0.1331
86.3067	0.1331
86.4352	0.1331
86.5627	0.1331
86.6903	0.1328
86.8187	0.1328
86.9467	0.1328
87.0741	0.1328
87.2026	0.1326
87.3301	0.1326
87.4582	0.1326
87.5854	0.1326
87.7139	0.1326
87.8424	0.1326
87.9693	0.1326
88.0978	0.1326
88.2253	0.1324
88.3535	0.1324
88.4814	0.1324
88.6098	0.1324
88.7373	0.1324
88.8656	0.1324
88.9941	0.1324
89.121	0.1324
89.2495	0.1324
89.3765	0.1319
89.505	0.1319
89.6326	0.1319
89.7607	0.1319
89.8885	0.1315
90.0168	0.1315
90.1443	0.1315
90.2727	0.1315
90.4005	0.1314
90.5286	0.1314
90.6561	0.1314
90.7846	0.1314
90.9116	0.1316
91.0396	0.1316
91.1688	0.1316
91.2959	0.1316
91.4244	0.1316
91.5519	0.1316
91.6798	0.1316
91.8082	0.1316
91.9362	0.1314
92.063	0.1314
92.1912	0.1314
92.3197	0.1314
92.4472	0.1311
92.5753	0.1311
92.7028	0.1311
92.8313	0.1311
92.9588	0.1309
93.0867	0.1309
93.2151	0.1309
93.3426	0.1309
93.4709	0.1316
93.599	0.1316
93.7265	0.1316
93.8549	0.1316
93.9828	0.1354
94.1102	0.1354
94.2374	0.1354
94.3661	0.1354
94.4937	0.1354
94.6221	0.1377
94.7505	0.1377
94.8779	0.1377
95.0059	0.1377
95.1336	0.1381
95.2608	0.1381
95.389	0.1381
95.5172	0.1381
95.6451	0.1377
95.7736	0.1377
95.9013	0.1377
96.029	0.1377
96.1579	0.1357
96.2858	0.1357
96.4138	0.1357
96.5413	0.1357
96.6687	0.1338
96.7968	0.1338
96.9253	0.1338
97.0529	0.1338
97.1813	0.1336
97.3084	0.1336
97.4368	0.1336
97.5643	0.1336
97.6932	0.1344
97.8207	0.1344
97.9482	0.1344
98.0763	0.1344
98.2042	0.1345
98.3327	0.1345
98.4754	0.1345
98.6047	0.1345
98.7322	0.1329
98.8601	0.1329
98.9885	0.1329
99.116	0.1329
99.2434	0.1316
99.372	0.1316
99.4998	0.1316
99.6273	0.1316
99.7558	0.1302
99.883	0.1302
100.011	0.1302
100.14	0.1302
100.268	0.1287
100.396	0.1287
100.523	0.1287
100.651	0.1287
100.779	0.1278
100.907	0.1278
101.034	0.1278
101.163	0.1278
101.292	0.1273
101.419	0.1273
101.547	0.1273
101.674	0.1273
101.802	0.1273
101.931	0.127
102.058	0.127
102.186	0.127
102.314	0.127
102.441	0.1269
102.57	0.1269
102.698	0.1269
102.826	0.1269
102.954	0.1268
103.082	0.1268
103.21	0.1268
103.337	0.1268
103.465	0.1268
103.594	0.1268
103.722	0.1268
103.849	0.1268
103.977	0.1267
104.105	0.1267
104.233	0.1267
104.361	0.1267
104.489	0.1264
104.617	0.1264
104.745	0.1264
104.873	0.1264
105.001	0.1262
105.128	0.1262
105.257	0.1262
105.384	0.1262
105.512	0.126
105.641	0.126
105.768	0.126
105.896	0.126
106.024	0.1259
106.152	0.1259
106.28	0.1259
106.408	0.1259
106.536	0.1258
106.664	0.1258
106.791	0.1258
106.92	0.1258
107.048	0.1255
107.175	0.1255
107.304	0.1255
107.432	0.1255
107.56	0.1255
107.687	0.1254
107.815	0.1254
107.943	0.1254
108.071	0.1254
108.199	0.1255
108.327	0.1255
108.455	0.1255
108.583	0.1255
108.711	0.1253
108.839	0.1253
108.966	0.1253
109.095	0.1253
109.223	0.1251
109.35	0.1251
109.479	0.1251
109.622	0.1251
109.751	0.1249
109.878	0.1249
110.006	0.1249
110.134	0.1249
110.262	0.1249
110.389	0.1249
110.517	0.1249
110.646	0.1249
110.774	0.1248
110.902	0.1248
111.03	0.1248
111.157	0.1248
111.285	0.1247
111.414	0.1247
111.541	0.1247
111.669	0.1247
111.797	0.1244
111.925	0.1244
112.053	0.1244
112.181	0.1244
112.308	0.1243
112.436	0.1243
112.565	0.1243
112.692	0.1243
112.821	0.1242
112.949	0.1242
113.076	0.1242
113.205	0.1242
113.332	0.1241
113.461	0.1241
113.588	0.1241
113.716	0.1241
113.844	0.1241
113.972	0.1241
114.099	0.1241
114.228	0.1241
114.355	0.1241
114.484	0.1241
114.612	0.1241
114.74	0.1241
114.868	0.1241
114.995	0.1241
115.122	0.1241
115.251	0.1241
115.379	0.1241
115.507	0.124
115.635	0.124
115.763	0.124
115.891	0.124
116.018	0.1239
116.147	0.1239
116.274	0.1239
116.403	0.1239
116.531	0.1237
116.659	0.1237
116.786	0.1237
116.914	0.1237
117.042	0.1235
117.17	0.1235
117.297	0.1235
117.427	0.1235
117.554	0.1233
117.682	0.1233
117.81	0.1233
117.937	0.1233
118.066	0.1233
118.193	0.1233
118.321	0.1233
118.449	0.1233
118.577	0.1231
118.705	0.1231
118.833	0.1231
118.961	0.1231
119.089	0.1232
119.217	0.1232
119.345	0.1232
119.473	0.1232
119.601	0.1232
119.729	0.1233
119.856	0.1233
119.985	0.1233
120.113	0.1233
120.241	0.1231
120.368	0.1231
120.496	0.1231
120.624	0.1231
120.753	0.1229
120.88	0.1229
121.008	0.1229
121.136	0.1229
121.264	0.1228
121.392	0.1228
121.519	0.1228
121.647	0.1228
121.776	0.1226
121.904	0.1226
122.031	0.1226
122.16	0.1226
122.287	0.1227
122.415	0.1227
122.544	0.1227
122.671	0.1227
122.799	0.1228
122.928	0.1228
123.055	0.1228
123.183	0.1228
123.31	0.1224
123.439	0.1224
123.567	0.1224
123.695	0.1224
123.823	0.1222
123.95	0.1222
124.079	0.1222
124.206	0.1222
124.334	0.122
124.463	0.122
124.591	0.122
124.719	0.122
124.846	0.1221
124.974	0.1221
125.102	0.1221
125.23	0.1221
125.358	0.1221
125.486	0.122
125.614	0.122
125.742	0.122
125.869	0.122
125.998	0.1223
126.125	0.1223
126.253	0.1223
126.382	0.1223
126.509	0.1223
126.638	0.1223
126.764	0.1223
126.893	0.1223
127.021	0.1221
127.149	0.1221
127.277	0.1221
127.405	0.1221
127.533	0.122
127.677	0.122
127.805	0.122
127.933	0.122
128.061	0.1221
128.189	0.1221
128.316	0.1221
128.444	0.1221
128.572	0.1219
128.7	0.1219
128.829	0.1219
128.956	0.1219
129.084	0.1222
129.211	0.1222
129.339	0.1222
129.468	0.1222
129.596	0.1222
129.723	0.1222
129.852	0.1222
129.98	0.1222
130.107	0.1224
130.236	0.1224
130.364	0.1224
130.492	0.1224
130.619	0.1224
130.747	0.1224
130.874	0.1224
131.003	0.1224
131.131	0.1221
131.259	0.1221
131.387	0.1221
131.514	0.1221
131.642	0.1219
131.771	0.1219
131.898	0.1219
132.027	0.1219
132.154	0.1219
132.283	0.1215
132.41	0.1215
132.538	0.1215
132.666	0.1215
132.794	0.1214
132.921	0.1214
133.05	0.1214
133.178	0.1214
133.306	0.1213
133.433	0.1213
133.562	0.1213
133.69	0.1213
133.817	0.1211
133.945	0.1211
134.073	0.1211
134.202	0.1211
134.329	0.1213
134.457	0.1213
134.586	0.1213
134.713	0.1213
134.841	0.1212
134.969	0.1212
135.097	0.1212
135.224	0.1212
135.353	0.1212
135.481	0.1212
135.609	0.1212
135.736	0.1212
135.865	0.1212
135.992	0.1212
136.12	0.1212
136.248	0.1212
136.376	0.1211
136.504	0.1211
136.632	0.1211
136.76	0.1211
136.888	0.121
137.016	0.121
137.143	0.121
137.272	0.121
137.399	0.121
137.528	0.121
137.656	0.121
137.783	0.121
137.912	0.121
138.04	0.121
138.167	0.121
138.296	0.121
138.423	0.121
138.551	0.121
138.679	0.121
138.807	0.121
138.934	0.121
139.062	0.121
139.191	0.121
139.318	0.121
139.446	0.121
139.575	0.1208
139.703	0.1208
139.83	0.1208
139.958	0.1208
140.086	0.1208
140.214	0.1208
140.343	0.1208
140.47	0.1208
140.599	0.1204
140.726	0.1204
140.854	0.1204
140.982	0.1204
141.11	0.1203
141.237	0.1203
141.365	0.1203
141.494	0.1203
141.621	0.1202
141.749	0.1202
141.878	0.1202
142.005	0.1202
142.133	0.1201
142.261	0.1201
142.389	0.1201
142.517	0.1201
142.645	0.1202
142.774	0.1202
142.901	0.1202
143.028	0.1202
143.156	0.1202
143.285	0.1202
143.413	0.1202
143.541	0.1202
143.669	0.1202
143.796	0.1202
143.925	0.1202
144.053	0.1202
144.18	0.1202
144.308	0.1201
144.436	0.1201
144.564	0.1201
144.692	0.1201
144.82	0.12
144.948	0.12
145.076	0.12
145.204	0.12
145.331	0.1202
145.459	0.1202
145.588	0.1202
145.715	0.1202
145.843	0.1203
145.971	0.1203
146.099	0.1203
146.227	0.1203
146.355	0.1203
146.483	0.1203
146.611	0.1203
146.738	0.1203
146.867	0.1202
146.995	0.1202
147.122	0.1202
147.251	0.1202
147.379	0.1203
147.506	0.1203
147.634	0.1203
147.763	0.1203
147.891	0.1203
148.018	0.1203
148.146	0.1203
148.274	0.1203
148.402	0.1204
148.53	0.1204
148.658	0.1204
148.786	0.1204
148.913	0.1203
149.041	0.1203
149.169	0.1203
149.298	0.1203
149.426	0.1203
149.553	0.1201
149.682	0.1201
149.809	0.1201
149.937	0.1201
150.065	0.1198
150.193	0.1198
150.321	0.1198
150.449	0.1198
150.577	0.1196
150.705	0.1196
150.833	0.1196
150.96	0.1196
151.088	0.1196
151.216	0.1196
151.344	0.1196
151.472	0.1196
151.6	0.1195
151.728	0.1195
151.856	0.1195
151.985	0.1195
152.112	0.1194
152.239	0.1194
152.368	0.1194
152.496	0.1194
152.623	0.1194
152.752	0.1194
152.879	0.1194
153.008	0.1194
153.135	0.1192
153.263	0.1192
153.392	0.1192
153.519	0.1192
153.647	0.1191
153.775	0.1191
153.903	0.1191
154.031	0.1191
154.159	0.1192
154.287	0.1192
154.415	0.1192
154.542	0.1192
154.67	0.1192
154.799	0.1192
154.927	0.1192
155.055	0.1192
155.182	0.1192
155.31	0.1192
155.438	0.1192
155.566	0.1192
155.695	0.1192
155.822	0.1192
155.95	0.1192
156.079	0.1192
156.206	0.1192
156.334	0.1191
156.462	0.1191
156.59	0.1191
156.717	0.1191
156.845	0.1191
156.973	0.1191
157.102	0.1191
157.23	0.1191
157.357	0.119
157.486	0.119
157.613	0.119
157.742	0.119
157.869	0.1191
157.997	0.1191
158.124	0.1191
158.253	0.1191
158.381	0.1189
158.508	0.1189
158.637	0.1189
158.764	0.1189
158.892	0.119
159.02	0.119
159.148	0.119
159.275	0.119
159.404	0.1189
159.532	0.1189
159.66	0.1189
159.788	0.1189
159.915	0.119
160.044	0.119
160.171	0.119
160.3	0.119
160.428	0.1189
160.555	0.1189
160.684	0.1189
160.811	0.1189
160.939	0.119
161.067	0.119
161.195	0.119
161.323	0.119
161.451	0.119
161.579	0.1192
161.707	0.1192
161.835	0.1192
161.963	0.1192
162.091	0.1191
162.218	0.1191
162.347	0.1191
162.475	0.1191
162.602	0.1188
162.73	0.1188
162.858	0.1188
162.987	0.1188
163.114	0.1187
163.242	0.1187
163.37	0.1187
163.498	0.1187
163.626	0.1186
163.753	0.1186
163.881	0.1186
164.01	0.1186
164.138	0.1186
164.265	0.1186
164.393	0.1186
164.522	0.1186
164.649	0.1187
164.777	0.1187
164.906	0.1187
165.033	0.1187
165.161	0.1184
165.288	0.1184
165.416	0.1184
165.545	0.1184
165.673	0.1183
165.801	0.1183
165.928	0.1183
166.057	0.1183
166.184	0.1183
166.313	0.1183
166.44	0.1183
166.568	0.1183
166.696	0.1184
166.824	0.1184
166.952	0.1184
167.08	0.1184
167.207	0.1184
167.336	0.1185
167.464	0.1185
167.591	0.1185
167.72	0.1185
167.848	0.1184
167.976	0.1184
168.104	0.1184
168.231	0.1184
168.359	0.1185
168.487	0.1185
168.615	0.1185
168.743	0.1185
168.87	0.1185
168.999	0.1185
169.127	0.1185
169.255	0.1185
169.383	0.1185
169.51	0.1185
169.639	0.1185
169.766	0.1185
169.894	0.1185
170.023	0.1185
170.15	0.1185
170.278	0.1185
170.406	0.1185
170.534	0.1185
170.662	0.1185
170.79	0.1185
170.918	0.1188
171.046	0.1188
171.174	0.1188
171.302	0.1188
171.43	0.1189
171.557	0.1189
171.686	0.1189
171.813	0.1189
171.942	0.1187
172.069	0.1187
172.198	0.1187
172.325	0.1187
172.454	0.1186
172.582	0.1186
172.709	0.1186
172.838	0.1186
172.965	0.1186
173.093	0.1183
173.22	0.1183
173.348	0.1183
173.476	0.1183
173.605	0.1182
173.732	0.1182
173.861	0.1182
173.989	0.1182
174.116	0.1182
174.245	0.1182
174.372	0.1182
174.5	0.1182
174.628	0.1179
174.756	0.1179
174.883	0.1179
175.012	0.1179
175.139	0.1178
175.268	0.1178
175.395	0.1178
175.523	0.1178
175.651	0.1178
175.779	0.1178
175.908	0.1178
176.035	0.1178
176.163	0.118
176.29	0.118
176.419	0.118
176.547	0.118
176.674	0.1182
176.802	0.1182
176.931	0.1182
177.058	0.1182
177.186	0.1182
177.314	0.1182
177.443	0.1182
177.57	0.1182
177.698	0.1183
177.827	0.1183
177.954	0.1183
178.082	0.1183
178.21	0.1179
178.339	0.1179
178.466	0.1179
178.593	0.1179
178.722	0.1179
178.85	0.1179
178.977	0.1179
179.105	0.1179
179.234	0.1179
179.361	0.1177
179.49	0.1177
179.618	0.1177
179.745	0.1177
179.873	0.1175
180.001	0.1175
180.129	0.1175
180.257	0.1175
180.385	0.1177
180.513	0.1177
180.641	0.1177
180.769	0.1177
180.897	0.1176
181.024	0.1176
181.153	0.1176
181.28	0.1176
181.408	0.1178
181.537	0.1178
181.664	0.1178
181.793	0.1178
181.92	0.118
182.049	0.118
182.177	0.118
182.304	0.118
182.433	0.1179
182.56	0.1179
182.688	0.1179
182.816	0.1179
182.944	0.1178
183.072	0.1178
183.2	0.1178
183.327	0.1178
183.456	0.1177
183.583	0.1177
183.711	0.1177
183.839	0.1177
183.967	0.1175
184.095	0.1175
184.224	0.1175
184.351	0.1175
184.479	0.1175
184.607	0.1175
184.735	0.1175
184.863	0.1175
184.99	0.1175
185.118	0.1175
185.247	0.1175
185.375	0.1175
185.503	0.1175
185.63	0.1175
185.758	0.1175
185.887	0.1175
186.014	0.1175
186.142	0.1175
186.27	0.1175
186.398	0.1175
186.526	0.1175
186.653	0.1175
186.781	0.1175
186.91	0.1175
187.037	0.1175
187.166	0.1177
187.293	0.1177
187.421	0.1177
187.549	0.1177
187.677	0.1178
187.805	0.1178
187.934	0.1178
188.061	0.1178
188.188	0.1176
188.316	0.1176
188.445	0.1176
188.572	0.1176
188.701	0.1177
188.829	0.1177
188.956	0.1177
189.084	0.1177
189.212	0.1177
189.34	0.1177
189.468	0.1177
189.596	0.1177
189.724	0.1176
189.852	0.1176
189.979	0.1176
190.107	0.1176
190.235	0.1176
190.363	0.1177
190.491	0.1177
190.619	0.1177
190.747	0.1177
190.875	0.1177
191.003	0.1177
191.131	0.1177
191.259	0.1177
191.388	0.1178
191.515	0.1178
191.643	0.1178
191.771	0.1178
191.899	0.1178
192.027	0.1178
192.155	0.1178
192.283	0.1178
192.411	0.118
192.539	0.118
192.666	0.118
192.795	0.118
192.923	0.1181
193.051	0.1181
193.178	0.1181
193.307	0.1181
193.434	0.1182
193.562	0.1182
193.69	0.1182
193.818	0.1182
193.947	0.1182
194.074	0.1182
194.202	0.1182
194.329	0.1182
194.458	0.1183
194.585	0.1183
194.714	0.1183
194.842	0.1183
194.97	0.1182
195.098	0.1182
195.225	0.1182
195.353	0.1182
195.481	0.1181
195.609	0.1181
195.737	0.1181
195.865	0.1181
195.993	0.1181
196.121	0.1181
196.249	0.1181
196.377	0.1181
196.505	0.1181
196.632	0.1181
196.76	0.1181
196.889	0.1181
197.016	0.1181
197.145	0.1181
197.273	0.1181
197.4	0.1181
197.528	0.1181
197.656	0.118
197.784	0.118
197.911	0.118
198.039	0.118
198.168	0.1178
198.296	0.1178
198.424	0.1178
198.552	0.1178
198.68	0.1178
198.807	0.1178
198.935	0.1178
199.063	0.1178
199.192	0.1179
199.32	0.1179
199.447	0.1179
199.575	0.1179
199.703	0.1182
199.831	0.1182
199.958	0.1182
200.087	0.1182
200.214	0.1182
200.343	0.1182
200.471	0.1182
200.599	0.1182
200.727	0.118
200.854	0.118
200.982	0.118
201.11	0.118
201.238	0.1183
201.366	0.1183
201.494	0.1183
201.622	0.1183
201.75	0.1183
201.878	0.1182
202.006	0.1182
202.134	0.1182
202.261	0.1182
202.389	0.118
202.518	0.118
202.645	0.118
202.773	0.118
202.901	0.118
203.029	0.118
203.157	0.118
203.285	0.118
203.413	0.1181
203.541	0.1181
203.669	0.1181
203.797	0.1181
203.925	0.1183
204.053	0.1183
204.18	0.1183
204.309	0.1183
204.436	0.118
204.564	0.118
204.693	0.118
204.821	0.118
204.948	0.1178
205.077	0.1178
205.204	0.1178
205.333	0.1178
205.46	0.1177
205.588	0.1177
205.716	0.1177
205.859	0.1177
205.988	0.1178
206.116	0.1178
206.243	0.1178
206.371	0.1178
206.5	0.1179
206.627	0.1179
206.756	0.1179
206.884	0.1179
207.011	0.1177
207.139	0.1177
207.267	0.1177
207.395	0.1177
207.523	0.1177
207.65	0.1177
207.779	0.1177
207.907	0.1177
208.035	0.1177
208.162	0.1175
208.291	0.1175
208.418	0.1175
208.547	0.1175
208.674	0.1176
208.802	0.1176
208.93	0.1176
209.058	0.1176
209.186	0.1176
209.314	0.1176
209.441	0.1176
209.57	0.1176
209.698	0.1179
209.826	0.1179
209.953	0.1179
210.081	0.1179
210.209	0.118
210.338	0.118
210.465	0.118
210.593	0.118
210.722	0.1179
210.849	0.1179
210.977	0.1179
211.105	0.1179
211.233	0.1178
211.361	0.1178
211.488	0.1178
211.616	0.1178
211.745	0.1177
211.873	0.1177
212.001	0.1177
212.128	0.1177
212.256	0.1177
212.385	0.1177
212.512	0.1177
212.64	0.1177
212.768	0.1178
212.896	0.1178
213.024	0.1178
213.151	0.1178
213.279	0.1177
213.407	0.1177
213.535	0.1177
213.664	0.1177
213.792	0.1177
213.92	0.1176
214.048	0.1176
214.176	0.1176
214.303	0.1176
214.432	0.1176
214.559	0.1176
214.687	0.1176
214.815	0.1176
214.943	0.1178
215.071	0.1178
215.199	0.1178
215.327	0.1178
215.454	0.1179
215.582	0.1179
215.711	0.1179
215.838	0.1179
215.967	0.1178
216.094	0.1178
216.222	0.1178
216.35	0.1178
216.478	0.1179
216.606	0.1179
216.734	0.1179
216.861	0.1179
216.989	0.1179
217.118	0.1179
217.245	0.1179
217.373	0.1179
217.502	0.1178
217.629	0.1178
217.757	0.1178
217.885	0.1178
218.013	0.1178
218.141	0.1178
218.269	0.1178
218.397	0.1178
218.525	0.1177
218.653	0.1177
218.781	0.1177
218.909	0.1177
219.037	0.1178
219.165	0.1178
219.292	0.1178
219.421	0.1178
219.548	0.1178
219.676	0.1178
219.805	0.1178
219.933	0.1178
220.06	0.1178
220.188	0.1178
220.316	0.1178
220.444	0.1178
220.572	0.1178
220.7	0.1178
220.828	0.1178
220.956	0.1178
221.083	0.1178
221.212	0.1177
221.339	0.1177
221.467	0.1177
221.596	0.1177
221.724	0.1175
221.851	0.1175
221.979	0.1175
222.107	0.1175
222.235	0.1174
222.362	0.1174
222.49	0.1174
222.619	0.1174
222.747	0.1175
222.876	0.1175
223.003	0.1175
223.13	0.1175
223.259	0.1176
223.387	0.1176
223.514	0.1176
223.643	0.1176
223.77	0.1175
223.898	0.1175
224.026	0.1175
224.154	0.1175
224.282	0.1177
224.409	0.1177
224.538	0.1177
224.665	0.1177
224.794	0.1176
224.922	0.1176
225.065	0.1176
225.194	0.1176
225.321	0.1176
225.449	0.1176
225.577	0.1176
225.705	0.1176
225.833	0.1178
225.96	0.1178
226.088	0.1178
226.217	0.1178
226.345	0.1178
226.472	0.1175
226.601	0.1175
226.729	0.1175
226.857	0.1175
226.984	0.1174
227.113	0.1174
227.24	0.1174
227.367	0.1174
227.495	0.1175
227.624	0.1175
227.752	0.1175
227.88	0.1175
228.008	0.1173
228.136	0.1173
228.264	0.1173
228.392	0.1173
228.52	0.1174
228.647	0.1174
228.775	0.1174
228.903	0.1174
229.031	0.1174
229.159	0.1174
229.287	0.1174
229.415	0.1174
229.544	0.1175
229.671	0.1175
229.798	0.1175
229.927	0.1175
230.054	0.1176
230.182	0.1176
230.31	0.1176
230.437	0.1176
230.566	0.1174
230.694	0.1174
230.822	0.1174
230.949	0.1174
231.077	0.1176
231.207	0.1176
231.334	0.1176
231.462	0.1176
231.59	0.1174
231.718	0.1174
231.846	0.1174
231.974	0.1174
232.101	0.1174
232.229	0.1176
232.357	0.1176
232.485	0.1176
232.613	0.1176
232.741	0.1179
232.869	0.1179
232.997	0.1179
233.126	0.1179
233.253	0.1178
233.38	0.1178
233.509	0.1178
233.637	0.1178
233.765	0.1179
233.893	0.1179
234.02	0.1179
234.149	0.1179
234.276	0.1179
234.404	0.1179
234.532	0.1179
234.66	0.1179
234.788	0.1175
234.916	0.1175
235.044	0.1175
235.172	0.1175
235.3	0.1175
235.428	0.1175
235.556	0.1175
235.683	0.1175
235.812	0.1175
235.939	0.1175
236.067	0.1175
236.195	0.1175
236.323	0.1174
236.451	0.1174
236.579	0.1174
236.706	0.1174
236.835	0.1173
236.963	0.1173
237.09	0.1173
237.219	0.1173
237.346	0.1173
237.475	0.1173
237.602	0.1173
237.731	0.1173
237.858	0.1173
237.986	0.1173
238.114	0.1173
238.242	0.1173
238.371	0.1173
238.498	0.1174
238.626	0.1174
238.754	0.1174
238.882	0.1174
239.01	0.1175
239.138	0.1175
239.266	0.1175
239.393	0.1175
239.522	0.1174
239.65	0.1174
239.778	0.1174
239.905	0.1174
240.033	0.1173
240.161	0.1173
240.289	0.1173
240.417	0.1173
240.545	0.1172
240.673	0.1172
240.801	0.1172
240.929	0.1172
241.057	0.1173
241.185	0.1173
241.313	0.1173
241.441	0.1173
241.569	0.1172
241.697	0.1172
241.825	0.1172
241.952	0.1172
242.081	0.1173
242.208	0.1173
242.336	0.1173
242.465	0.1173
242.592	0.1173
242.719	0.1173
242.848	0.1173
242.976	0.1173
243.104	0.1174
243.231	0.1174
243.36	0.1174
243.488	0.1174
243.615	0.1174
243.743	0.1177
243.871	0.1177
243.999	0.1177
244.127	0.1177
244.255	0.1177
244.383	0.1177
244.511	0.1177
244.639	0.1177
244.767	0.1178
244.895	0.1178
245.022	0.1178
245.151	0.1178
245.279	0.1177
245.423	0.1177
245.55	0.1177
245.678	0.1177
245.807	0.1176
245.935	0.1176
246.063	0.1176
246.19	0.1176
246.317	0.1174
246.446	0.1174
246.574	0.1174
246.702	0.1174
246.83	0.1174
246.958	0.1174
247.086	0.1174
247.214	0.1174
247.341	0.1174
247.47	0.1174
247.597	0.1174
247.726	0.1174
247.853	0.1176
247.982	0.1176
248.11	0.1176
248.237	0.1176
248.365	0.1176
248.493	0.1176
248.62	0.1176
248.749	0.1176
248.877	0.1176
249.004	0.1176
249.133	0.1176
249.261	0.1176
249.388	0.1176
249.516	0.1176
249.645	0.1176
249.772	0.1176
249.9	0.1176
250.028	0.1175
250.156	0.1175
250.284	0.1175
250.412	0.1175
250.54	0.1175
250.668	0.1175
250.796	0.1175
250.923	0.1175
251.052	0.1174
251.179	0.1174
251.307	0.1174
251.435	0.1174
251.564	0.1175
251.691	0.1175
251.819	0.1175
251.947	0.1175
252.075	0.1176
252.203	0.1176
252.331	0.1176
252.459	0.1176
252.587	0.1175
252.714	0.1175
252.842	0.1175
252.97	0.1175
253.099	0.1175
253.226	0.1175
253.354	0.1175
253.483	0.1175
253.61	0.1175
253.738	0.1175
253.866	0.1175
253.994	0.1175
254.122	0.1175
254.25	0.1175
254.378	0.1175
254.506	0.1175
254.633	0.1174
254.761	0.1174
254.89	0.1174
255.018	0.1174
255.145	0.1175
255.273	0.1175
255.401	0.1175
255.529	0.1175
255.657	0.1175
255.785	0.1174
255.912	0.1174
256.041	0.1174
256.169	0.1174
256.297	0.1176
256.425	0.1176
256.553	0.1176
256.68	0.1176
256.808	0.1176
256.936	0.1176
257.065	0.1176
257.192	0.1176
257.32	0.1175
257.448	0.1175
257.576	0.1175
257.704	0.1175
257.831	0.1177
257.96	0.1177
258.087	0.1177
258.216	0.1177
258.344	0.1176
258.472	0.1176
258.6	0.1176
258.727	0.1176
258.855	0.1175
258.984	0.1175
259.111	0.1175
259.239	0.1175
259.367	0.1173
259.495	0.1173
259.624	0.1173
259.751	0.1173
259.879	0.1172
260.007	0.1172
260.134	0.1172
260.262	0.1172
260.391	0.1174
260.518	0.1174
260.646	0.1174
260.775	0.1174
260.902	0.1177
261.03	0.1177
261.158	0.1177
261.286	0.1177
261.413	0.1176
261.543	0.1176
261.67	0.1176
261.798	0.1176
261.926	0.1176
262.054	0.1175
262.182	0.1175
262.325	0.1175
262.453	0.1175
262.582	0.1173
262.71	0.1173
262.836	0.1173
262.966	0.1173
263.093	0.1172
263.22	0.1172
263.349	0.1172
263.477	0.1172
263.605	0.1172
263.732	0.1172
263.86	0.1172
263.988	0.1172
264.116	0.1172
264.244	0.1172
264.373	0.1172
264.5	0.1172
264.628	0.1173
264.757	0.1173
264.883	0.1173
265.011	0.1173
265.139	0.1174
265.267	0.1174
265.395	0.1174
265.523	0.1174
265.651	0.1173
265.78	0.1173
265.907	0.1173
266.034	0.1173
266.163	0.1171
266.29	0.1171
266.419	0.1171
266.547	0.1171
266.674	0.1171
266.802	0.1171
266.93	0.1171
267.059	0.1171
267.186	0.1171
267.314	0.1171
267.443	0.1171
267.57	0.1171
267.698	0.1175
267.826	0.1175
267.954	0.1175
268.082	0.1175
268.21	0.1175
268.338	0.1174
268.466	0.1174
268.594	0.1174
268.721	0.1174
268.85	0.1177
268.977	0.1177
269.106	0.1177
269.233	0.1177
269.362	0.1177
269.49	0.1177
269.617	0.1177
269.746	0.1177
269.873	0.1178
270.002	0.1178
270.129	0.1178
270.257	0.1178
270.385	0.1175
270.513	0.1175
270.641	0.1175
270.769	0.1175
270.897	0.1172
271.025	0.1172
271.153	0.1172
271.28	0.1172
271.409	0.1172
271.536	0.1172
271.664	0.1172
271.792	0.1172
271.92	0.1173
272.048	0.1173
272.176	0.1173
272.304	0.1173
272.432	0.1176
272.56	0.1176
272.688	0.1176
272.816	0.1176
272.943	0.1177
273.071	0.1177
273.2	0.1177
273.327	0.1177
273.455	0.1176
273.584	0.1176
273.711	0.1176
273.84	0.1176
273.967	0.1176
274.095	0.1174
274.223	0.1174
274.351	0.1174
274.479	0.1174
274.607	0.1174
274.735	0.1174
274.863	0.1174
274.99	0.1174
275.118	0.1175
275.247	0.1175
275.375	0.1175
275.502	0.1175
275.631	0.1175
275.775	0.1175
275.902	0.1175
276.03	0.1175
276.158	0.1176
276.286	0.1176
276.414	0.1176
276.542	0.1176
276.67	0.1177
276.798	0.1177
276.926	0.1177
277.054	0.1177
277.182	0.1178
277.309	0.1178
277.438	0.1178
277.565	0.1178
277.693	0.1176
277.821	0.1176
277.949	0.1176
278.078	0.1176
278.205	0.1176
278.333	0.1176
278.461	0.1176
278.588	0.1176
278.716	0.1176
278.845	0.1176
278.973	0.1176
279.1	0.1176
279.229	0.1174
279.356	0.1174
279.485	0.1174
279.613	0.1174
279.74	0.1175
279.868	0.1175
279.996	0.1175
280.124	0.1175
280.252	0.1175
280.38	0.1175
280.507	0.1175
280.636	0.1175
280.764	0.1175
280.892	0.1176
281.019	0.1176
281.148	0.1176
281.276	0.1176
281.404	0.1179
281.531	0.1179
281.66	0.1179
281.787	0.1179
281.915	0.1179
282.043	0.1179
282.171	0.1179
282.298	0.1179
282.427	0.1178
282.555	0.1178
282.683	0.1178
282.81	0.1178
282.939	0.1178
283.066	0.1178
283.194	0.1178
283.322	0.1178
283.451	0.1175
283.579	0.1175
283.707	0.1175
283.835	0.1175
283.962	0.1175
284.09	0.1175
284.218	0.1175
284.345	0.1175
284.474	0.1177
284.602	0.1177
284.73	0.1177
284.858	0.1177
284.986	0.1178
285.113	0.1178
285.242	0.1178
285.369	0.1178
285.497	0.1178
285.625	0.1178
285.754	0.1178
285.881	0.1178
286.009	0.1178
286.137	0.1178
286.265	0.1178
286.393	0.1178
286.521	0.1178
286.649	0.1178
286.776	0.1178
286.904	0.1178
287.033	0.1178
287.16	0.1177
287.289	0.1177
287.416	0.1177
287.544	0.1177
287.672	0.1177
287.799	0.1177
287.928	0.1177
288.072	0.1177
288.2	0.1177
288.328	0.1177
288.456	0.1177
288.584	0.1177
288.711	0.1176
288.84	0.1176
288.968	0.1176
289.095	0.1176
289.223	0.1175
289.351	0.1175
289.479	0.1175
289.607	0.1175
289.735	0.1176
289.863	0.1176
289.991	0.1176
290.119	0.1176
290.247	0.1176
290.374	0.1176
290.502	0.1176
290.631	0.1176
290.759	0.1175
290.886	0.1175
291.014	0.1175
291.142	0.1175
291.27	0.1174
291.398	0.1174
291.526	0.1174
291.654	0.1174
291.781	0.1174
291.909	0.1174
292.037	0.1174
292.165	0.1174
292.294	0.1175
292.421	0.1175
292.55	0.1175
292.677	0.1175
292.805	0.1175
292.933	0.1172
293.061	0.1172
293.189	0.1172
293.317	0.1172
293.445	0.1173
293.572	0.1173
293.701	0.1173
293.828	0.1173
293.957	0.1172
294.084	0.1172
294.213	0.1172
294.34	0.1172
294.469	0.1172
294.597	0.1172
294.724	0.1172
294.853	0.1172
294.98	0.1173
295.108	0.1173
295.236	0.1173
295.364	0.1173
295.492	0.1173
295.62	0.1173
295.748	0.1173
295.876	0.1173
296.003	0.1172
296.132	0.1172
296.259	0.1172
296.388	0.1172
296.516	0.1174
296.643	0.1174
296.771	0.1174
296.899	0.1174
297.027	0.1173
297.155	0.1173
297.282	0.1173
297.41	0.1173
297.539	0.1175
297.667	0.1175
297.795	0.1175
297.923	0.1175
298.051	0.1174
298.178	0.1174
298.307	0.1174
298.434	0.1174
298.563	0.1174
298.69	0.1173
298.818	0.1173
298.947	0.1173
299.074	0.1173
299.202	0.1173
299.33	0.1173
299.458	0.1173
299.585	0.1173
299.713	0.1171
299.842	0.1171
299.97	0.1171
300.098	0.1171
300.226	0.1171
300.37	0.1171
300.497	0.1171
300.625	0.1171
300.753	0.1173
300.881	0.1173
301.009	0.1173
301.137	0.1173
301.266	0.1173
301.392	0.1173
301.521	0.1173
301.648	0.1173
301.777	0.1172
301.905	0.1172
302.033	0.1172
302.161	0.1172
302.288	0.1172
302.416	0.1172
302.544	0.1172
302.673	0.1172
302.8	0.1171
302.928	0.1171
303.056	0.1171
303.184	0.1171
303.312	0.1173
303.439	0.1173
303.568	0.1173
303.695	0.1173
303.823	0.1173
303.952	0.1173
304.08	0.1173
304.208	0.1173
304.335	0.1173
304.464	0.1173
304.591	0.1173
304.719	0.1173
304.848	0.1173
304.976	0.1172
305.102	0.1172
305.231	0.1172
305.359	0.1172
305.487	0.1171
305.615	0.1171
305.743	0.1171
305.87	0.1171
305.998	0.1173
306.126	0.1173
306.255	0.1173
306.382	0.1173
306.51	0.1172
306.639	0.1172
306.766	0.1172
306.893	0.1172
307.021	0.1171
307.15	0.1171
307.277	0.1171
307.406	0.1171
307.534	0.1168
307.662	0.1168
307.79	0.1168
307.918	0.1168
308.045	0.1165
308.174	0.1165
308.301	0.1165
308.43	0.1165
308.557	0.1163
308.684	0.1163
308.814	0.1163
308.941	0.1163
309.069	0.1164
309.197	0.1164
309.324	0.1164
309.453	0.1164
309.581	0.1168
309.708	0.1168
309.836	0.1168
309.964	0.1168
310.092	0.1169
310.22	0.1169
310.348	0.1169
310.477	0.1169
310.604	0.117
310.732	0.117
310.861	0.117
310.988	0.117
311.115	0.117
311.243	0.117
311.371	0.117
311.499	0.117
311.627	0.117
311.755	0.1171
311.883	0.1171
312.011	0.1171
312.139	0.1171
312.268	0.1171
312.395	0.1171
312.522	0.1171
312.651	0.1171
312.778	0.1171
312.906	0.1171
313.034	0.1171
313.162	0.1171
313.29	0.1171
313.418	0.1171
313.546	0.1171
313.673	0.1171
313.803	0.1172
313.93	0.1172
314.059	0.1172
314.186	0.1172
314.314	0.1172
314.443	0.1172
314.57	0.1172
314.697	0.1172
314.825	0.1173
314.954	0.1173
315.081	0.1173
315.21	0.1173
315.338	0.1172
315.465	0.1172
315.594	0.1172
315.722	0.1172
315.849	0.1171
315.977	0.1171
316.105	0.1171
316.234	0.1171
316.362	0.117
316.489	0.117
316.617	0.117
316.745	0.117
316.872	0.117
317	0.1167
317.129	0.1167
317.257	0.1167
317.384	0.1167
317.512	0.1167
317.64	0.1167
317.768	0.1167
317.896	0.1167
318.024	0.1167
318.152	0.1167
318.28	0.1167
318.408	0.1167
318.535	0.1167
318.664	0.1167
318.791	0.1167
318.92	0.1167
319.048	0.1167
319.176	0.1167
319.304	0.1167
319.431	0.1167
319.56	0.1167
319.687	0.1167
319.815	0.1167
319.944	0.1167
320.071	0.1168
320.199	0.1168
320.327	0.1168
320.455	0.1168
320.583	0.1167
320.711	0.1167
320.839	0.1167
320.967	0.1167
321.094	0.1169
321.222	0.1169
321.35	0.1169
321.478	0.1169
321.607	0.1169
321.734	0.1169
321.862	0.1169
321.99	0.1169
322.118	0.1169
322.246	0.1169
322.374	0.1169
322.502	0.1169
322.63	0.1169
322.757	0.1167
322.886	0.1167
323.013	0.1167
323.141	0.1167
323.269	0.1166
323.397	0.1166
323.525	0.1166
323.653	0.1166
323.781	0.1166
323.908	0.1166
324.037	0.1166
324.165	0.1166
324.292	0.117
324.42	0.117
324.548	0.117
324.677	0.117
324.804	0.1169
324.932	0.1169
325.06	0.1169
325.188	0.1169
325.317	0.117
325.445	0.117
325.572	0.117
325.7	0.117
325.828	0.1168
325.956	0.1168
326.083	0.1168
326.211	0.1168
326.34	0.1167
326.467	0.1167
326.596	0.1167
326.724	0.1167
326.851	0.1165
326.979	0.1165
327.107	0.1165
327.235	0.1165
327.363	0.1166
327.491	0.1166
327.62	0.1166
327.747	0.1166
327.875	0.1167
328.002	0.1167
328.131	0.1167
328.259	0.1167
328.387	0.1167
328.515	0.1169
328.642	0.1169
328.771	0.1169
328.898	0.1169
329.025	0.1169
329.154	0.1169
329.283	0.1169
329.409	0.1169
329.538	0.1169
329.666	0.1169
329.794	0.1169
329.921	0.1169
330.05	0.1169
330.177	0.1169
330.305	0.1169
330.433	0.1169
330.561	0.117
330.69	0.117
330.817	0.117
330.944	0.117
331.073	0.1171
331.201	0.1171
331.329	0.1171
331.457	0.1171
331.585	0.1173
331.713	0.1173
331.84	0.1173
331.968	0.1173
332.096	0.1172
332.224	0.1172
332.352	0.1172
332.48	0.1172
332.607	0.1171
332.736	0.1171
332.863	0.1171
332.992	0.1171
333.12	0.1173
333.248	0.1173
333.376	0.1173
333.504	0.1173
333.632	0.1172
333.76	0.1172
333.887	0.1172
334.016	0.1172
334.144	0.1172
334.271	0.1174
334.4	0.1174
334.527	0.1174
334.655	0.1174
334.783	0.1171
334.911	0.1171
335.039	0.1171
335.167	0.1171
335.295	0.117
335.423	0.117
335.55	0.117
335.679	0.117
335.806	0.117
335.935	0.117
336.063	0.117
336.19	0.117
336.319	0.117
336.446	0.117
336.575	0.117
336.702	0.117
336.83	0.117
336.958	0.117
337.086	0.117
337.214	0.117
337.342	0.1171
337.47	0.1171
337.598	0.1171
337.726	0.1171
337.853	0.1173
337.981	0.1173
338.109	0.1173
338.237	0.1173
338.365	0.1174
338.493	0.1174
338.622	0.1174
338.749	0.1174
338.877	0.1175
339.005	0.1175
339.133	0.1175
339.26	0.1175
339.389	0.1174
339.517	0.1174
339.645	0.1174
339.773	0.1174
339.901	0.1174
340.029	0.1173
340.157	0.1173
340.284	0.1173
340.413	0.1173
340.54	0.1172
340.668	0.1172
340.796	0.1172
340.924	0.1172
341.051	0.1172
341.18	0.1172
341.308	0.1172
341.436	0.1172
341.563	0.1172
341.692	0.1172
341.819	0.1172
341.947	0.1172
342.075	0.1173
342.203	0.1173
342.332	0.1173
342.46	0.1173
342.587	0.1173
342.732	0.1173
342.859	0.1173
342.986	0.1173
343.115	0.1172
343.243	0.1172
343.371	0.1172
343.498	0.1172
343.627	0.1169
343.754	0.1169
343.882	0.1169
344.01	0.1169
344.138	0.1169
344.266	0.1169
344.394	0.1169
344.522	0.1169
344.65	0.1168
344.778	0.1168
344.906	0.1168
345.035	0.1168
345.162	0.1168
345.29	0.1168
345.418	0.1168
345.545	0.1168
345.673	0.1166
345.801	0.1166
345.93	0.1166
346.057	0.1166
346.185	0.1166
346.313	0.1164
346.441	0.1164
346.569	0.1164
346.697	0.1164
346.826	0.1165
346.953	0.1165
347.081	0.1165
347.209	0.1165
347.337	0.1167
347.465	0.1167
347.593	0.1167
347.72	0.1167
347.848	0.1169
347.976	0.1169
348.105	0.1169
348.232	0.1169
348.359	0.1168
348.488	0.1168
348.616	0.1168
348.743	0.1168
348.871	0.1168
348.999	0.1168
349.128	0.1168
349.255	0.1168
349.384	0.1168
349.511	0.1168
349.64	0.1168
349.767	0.1168
349.896	0.1169
350.024	0.1169
350.151	0.1169
350.278	0.1169
350.407	0.1168
350.535	0.1168
350.663	0.1168
350.791	0.1168
350.918	0.1166
351.047	0.1166
351.175	0.1166
351.302	0.1166
351.431	0.1164
351.558	0.1164
351.686	0.1164
351.814	0.1164
351.942	0.1164
352.071	0.1165
352.198	0.1165
352.325	0.1165
352.453	0.1165
352.582	0.1165
352.71	0.1165
352.838	0.1165
352.966	0.1165
353.094	0.1167
353.221	0.1167
353.349	0.1167
353.477	0.1167
353.605	0.1168
353.733	0.1168
353.861	0.1168
353.988	0.1168
354.117	0.1167
354.244	0.1167
354.373	0.1167
354.5	0.1167
354.628	0.1167
354.756	0.1167
354.884	0.1167
355.012	0.1167
355.14	0.1166
355.268	0.1166
355.396	0.1166
355.524	0.1166
355.651	0.1169
355.78	0.1169
355.908	0.1169
356.036	0.1169
356.163	0.1171
356.292	0.1171
356.42	0.1171
356.548	0.1171
356.676	0.1171
356.804	0.1171
356.931	0.1171
357.059	0.1171
357.187	0.1168
357.315	0.1168
357.443	0.1168
357.572	0.1168
357.699	0.1168
357.827	0.1168
357.955	0.1168
358.082	0.1168
358.211	0.1168
358.339	0.1168
358.482	0.1168
358.61	0.1168
358.738	0.1168
358.867	0.1168
358.994	0.1168
359.122	0.1168
359.25	0.1168
359.378	0.1167
359.506	0.1167
359.634	0.1167
359.762	0.1167
359.889	0.1169
360.017	0.1169
360.146	0.1169
360.273	0.1169
360.402	0.1167
360.53	0.1167
360.657	0.1167
360.785	0.1167
360.914	0.1166
361.041	0.1166
361.17	0.1166
361.297	0.1166
361.425	0.1168
361.553	0.1168
361.681	0.1168
361.809	0.1168
361.937	0.1167
362.065	0.1167
362.193	0.1167
362.32	0.1167
362.449	0.1167
362.576	0.1167
362.704	0.1167
362.833	0.1167
362.96	0.1166
363.088	0.1166
363.217	0.1166
363.344	0.1166
363.472	0.1163
363.6	0.1163
363.728	0.1163
363.856	0.1163
363.984	0.1164
364.112	0.1164
364.239	0.1164
364.367	0.1164
364.495	0.1164
364.623	0.1164
364.751	0.1164
364.88	0.1164
365.007	0.1164
365.135	0.1163
365.263	0.1163
365.391	0.1163
365.518	0.1163
365.647	0.1166
365.774	0.1166
365.903	0.1166
366.031	0.1166
366.158	0.1164
366.287	0.1164
366.415	0.1164
366.542	0.1164
366.671	0.1164
366.798	0.1164
366.925	0.1164
367.054	0.1164
367.182	0.1163
367.31	0.1163
367.438	0.1163
367.565	0.1163
367.693	0.1162
367.821	0.1162
367.949	0.1162
368.078	0.1162
368.205	0.1163
368.334	0.1163
368.461	0.1163
368.589	0.1163
368.717	0.1162
368.845	0.1162
368.974	0.1162
369.101	0.1162
369.229	0.1164
369.357	0.1164
369.484	0.1164
369.613	0.1164
369.741	0.1164
369.868	0.1164
369.996	0.1164
370.124	0.1164
370.252	0.1164
370.38	0.1166
370.508	0.1166
370.636	0.1166
370.764	0.1166
370.892	0.1164
371.02	0.1164
371.148	0.1164
371.276	0.1164
371.403	0.1161
371.531	0.1161
371.659	0.1161
371.787	0.1161
371.916	0.116
372.044	0.116
372.171	0.116
372.299	0.116
372.426	0.1161
372.554	0.1161
372.683	0.1161
372.81	0.1161
372.938	0.1162
373.066	0.1162
373.195	0.1162
373.323	0.1162
373.45	0.116
373.578	0.116
373.706	0.116
373.834	0.116
373.961	0.1159
374.09	0.1159
374.217	0.1159
374.345	0.1159
374.473	0.116
374.601	0.116
374.729	0.116
374.857	0.116
374.986	0.1161
375.113	0.1161
375.241	0.1161
375.37	0.1161
375.497	0.116
375.625	0.116
375.753	0.116
375.881	0.116
376.009	0.116
376.137	0.1159
376.265	0.1159
376.393	0.1159
376.521	0.1159
376.648	0.1161
376.777	0.1161
376.905	0.1161
377.032	0.1161
377.162	0.1162
377.289	0.1162
377.417	0.1162
377.544	0.1162
377.673	0.1161
377.8	0.1161
377.928	0.1161
378.057	0.1161
378.185	0.1162
378.312	0.1162
378.439	0.1162
378.568	0.1162
378.696	0.1163
378.84	0.1163
378.968	0.1163
379.096	0.1163
379.224	0.1163
379.351	0.1163
379.48	0.1163
379.607	0.1163
379.735	0.1163
379.863	0.1163
379.991	0.1163
380.119	0.1163
380.247	0.1164
380.374	0.1164
380.503	0.1164
380.63	0.1164
380.758	0.1164
380.887	0.1164
381.015	0.1164
381.142	0.1164
381.27	0.1162
381.399	0.1162
381.526	0.1162
381.654	0.1162
381.783	0.1162
381.91	0.1162
382.037	0.1162
382.165	0.1162
382.294	0.1162
382.422	0.1162
382.55	0.1162
382.678	0.1162
382.805	0.1162
382.932	0.1162
383.062	0.1162
383.189	0.1162
383.318	0.1162
383.445	0.1163
383.573	0.1163
383.701	0.1163
383.828	0.1163
383.957	0.116
384.085	0.116
384.213	0.116
384.34	0.116
384.469	0.1158
384.597	0.1158
384.725	0.1158
384.853	0.1158
384.981	0.1159
385.108	0.1159
385.236	0.1159
385.364	0.1159
385.492	0.1158
385.62	0.1158
385.748	0.1158
385.876	0.1158
386.004	0.1157
386.132	0.1157
386.26	0.1157
386.388	0.1157
386.515	0.1157
386.643	0.1157
386.771	0.1157
386.899	0.1157
387.028	0.1159
387.155	0.1159
387.284	0.1159
387.411	0.1159
387.538	0.1159
387.666	0.1159
387.794	0.1159
387.922	0.1159
388.051	0.1159
388.178	0.1158
388.306	0.1158
388.434	0.1158
388.562	0.1158
388.691	0.1159
388.818	0.1159
388.946	0.1159
389.074	0.1159
389.202	0.1158
389.33	0.1158
389.458	0.1158
389.586	0.1158
389.714	0.116
389.842	0.116
389.985	0.116
390.113	0.116
390.242	0.1161
390.37	0.1161
390.497	0.1161
390.625	0.1161
390.754	0.1164
390.881	0.1164
391.009	0.1164
391.138	0.1164
391.265	0.1164
391.393	0.1164
391.521	0.1164
391.649	0.1164
391.777	0.1162
391.905	0.1162
392.032	0.1162
392.161	0.1162
392.288	0.1159
392.416	0.1159
392.544	0.1159
392.672	0.1159
392.801	0.1161
392.928	0.1161
393.057	0.1161
393.185	0.1161
393.312	0.116
393.44	0.116
393.568	0.116
393.696	0.116
393.824	0.1161
393.951	0.1161
394.079	0.1161
394.208	0.1161
394.336	0.1161
394.464	0.1161
394.592	0.1161
394.72	0.1161
394.847	0.1161
394.975	0.1161
395.103	0.1161
395.231	0.1161
395.359	0.1161
395.487	0.1163
395.615	0.1163
395.743	0.1163
395.871	0.1163
395.999	0.1162
396.126	0.1162
396.255	0.1162
396.382	0.1162
396.511	0.1162
396.638	0.1162
396.766	0.1162
396.893	0.1162
397.022	0.1161
397.15	0.1161
397.279	0.1161
397.407	0.1161
397.533	0.1157
397.661	0.1157
397.789	0.1157
397.917	0.1157
398.045	0.1155
398.172	0.1155
398.301	0.1155
398.428	0.1155
398.556	0.1155
398.685	0.1155
398.812	0.1155
398.941	0.1155
399.068	0.1157
399.197	0.1157
399.325	0.1157
399.453	0.1157
399.581	0.1161
399.709	0.1161
399.837	0.1161
399.964	0.1161
400.093	0.1163
400.22	0.1163
400.348	0.1163
400.476	0.1163
400.604	0.1163
400.733	0.1161
400.86	0.1161
400.988	0.1161
401.117	0.1161
401.244	0.1161
401.371	0.1161
401.499	0.1161
401.628	0.1161
401.756	0.1162
401.883	0.1162
402.011	0.1162
402.14	0.1162
402.267	0.1159
402.396	0.1159
402.523	0.1159
402.651	0.1159
402.779	0.1159
402.907	0.1159
403.035	0.1159
403.163	0.1159
403.291	0.1159
403.419	0.1159
403.547	0.1159
403.675	0.1159
403.803	0.116
403.93	0.116
404.058	0.116
404.187	0.116
404.314	0.1159
404.443	0.1159
404.586	0.1159
404.715	0.1159
404.842	0.1159
404.97	0.1159
405.099	0.1159
405.226	0.1159
405.353	0.1162
405.481	0.1162
405.61	0.1162
405.737	0.1162
405.866	0.1163
405.994	0.1163
406.121	0.1163
406.249	0.1163
406.378	0.1161
406.505	0.1161
406.634	0.1161
406.761	0.1161
406.89	0.1161
407.017	0.1162
407.145	0.1162
407.273	0.1162
407.4	0.1162
407.529	0.1163
407.656	0.1163
407.785	0.1163
407.913	0.1163
408.04	0.1163
408.168	0.1163
408.296	0.1163
408.424	0.1163
408.552	0.1164
408.68	0.1164
408.808	0.1164
408.936	0.1164
409.064	0.1161
409.192	0.1161
409.32	0.1161
409.447	0.1161
409.576	0.1161
409.704	0.1161
409.831	0.1161
409.959	0.1161
410.087	0.116
410.215	0.116
410.343	0.116
410.471	0.116
410.598	0.116
410.727	0.116
410.855	0.116
410.983	0.116
411.11	0.116
411.239	0.116
411.367	0.116
411.494	0.116
411.622	0.116
411.75	0.116
411.878	0.116
412.006	0.116
412.135	0.116
412.262	0.116
412.389	0.116
412.518	0.116
412.646	0.116
412.774	0.116
412.901	0.116
413.029	0.116
413.157	0.116
413.285	0.1161
413.413	0.1161
413.541	0.1161
413.669	0.1161
413.797	0.1165
413.925	0.1165
414.053	0.1165
414.181	0.1165
414.308	0.1164
414.437	0.1164
414.565	0.1164
414.693	0.1164
414.821	0.1163
414.949	0.1163
415.077	0.1163
415.204	0.1163
415.333	0.1163
415.461	0.1163
415.589	0.1163
415.717	0.1163
415.844	0.1162
415.973	0.1162
416.1	0.1162
416.228	0.1162
416.357	0.1162
416.484	0.1162
416.612	0.1162
416.74	0.1162
416.868	0.1162
416.996	0.1162
417.124	0.1162
417.252	0.1162
417.379	0.1161
417.508	0.1161
417.635	0.1161
417.764	0.1161
417.891	0.1162
418.02	0.1162
418.147	0.1162
418.275	0.1162
418.403	0.1162
418.53	0.1159
418.658	0.1159
418.787	0.1159
418.915	0.1159
419.042	0.1157
419.17	0.1157
419.298	0.1157
419.426	0.1157
419.554	0.1157
419.683	0.1157
419.811	0.1157
419.938	0.1157
420.065	0.1158
420.194	0.1158
420.322	0.1158
420.449	0.1158
420.577	0.1159
420.705	0.1159
420.833	0.1159
420.961	0.1159
421.09	0.1162
421.217	0.1162
421.344	0.1162
421.473	0.1162
421.601	0.1161
421.729	0.1161
421.857	0.1161
421.986	0.1161
422.113	0.116
422.241	0.116
422.369	0.116
422.497	0.116
422.64	0.1157
422.768	0.1157
422.896	0.1157
423.025	0.1157
423.152	0.1156
423.281	0.1156
423.408	0.1156
423.536	0.1156
423.664	0.1157
423.793	0.1157
423.92	0.1157
424.048	0.1157
424.175	0.1157
424.304	0.1157
424.432	0.1157
424.56	0.1157
424.688	0.1156
424.816	0.1156
424.943	0.1156
425.071	0.1156
425.199	0.1156
425.326	0.1157
425.455	0.1157
425.582	0.1157
425.711	0.1157
425.839	0.1159
425.967	0.1159
426.095	0.1159
426.223	0.1159
426.35	0.1159
426.478	0.1159
426.606	0.1159
426.734	0.1159
426.862	0.1161
426.99	0.1161
427.118	0.1161
427.245	0.1161
427.374	0.116
427.502	0.116
427.629	0.116
427.758	0.116
427.886	0.1157
428.014	0.1157
428.142	0.1157
428.27	0.1157
428.398	0.1158
428.525	0.1158
428.653	0.1158
428.781	0.1158
428.91	0.1155
429.037	0.1155
429.166	0.1155
429.293	0.1155
429.422	0.1155
429.549	0.1155
429.677	0.1155
429.805	0.1155
429.933	0.1154
430.061	0.1154
430.189	0.1154
430.333	0.1154
430.461	0.1155
430.589	0.1155
430.717	0.1155
430.845	0.1155
430.973	0.1157
431.101	0.1157
431.229	0.1157
431.356	0.1157
431.484	0.1157
431.612	0.1156
431.74	0.1156
431.868	0.1156
431.996	0.1156
432.125	0.1157
432.252	0.1157
432.38	0.1157
432.508	0.1157
432.636	0.116
432.763	0.116
432.891	0.116
433.019	0.116
433.147	0.1158
433.275	0.1158
433.403	0.1158
433.531	0.1158
433.658	0.1157
433.786	0.1157
433.914	0.1157
434.042	0.1157
434.17	0.1157
434.298	0.1157
434.426	0.1157
434.553	0.1157
434.682	0.1155
434.81	0.1155
434.938	0.1155
435.066	0.1155
435.195	0.1153
435.322	0.1153
435.45	0.1153
435.578	0.1153
435.706	0.1154
435.834	0.1154
435.962	0.1154
436.09	0.1154
436.217	0.1153
436.346	0.1153
436.473	0.1153
436.601	0.1153
436.729	0.1154
436.857	0.1154
436.986	0.1154
437.113	0.1154
437.242	0.1154
437.369	0.1155
437.497	0.1155
437.625	0.1155
437.753	0.1155
437.881	0.1156
438.009	0.1156
438.137	0.1156
438.264	0.1156
438.392	0.1157
438.52	0.1157
438.649	0.1157
438.776	0.1157
438.905	0.1156
439.033	0.1156
439.16	0.1156
439.289	0.1156
439.416	0.1156
439.544	0.1156
439.672	0.1156
439.8	0.1156
439.927	0.1154
440.055	0.1154
440.183	0.1154
440.312	0.1154
440.439	0.1152
440.568	0.1152
440.695	0.1152
440.823	0.1152
440.951	0.1153
441.079	0.1153
441.206	0.1153
441.335	0.1153
441.462	0.1153
441.591	0.1153
441.718	0.1153
441.846	0.1153
441.974	0.1154
442.102	0.1154
442.231	0.1154
442.358	0.1154
442.487	0.1156
442.614	0.1156
442.743	0.1156
442.87	0.1156
442.998	0.1156
443.126	0.1154
443.254	0.1154
443.382	0.1154
443.51	0.1154
443.638	0.1153
443.766	0.1153
443.894	0.1153
444.022	0.1153
444.15	0.1154
444.277	0.1154
444.406	0.1154
444.533	0.1154
444.661	0.1154
444.79	0.1154
444.917	0.1154
445.045	0.1154
445.173	0.1155
445.301	0.1155
445.429	0.1155
445.557	0.1155
445.685	0.1155
445.813	0.1155
445.94	0.1155
446.069	0.1155
446.196	0.1154
446.325	0.1154
446.453	0.1154
446.58	0.1154
446.709	0.1153
446.836	0.1153
446.965	0.1153
447.093	0.1153
447.236	0.1153
447.364	0.1153
447.491	0.1153
447.619	0.1153
447.747	0.1154
447.876	0.1154
448.003	0.1154
448.132	0.1154
448.259	0.1154
448.387	0.1154
448.514	0.1154
448.643	0.1154
448.77	0.1155
448.898	0.1155
449.026	0.1155
449.155	0.1155
449.282	0.1156
449.41	0.1156
449.538	0.1156
449.666	0.1156
449.794	0.0638
449.923	0.0638
450.05	0.0638
450.178	0.005
450.322	0.005
450.451	0.005
450.579	0.005
450.706	0.0004
450.833	0.0004
450.962	0.0004
451.106	0.0004
451.234	0
451.362	0
451.49	0
451.618	0
451.746	0
451.874	0
452.002	0
452.13	0
452.257	0
452.386	0
452.513	0
452.642	0
452.769	0
452.897	0
453.025	0
453.154	0
453.281	0
453.409	0
453.537	0
453.665	0
453.793	0
453.92	0
454.048	0
454.176	0
454.305	0
454.432	0
454.56	0
454.688	0
454.816	0
454.944	0
455.071	0
455.2	0
455.328	0
455.457	0
455.584	0
455.712	0
455.84	0
455.967	0
456.095	0
456.223	0
456.351	0
456.48	0
456.607	0
