# UNIX time, Current (A), PS Voltage (V), REF Voltage (V)
# SAMPLE_SURFACE = 15.7
# SAMPLE_NAME = Arnold2_uncoatig
# COATING_STEP = 1
1.562935402546875000e+09	-0.000000000000000000e+00	6.000000000000000125e-03
1.562935402640625000e+09	-0.000000000000000000e+00	6.000000000000000125e-03
1.562935402750000000e+09	-0.000000000000000000e+00	6.000000000000000125e-03
1.562935402859375000e+09	-0.000000000000000000e+00	7.000000000000000146e-03
1.562935402968750000e+09	-0.000000000000000000e+00	6.000000000000000125e-03
1.562935403078125000e+09	-0.000000000000000000e+00	6.000000000000000125e-03
1.562935403171875000e+09	-0.000000000000000000e+00	6.000000000000000125e-03
1.562935403281250000e+09	-0.000000000000000000e+00	6.000000000000000125e-03
1.562935403390625000e+09	-0.000000000000000000e+00	6.000000000000000125e-03
1.562935403500000000e+09	-0.000000000000000000e+00	7.000000000000000146e-03
1.562935403718750000e+09	-0.000000000000000000e+00	6.000000000000000125e-03
1.562935404015625000e+09	-0.000000000000000000e+00	6.000000000000000125e-03
1.562935404140625000e+09	-0.000000000000000000e+00	6.000000000000000125e-03
1.562935404234375000e+09	-0.000000000000000000e+00	6.000000000000000125e-03
1.562935404343750000e+09	-0.000000000000000000e+00	6.000000000000000125e-03
1.562935404453125000e+09	-0.000000000000000000e+00	7.000000000000000146e-03
1.562935404562500000e+09	-0.000000000000000000e+00	6.000000000000000125e-03
1.562935404781250000e+09	-0.000000000000000000e+00	6.000000000000000125e-03
1.562935405125000000e+09	-0.000000000000000000e+00	6.000000000000000125e-03
1.562935405296875000e+09	-0.000000000000000000e+00	6.000000000000000125e-03
1.562935405406250000e+09	-0.000000000000000000e+00	6.000000000000000125e-03
1.562935405500000000e+09	-0.000000000000000000e+00	6.000000000000000125e-03
1.562935405609375000e+09	-0.000000000000000000e+00	6.000000000000000125e-03
1.562935405718750000e+09	-0.000000000000000000e+00	6.000000000000000125e-03
1.562935406125000000e+09	-0.000000000000000000e+00	7.000000000000000146e-03
1.562935406296875000e+09	-0.000000000000000000e+00	6.000000000000000125e-03
1.562935406406250000e+09	-0.000000000000000000e+00	6.000000000000000125e-03
1.562935406515625000e+09	-0.000000000000000000e+00	6.000000000000000125e-03
1.562935406625000000e+09	-0.000000000000000000e+00	6.000000000000000125e-03
1.562935406718750000e+09	-0.000000000000000000e+00	6.000000000000000125e-03
1.562935406937500000e+09	-0.000000000000000000e+00	7.000000000000000146e-03
1.562935407203125000e+09	-0.000000000000000000e+00	7.000000000000000146e-03
1.562935407343750000e+09	-0.000000000000000000e+00	6.000000000000000125e-03
1.562935407437500000e+09	-0.000000000000000000e+00	6.000000000000000125e-03
1.562935407546875000e+09	-0.000000000000000000e+00	6.000000000000000125e-03
1.562935407656250000e+09	-0.000000000000000000e+00	7.000000000000000146e-03
1.562935407765625000e+09	-0.000000000000000000e+00	7.000000000000000146e-03
1.562935407859375000e+09	-0.000000000000000000e+00	6.000000000000000125e-03
1.562935408187500000e+09	-0.000000000000000000e+00	6.000000000000000125e-03
1.562935408421875000e+09	-0.000000000000000000e+00	6.000000000000000125e-03
1.562935408515625000e+09	-0.000000000000000000e+00	7.000000000000000146e-03
1.562935408625000000e+09	-0.000000000000000000e+00	7.000000000000000146e-03
1.562935408734375000e+09	-0.000000000000000000e+00	6.000000000000000125e-03
1.562935408843750000e+09	-0.000000000000000000e+00	7.000000000000000146e-03
1.562935409046875000e+09	-0.000000000000000000e+00	6.000000000000000125e-03
1.562935409343750000e+09	-0.000000000000000000e+00	7.000000000000000146e-03
1.562935409531250000e+09	-0.000000000000000000e+00	7.000000000000000146e-03
1.562935409640625000e+09	-0.000000000000000000e+00	6.000000000000000125e-03
1.562935409750000000e+09	-0.000000000000000000e+00	6.000000000000000125e-03
1.562935409843750000e+09	-0.000000000000000000e+00	6.000000000000000125e-03
1.562935409953125000e+09	-0.000000000000000000e+00	6.000000000000000125e-03
1.562935410281250000e+09	-0.000000000000000000e+00	7.000000000000000146e-03
1.562935410484375000e+09	-0.000000000000000000e+00	6.000000000000000125e-03
1.562935410625000000e+09	-0.000000000000000000e+00	6.000000000000000125e-03
1.562935410734375000e+09	-0.000000000000000000e+00	6.000000000000000125e-03
1.562935410828125000e+09	-0.000000000000000000e+00	6.000000000000000125e-03
1.562935410937500000e+09	-0.000000000000000000e+00	6.000000000000000125e-03
1.562935411046875000e+09	-0.000000000000000000e+00	6.000000000000000125e-03
1.562935411359375000e+09	-0.000000000000000000e+00	6.000000000000000125e-03
1.562935411578125000e+09	-0.000000000000000000e+00	6.000000000000000125e-03
1.562935411703125000e+09	-0.000000000000000000e+00	6.000000000000000125e-03
1.562935411812500000e+09	-0.000000000000000000e+00	7.000000000000000146e-03
1.562935411921875000e+09	-0.000000000000000000e+00	6.000000000000000125e-03
1.562935412031250000e+09	-0.000000000000000000e+00	6.000000000000000125e-03
1.562935412140625000e+09	-0.000000000000000000e+00	6.000000000000000125e-03
1.562935412281250000e+09	-0.000000000000000000e+00	6.000000000000000125e-03
1.562935412500000000e+09	-0.000000000000000000e+00	6.000000000000000125e-03
1.562935412656250000e+09	-0.000000000000000000e+00	7.000000000000000146e-03
1.562935412812500000e+09	-0.000000000000000000e+00	6.000000000000000125e-03
1.562935412906250000e+09	-0.000000000000000000e+00	6.000000000000000125e-03
1.562935413015625000e+09	-0.000000000000000000e+00	6.000000000000000125e-03
1.562935413125000000e+09	-0.000000000000000000e+00	6.000000000000000125e-03
1.562935413234375000e+09	-0.000000000000000000e+00	6.000000000000000125e-03
1.562935413421875000e+09	-0.000000000000000000e+00	6.000000000000000125e-03
1.562935413687500000e+09	-0.000000000000000000e+00	6.000000000000000125e-03
1.562935413859375000e+09	-0.000000000000000000e+00	6.000000000000000125e-03
1.562935413953125000e+09	-0.000000000000000000e+00	6.000000000000000125e-03
1.562935414062500000e+09	-0.000000000000000000e+00	6.000000000000000125e-03
1.562935414171875000e+09	-0.000000000000000000e+00	6.000000000000000125e-03
1.562935414281250000e+09	-0.000000000000000000e+00	6.000000000000000125e-03
1.562935414500000000e+09	-0.000000000000000000e+00	6.000000000000000125e-03
1.562935414734375000e+09	-0.000000000000000000e+00	6.000000000000000125e-03
1.562935414890625000e+09	-0.000000000000000000e+00	6.000000000000000125e-03
1.562935415015625000e+09	-0.000000000000000000e+00	6.000000000000000125e-03
1.562935415125000000e+09	-0.000000000000000000e+00	6.000000000000000125e-03
1.562935415234375000e+09	-0.000000000000000000e+00	6.000000000000000125e-03
1.562935415343750000e+09	-0.000000000000000000e+00	6.000000000000000125e-03
1.562935415437500000e+09	-0.000000000000000000e+00	6.000000000000000125e-03
1.562935415765625000e+09	-0.000000000000000000e+00	6.000000000000000125e-03
1.562935415984375000e+09	-0.000000000000000000e+00	6.000000000000000125e-03
1.562935416093750000e+09	-0.000000000000000000e+00	6.000000000000000125e-03
1.562935416296875000e+09	8.599999999999999312e-02	2.010000000000000120e-01
1.562935416406250000e+09	8.899999999999999578e-02	2.010000000000000120e-01
1.562935416515625000e+09	8.599999999999999312e-02	2.020000000000000129e-01
1.562935416921875000e+09	8.899999999999999578e-02	2.020000000000000129e-01
1.562935417078125000e+09	8.999999999999999667e-02	2.020000000000000129e-01
1.562935417187500000e+09	9.199999999999999845e-02	2.020000000000000129e-01
1.562935417296875000e+09	9.199999999999999845e-02	2.010000000000000120e-01
1.562935417406250000e+09	9.199999999999999845e-02	2.020000000000000129e-01
1.562935417515625000e+09	9.400000000000000022e-02	2.010000000000000120e-01
1.562935417625000000e+09	9.199999999999999845e-02	2.020000000000000129e-01
1.562935418000000000e+09	9.400000000000000022e-02	2.020000000000000129e-01
1.562935418171875000e+09	9.400000000000000022e-02	2.020000000000000129e-01
1.562935418375000000e+09	9.600000000000000200e-02	2.020000000000000129e-01
1.562935418484375000e+09	9.400000000000000022e-02	2.020000000000000129e-01
1.562935418593750000e+09	9.500000000000000111e-02	2.020000000000000129e-01
1.562935418703125000e+09	9.400000000000000022e-02	2.020000000000000129e-01
1.562935419000000000e+09	9.500000000000000111e-02	2.010000000000000120e-01
1.562935419375000000e+09	9.700000000000000289e-02	2.010000000000000120e-01
1.562935419484375000e+09	9.500000000000000111e-02	2.020000000000000129e-01
1.562935419593750000e+09	9.700000000000000289e-02	2.020000000000000129e-01
1.562935419703125000e+09	9.700000000000000289e-02	2.020000000000000129e-01
1.562935419812500000e+09	9.500000000000000111e-02	2.010000000000000120e-01
1.562935420031250000e+09	9.500000000000000111e-02	2.010000000000000120e-01
1.562935420359375000e+09	9.600000000000000200e-02	2.020000000000000129e-01
1.562935420515625000e+09	9.800000000000000377e-02	2.020000000000000129e-01
1.562935420625000000e+09	9.700000000000000289e-02	2.020000000000000129e-01
1.562935420734375000e+09	9.900000000000000466e-02	2.020000000000000129e-01
1.562935420843750000e+09	9.900000000000000466e-02	2.020000000000000129e-01
1.562935420953125000e+09	9.900000000000000466e-02	2.020000000000000129e-01
1.562935421359375000e+09	9.900000000000000466e-02	2.010000000000000120e-01
1.562935421546875000e+09	1.000000000000000056e-01	2.010000000000000120e-01
1.562935421656250000e+09	9.900000000000000466e-02	2.020000000000000129e-01
1.562935421750000000e+09	1.000000000000000056e-01	2.020000000000000129e-01
1.562935421859375000e+09	9.800000000000000377e-02	2.020000000000000129e-01
1.562935421968750000e+09	1.010000000000000064e-01	2.020000000000000129e-01
1.562935422218750000e+09	9.900000000000000466e-02	2.020000000000000129e-01
1.562935422515625000e+09	9.900000000000000466e-02	2.010000000000000120e-01
1.562935422671875000e+09	1.010000000000000064e-01	2.020000000000000129e-01
1.562935422781250000e+09	1.000000000000000056e-01	2.020000000000000129e-01
1.562935422890625000e+09	9.900000000000000466e-02	2.020000000000000129e-01
1.562935423000000000e+09	9.800000000000000377e-02	2.010000000000000120e-01
1.562935423109375000e+09	1.010000000000000064e-01	2.010000000000000120e-01
1.562935423390625000e+09	9.800000000000000377e-02	2.010000000000000120e-01
1.562935423671875000e+09	1.010000000000000064e-01	2.010000000000000120e-01
1.562935423781250000e+09	1.010000000000000064e-01	2.020000000000000129e-01
1.562935423890625000e+09	1.010000000000000064e-01	2.010000000000000120e-01
1.562935424000000000e+09	1.010000000000000064e-01	2.020000000000000129e-01
1.562935424109375000e+09	1.010000000000000064e-01	2.020000000000000129e-01
1.562935424468750000e+09	1.000000000000000056e-01	2.020000000000000129e-01
1.562935424718750000e+09	1.000000000000000056e-01	2.020000000000000129e-01
1.562935424828125000e+09	1.010000000000000064e-01	2.020000000000000129e-01
1.562935424937500000e+09	1.010000000000000064e-01	2.010000000000000120e-01
1.562935425046875000e+09	1.010000000000000064e-01	2.010000000000000120e-01
1.562935425156250000e+09	1.019999999999999934e-01	2.020000000000000129e-01
1.562935425390625000e+09	1.019999999999999934e-01	2.020000000000000129e-01
1.562935425609375000e+09	1.010000000000000064e-01	2.010000000000000120e-01
1.562935425890625000e+09	1.010000000000000064e-01	2.020000000000000129e-01
1.562935426000000000e+09	1.029999999999999943e-01	2.010000000000000120e-01
1.562935426109375000e+09	1.010000000000000064e-01	2.020000000000000129e-01
1.562935426218750000e+09	1.029999999999999943e-01	2.010000000000000120e-01
1.562935426328125000e+09	1.010000000000000064e-01	2.010000000000000120e-01
1.562935426546875000e+09	1.029999999999999943e-01	2.010000000000000120e-01
1.562935426859375000e+09	1.010000000000000064e-01	2.020000000000000129e-01
1.562935427000000000e+09	1.019999999999999934e-01	2.020000000000000129e-01
1.562935427109375000e+09	1.010000000000000064e-01	2.020000000000000129e-01
1.562935427218750000e+09	1.029999999999999943e-01	2.020000000000000129e-01
1.562935427328125000e+09	1.010000000000000064e-01	2.020000000000000129e-01
1.562935427578125000e+09	1.029999999999999943e-01	2.010000000000000120e-01
1.562935427953125000e+09	1.010000000000000064e-01	2.020000000000000129e-01
1.562935428062500000e+09	1.010000000000000064e-01	2.020000000000000129e-01
1.562935428171875000e+09	1.029999999999999943e-01	2.010000000000000120e-01
1.562935428281250000e+09	1.029999999999999943e-01	2.020000000000000129e-01
1.562935428390625000e+09	1.010000000000000064e-01	2.010000000000000120e-01
1.562935428531250000e+09	1.039999999999999952e-01	2.020000000000000129e-01
1.562935428921875000e+09	1.010000000000000064e-01	2.010000000000000120e-01
1.562935429109375000e+09	1.029999999999999943e-01	2.010000000000000120e-01
1.562935429218750000e+09	1.019999999999999934e-01	2.020000000000000129e-01
1.562935429328125000e+09	1.029999999999999943e-01	2.020000000000000129e-01
1.562935429437500000e+09	1.019999999999999934e-01	2.010000000000000120e-01
1.562935429546875000e+09	1.019999999999999934e-01	2.020000000000000129e-01
1.562935429937500000e+09	1.029999999999999943e-01	2.020000000000000129e-01
1.562935430125000000e+09	1.029999999999999943e-01	2.010000000000000120e-01
1.562935430234375000e+09	1.019999999999999934e-01	2.020000000000000129e-01
1.562935430343750000e+09	1.010000000000000064e-01	2.020000000000000129e-01
1.562935430453125000e+09	1.010000000000000064e-01	2.020000000000000129e-01
1.562935430562500000e+09	1.019999999999999934e-01	2.020000000000000129e-01
1.562935430812500000e+09	1.029999999999999943e-01	2.020000000000000129e-01
1.562935431109375000e+09	1.029999999999999943e-01	2.010000000000000120e-01
1.562935431234375000e+09	1.000000000000000056e-01	2.020000000000000129e-01
1.562935431343750000e+09	1.029999999999999943e-01	2.020000000000000129e-01
1.562935431453125000e+09	1.019999999999999934e-01	2.010000000000000120e-01
1.562935431562500000e+09	1.029999999999999943e-01	2.010000000000000120e-01
1.562935431671875000e+09	1.019999999999999934e-01	2.020000000000000129e-01
1.562935432062500000e+09	1.029999999999999943e-01	2.010000000000000120e-01
1.562935432250000000e+09	1.010000000000000064e-01	2.010000000000000120e-01
1.562935432359375000e+09	1.029999999999999943e-01	2.020000000000000129e-01
1.562935432468750000e+09	1.029999999999999943e-01	2.020000000000000129e-01
1.562935432578125000e+09	1.019999999999999934e-01	2.010000000000000120e-01
1.562935432687500000e+09	1.010000000000000064e-01	2.020000000000000129e-01
1.562935432921875000e+09	1.029999999999999943e-01	2.020000000000000129e-01
1.562935433250000000e+09	1.029999999999999943e-01	2.010000000000000120e-01
1.562935433421875000e+09	1.019999999999999934e-01	2.020000000000000129e-01
1.562935433531250000e+09	1.029999999999999943e-01	2.010000000000000120e-01
1.562935433640625000e+09	1.029999999999999943e-01	2.020000000000000129e-01
1.562935433750000000e+09	1.010000000000000064e-01	2.020000000000000129e-01
1.562935433859375000e+09	1.019999999999999934e-01	2.020000000000000129e-01
1.562935434281250000e+09	1.029999999999999943e-01	2.020000000000000129e-01
1.562935434421875000e+09	1.029999999999999943e-01	2.010000000000000120e-01
1.562935434546875000e+09	1.019999999999999934e-01	2.020000000000000129e-01
1.562935434656250000e+09	1.029999999999999943e-01	2.010000000000000120e-01
1.562935434765625000e+09	1.010000000000000064e-01	2.020000000000000129e-01
1.562935434875000000e+09	1.010000000000000064e-01	2.020000000000000129e-01
1.562935435125000000e+09	1.019999999999999934e-01	2.020000000000000129e-01
1.562935435421875000e+09	1.010000000000000064e-01	2.020000000000000129e-01
1.562935435562500000e+09	1.029999999999999943e-01	2.020000000000000129e-01
1.562935435671875000e+09	1.029999999999999943e-01	2.020000000000000129e-01
1.562935435781250000e+09	1.029999999999999943e-01	2.020000000000000129e-01
1.562935435890625000e+09	1.029999999999999943e-01	2.020000000000000129e-01
1.562935436000000000e+09	1.029999999999999943e-01	2.010000000000000120e-01
1.562935436234375000e+09	1.019999999999999934e-01	2.020000000000000129e-01
1.562935436500000000e+09	1.029999999999999943e-01	2.020000000000000129e-01
1.562935436687500000e+09	1.010000000000000064e-01	2.010000000000000120e-01
1.562935436796875000e+09	1.029999999999999943e-01	2.020000000000000129e-01
1.562935436906250000e+09	1.010000000000000064e-01	2.010000000000000120e-01
1.562935437015625000e+09	1.029999999999999943e-01	2.020000000000000129e-01
1.562935437125000000e+09	1.010000000000000064e-01	2.010000000000000120e-01
1.562935437406250000e+09	1.010000000000000064e-01	2.010000000000000120e-01
1.562935437671875000e+09	1.019999999999999934e-01	2.020000000000000129e-01
1.562935437781250000e+09	1.010000000000000064e-01	2.010000000000000120e-01
1.562935437890625000e+09	1.029999999999999943e-01	2.020000000000000129e-01
1.562935438000000000e+09	1.010000000000000064e-01	2.020000000000000129e-01
1.562935438093750000e+09	1.019999999999999934e-01	2.020000000000000129e-01
1.562935438203125000e+09	1.029999999999999943e-01	2.010000000000000120e-01
1.562935438562500000e+09	1.029999999999999943e-01	2.020000000000000129e-01
1.562935438796875000e+09	1.010000000000000064e-01	2.020000000000000129e-01
1.562935438906250000e+09	9.900000000000000466e-02	2.010000000000000120e-01
1.562935439015625000e+09	1.029999999999999943e-01	2.020000000000000129e-01
1.562935439125000000e+09	1.010000000000000064e-01	2.020000000000000129e-01
1.562935439234375000e+09	1.029999999999999943e-01	2.020000000000000129e-01
1.562935439421875000e+09	1.019999999999999934e-01	2.020000000000000129e-01
1.562935439734375000e+09	1.029999999999999943e-01	2.010000000000000120e-01
1.562935439906250000e+09	1.010000000000000064e-01	2.010000000000000120e-01
1.562935440015625000e+09	1.019999999999999934e-01	2.020000000000000129e-01
1.562935440125000000e+09	1.010000000000000064e-01	2.010000000000000120e-01
1.562935440234375000e+09	1.029999999999999943e-01	2.020000000000000129e-01
1.562935440343750000e+09	1.019999999999999934e-01	2.010000000000000120e-01
1.562935440781250000e+09	1.010000000000000064e-01	2.020000000000000129e-01
1.562935440984375000e+09	1.010000000000000064e-01	2.020000000000000129e-01
1.562935441093750000e+09	1.029999999999999943e-01	2.020000000000000129e-01
1.562935441203125000e+09	1.010000000000000064e-01	2.020000000000000129e-01
1.562935441312500000e+09	1.029999999999999943e-01	2.020000000000000129e-01
1.562935441421875000e+09	1.019999999999999934e-01	2.020000000000000129e-01
1.562935441671875000e+09	1.019999999999999934e-01	2.020000000000000129e-01
1.562935441968750000e+09	1.000000000000000056e-01	2.010000000000000120e-01
1.562935442109375000e+09	1.010000000000000064e-01	2.020000000000000129e-01
1.562935442218750000e+09	1.010000000000000064e-01	2.020000000000000129e-01
1.562935442328125000e+09	1.010000000000000064e-01	2.020000000000000129e-01
1.562935442437500000e+09	1.019999999999999934e-01	2.020000000000000129e-01
1.562935442546875000e+09	1.019999999999999934e-01	2.020000000000000129e-01
1.562935442984375000e+09	1.010000000000000064e-01	2.010000000000000120e-01
1.562935443203125000e+09	9.900000000000000466e-02	2.020000000000000129e-01
1.562935443312500000e+09	1.010000000000000064e-01	2.020000000000000129e-01
1.562935443421875000e+09	1.019999999999999934e-01	2.010000000000000120e-01
1.562935443515625000e+09	1.000000000000000056e-01	2.010000000000000120e-01
1.562935443625000000e+09	1.010000000000000064e-01	2.020000000000000129e-01
1.562935444000000000e+09	1.010000000000000064e-01	2.020000000000000129e-01
1.562935444250000000e+09	1.029999999999999943e-01	2.010000000000000120e-01
1.562935444359375000e+09	1.019999999999999934e-01	2.020000000000000129e-01
1.562935444468750000e+09	1.010000000000000064e-01	2.020000000000000129e-01
1.562935444578125000e+09	1.029999999999999943e-01	2.020000000000000129e-01
1.562935444687500000e+09	1.010000000000000064e-01	2.010000000000000120e-01
1.562935444890625000e+09	1.000000000000000056e-01	2.020000000000000129e-01
1.562935445218750000e+09	1.019999999999999934e-01	2.010000000000000120e-01
1.562935445375000000e+09	1.019999999999999934e-01	2.020000000000000129e-01
1.562935445484375000e+09	1.010000000000000064e-01	2.010000000000000120e-01
1.562935445593750000e+09	1.029999999999999943e-01	2.020000000000000129e-01
1.562935445703125000e+09	1.010000000000000064e-01	2.020000000000000129e-01
1.562935445812500000e+09	1.019999999999999934e-01	2.010000000000000120e-01
1.562935446046875000e+09	1.000000000000000056e-01	2.010000000000000120e-01
1.562935446265625000e+09	1.010000000000000064e-01	2.020000000000000129e-01
1.562935446375000000e+09	1.010000000000000064e-01	2.020000000000000129e-01
1.562935446515625000e+09	1.010000000000000064e-01	2.010000000000000120e-01
1.562935446625000000e+09	1.019999999999999934e-01	2.020000000000000129e-01
1.562935446734375000e+09	1.010000000000000064e-01	2.020000000000000129e-01
1.562935446843750000e+09	1.010000000000000064e-01	2.020000000000000129e-01
1.562935446953125000e+09	1.000000000000000056e-01	2.020000000000000129e-01
1.562935447343750000e+09	1.010000000000000064e-01	2.010000000000000120e-01
1.562935447546875000e+09	1.000000000000000056e-01	2.010000000000000120e-01
1.562935447656250000e+09	1.000000000000000056e-01	2.010000000000000120e-01
1.562935447765625000e+09	1.019999999999999934e-01	2.020000000000000129e-01
1.562935447875000000e+09	1.000000000000000056e-01	2.020000000000000129e-01
1.562935447984375000e+09	1.010000000000000064e-01	2.020000000000000129e-01
1.562935448218750000e+09	1.000000000000000056e-01	2.010000000000000120e-01
1.562935448531250000e+09	1.010000000000000064e-01	2.010000000000000120e-01
1.562935448734375000e+09	1.029999999999999943e-01	2.020000000000000129e-01
1.562935448843750000e+09	1.000000000000000056e-01	2.020000000000000129e-01
1.562935448953125000e+09	1.029999999999999943e-01	2.020000000000000129e-01
1.562935449062500000e+09	1.010000000000000064e-01	2.010000000000000120e-01
1.562935449171875000e+09	1.010000000000000064e-01	2.020000000000000129e-01
1.562935449390625000e+09	1.010000000000000064e-01	2.010000000000000120e-01
1.562935449703125000e+09	9.900000000000000466e-02	2.020000000000000129e-01
1.562935449843750000e+09	9.900000000000000466e-02	2.020000000000000129e-01
1.562935449953125000e+09	9.900000000000000466e-02	2.010000000000000120e-01
1.562935450062500000e+09	1.019999999999999934e-01	2.020000000000000129e-01
1.562935450171875000e+09	1.010000000000000064e-01	2.010000000000000120e-01
1.562935450281250000e+09	9.800000000000000377e-02	2.020000000000000129e-01
1.562935450562500000e+09	1.010000000000000064e-01	2.020000000000000129e-01
1.562935450765625000e+09	1.000000000000000056e-01	2.010000000000000120e-01
1.562935450906250000e+09	9.900000000000000466e-02	2.020000000000000129e-01
1.562935451015625000e+09	9.800000000000000377e-02	2.020000000000000129e-01
1.562935451125000000e+09	1.010000000000000064e-01	2.010000000000000120e-01
1.562935451234375000e+09	1.000000000000000056e-01	2.010000000000000120e-01
1.562935451343750000e+09	9.900000000000000466e-02	2.020000000000000129e-01
1.562935451609375000e+09	9.900000000000000466e-02	2.020000000000000129e-01
1.562935451890625000e+09	9.900000000000000466e-02	2.010000000000000120e-01
1.562935451984375000e+09	1.000000000000000056e-01	2.010000000000000120e-01
1.562935452093750000e+09	9.900000000000000466e-02	2.010000000000000120e-01
1.562935452203125000e+09	1.000000000000000056e-01	2.010000000000000120e-01
1.562935452312500000e+09	9.900000000000000466e-02	2.020000000000000129e-01
1.562935452593750000e+09	9.900000000000000466e-02	2.010000000000000120e-01
1.562935452890625000e+09	1.000000000000000056e-01	2.010000000000000120e-01
1.562935453031250000e+09	1.000000000000000056e-01	2.020000000000000129e-01
1.562935453140625000e+09	9.900000000000000466e-02	2.020000000000000129e-01
1.562935453250000000e+09	9.900000000000000466e-02	2.020000000000000129e-01
1.562935453359375000e+09	9.900000000000000466e-02	2.020000000000000129e-01
1.562935453468750000e+09	1.000000000000000056e-01	2.010000000000000120e-01
1.562935453875000000e+09	1.010000000000000064e-01	2.020000000000000129e-01
1.562935454062500000e+09	1.000000000000000056e-01	2.010000000000000120e-01
1.562935454171875000e+09	9.700000000000000289e-02	2.020000000000000129e-01
1.562935454281250000e+09	9.900000000000000466e-02	2.020000000000000129e-01
1.562935454375000000e+09	9.800000000000000377e-02	2.010000000000000120e-01
1.562935454484375000e+09	1.000000000000000056e-01	2.010000000000000120e-01
1.562935454875000000e+09	9.900000000000000466e-02	2.010000000000000120e-01
1.562935455093750000e+09	1.000000000000000056e-01	2.010000000000000120e-01
1.562935455203125000e+09	9.800000000000000377e-02	2.020000000000000129e-01
1.562935455312500000e+09	9.900000000000000466e-02	2.020000000000000129e-01
1.562935455421875000e+09	9.900000000000000466e-02	2.010000000000000120e-01
1.562935455515625000e+09	9.700000000000000289e-02	2.020000000000000129e-01
1.562935455843750000e+09	9.900000000000000466e-02	2.010000000000000120e-01
1.562935456125000000e+09	9.700000000000000289e-02	2.010000000000000120e-01
1.562935456312500000e+09	9.900000000000000466e-02	2.020000000000000129e-01
1.562935456421875000e+09	9.900000000000000466e-02	2.020000000000000129e-01
1.562935456531250000e+09	9.600000000000000200e-02	2.020000000000000129e-01
1.562935456640625000e+09	9.700000000000000289e-02	2.020000000000000129e-01
1.562935456750000000e+09	9.700000000000000289e-02	2.010000000000000120e-01
1.562935457140625000e+09	9.700000000000000289e-02	2.020000000000000129e-01
1.562935457343750000e+09	9.800000000000000377e-02	2.020000000000000129e-01
1.562935457453125000e+09	9.900000000000000466e-02	2.010000000000000120e-01
1.562935457562500000e+09	9.800000000000000377e-02	2.010000000000000120e-01
1.562935457671875000e+09	9.900000000000000466e-02	2.020000000000000129e-01
1.562935457781250000e+09	9.700000000000000289e-02	2.020000000000000129e-01
1.562935458187500000e+09	9.600000000000000200e-02	2.020000000000000129e-01
1.562935458390625000e+09	9.800000000000000377e-02	2.020000000000000129e-01
1.562935458500000000e+09	9.900000000000000466e-02	2.010000000000000120e-01
1.562935458609375000e+09	9.800000000000000377e-02	2.010000000000000120e-01
1.562935458718750000e+09	9.700000000000000289e-02	2.020000000000000129e-01
1.562935458828125000e+09	9.700000000000000289e-02	2.010000000000000120e-01
1.562935459109375000e+09	9.500000000000000111e-02	2.020000000000000129e-01
1.562935459390625000e+09	9.700000000000000289e-02	2.010000000000000120e-01
1.562935459531250000e+09	9.700000000000000289e-02	2.020000000000000129e-01
1.562935459640625000e+09	9.400000000000000022e-02	2.020000000000000129e-01
1.562935459750000000e+09	9.700000000000000289e-02	2.020000000000000129e-01
1.562935459859375000e+09	9.700000000000000289e-02	2.010000000000000120e-01
1.562935460109375000e+09	9.700000000000000289e-02	2.020000000000000129e-01
1.562935460359375000e+09	9.500000000000000111e-02	2.010000000000000120e-01
1.562935460546875000e+09	9.500000000000000111e-02	2.020000000000000129e-01
1.562935460656250000e+09	9.600000000000000200e-02	2.020000000000000129e-01
1.562935460765625000e+09	9.600000000000000200e-02	2.020000000000000129e-01
1.562935460875000000e+09	9.500000000000000111e-02	2.020000000000000129e-01
1.562935460984375000e+09	9.700000000000000289e-02	2.020000000000000129e-01
1.562935461390625000e+09	9.700000000000000289e-02	2.010000000000000120e-01
1.562935461593750000e+09	9.800000000000000377e-02	2.020000000000000129e-01
1.562935461703125000e+09	9.600000000000000200e-02	2.020000000000000129e-01
1.562935461812500000e+09	9.700000000000000289e-02	2.010000000000000120e-01
1.562935461921875000e+09	9.500000000000000111e-02	2.010000000000000120e-01
1.562935462031250000e+09	9.500000000000000111e-02	2.020000000000000129e-01
1.562935462250000000e+09	9.600000000000000200e-02	2.010000000000000120e-01
1.562935462515625000e+09	9.500000000000000111e-02	2.020000000000000129e-01
1.562935462687500000e+09	9.299999999999999933e-02	2.020000000000000129e-01
1.562935462796875000e+09	9.600000000000000200e-02	2.020000000000000129e-01
1.562935462906250000e+09	9.500000000000000111e-02	2.010000000000000120e-01
1.562935463000000000e+09	9.600000000000000200e-02	2.020000000000000129e-01
1.562935463109375000e+09	9.500000000000000111e-02	2.010000000000000120e-01
1.562935463546875000e+09	9.600000000000000200e-02	2.010000000000000120e-01
1.562935463828125000e+09	9.500000000000000111e-02	2.010000000000000120e-01
1.562935463937500000e+09	9.500000000000000111e-02	2.010000000000000120e-01
1.562935464046875000e+09	9.400000000000000022e-02	2.010000000000000120e-01
1.562935464156250000e+09	9.500000000000000111e-02	2.020000000000000129e-01
1.562935464265625000e+09	9.400000000000000022e-02	2.020000000000000129e-01
1.562935464375000000e+09	9.500000000000000111e-02	2.020000000000000129e-01
1.562935464703125000e+09	9.500000000000000111e-02	2.010000000000000120e-01
1.562935464906250000e+09	9.400000000000000022e-02	2.010000000000000120e-01
1.562935465015625000e+09	9.500000000000000111e-02	2.020000000000000129e-01
1.562935465125000000e+09	9.500000000000000111e-02	2.010000000000000120e-01
1.562935465234375000e+09	9.299999999999999933e-02	2.020000000000000129e-01
1.562935465343750000e+09	9.500000000000000111e-02	2.010000000000000120e-01
1.562935465781250000e+09	9.500000000000000111e-02	2.020000000000000129e-01
1.562935465984375000e+09	9.400000000000000022e-02	2.010000000000000120e-01
1.562935466093750000e+09	9.400000000000000022e-02	2.010000000000000120e-01
1.562935466203125000e+09	9.400000000000000022e-02	2.010000000000000120e-01
1.562935466312500000e+09	9.400000000000000022e-02	2.020000000000000129e-01
1.562935466421875000e+09	9.400000000000000022e-02	2.020000000000000129e-01
1.562935466640625000e+09	9.199999999999999845e-02	2.010000000000000120e-01
1.562935466937500000e+09	9.199999999999999845e-02	2.020000000000000129e-01
1.562935467109375000e+09	9.500000000000000111e-02	2.010000000000000120e-01
1.562935467218750000e+09	9.400000000000000022e-02	2.010000000000000120e-01
1.562935467328125000e+09	9.400000000000000022e-02	2.020000000000000129e-01
1.562935467437500000e+09	9.400000000000000022e-02	2.010000000000000120e-01
1.562935467546875000e+09	9.099999999999999756e-02	2.010000000000000120e-01
1.562935467921875000e+09	9.400000000000000022e-02	2.020000000000000129e-01
1.562935468125000000e+09	9.299999999999999933e-02	2.030000000000000138e-01
1.562935468250000000e+09	9.199999999999999845e-02	2.020000000000000129e-01
1.562935468359375000e+09	9.099999999999999756e-02	2.020000000000000129e-01
1.562935468468750000e+09	9.299999999999999933e-02	2.020000000000000129e-01
1.562935468578125000e+09	9.199999999999999845e-02	2.010000000000000120e-01
1.562935468937500000e+09	9.199999999999999845e-02	2.010000000000000120e-01
1.562935469140625000e+09	9.199999999999999845e-02	2.020000000000000129e-01
1.562935469281250000e+09	9.199999999999999845e-02	2.020000000000000129e-01
1.562935469390625000e+09	9.199999999999999845e-02	2.020000000000000129e-01
1.562935469500000000e+09	9.199999999999999845e-02	2.020000000000000129e-01
1.562935469609375000e+09	9.400000000000000022e-02	2.020000000000000129e-01
1.562935469906250000e+09	9.199999999999999845e-02	2.020000000000000129e-01
1.562935470234375000e+09	9.199999999999999845e-02	2.010000000000000120e-01
1.562935470375000000e+09	9.199999999999999845e-02	2.020000000000000129e-01
1.562935470484375000e+09	9.099999999999999756e-02	2.010000000000000120e-01
1.562935470593750000e+09	9.199999999999999845e-02	2.020000000000000129e-01
1.562935470703125000e+09	9.199999999999999845e-02	2.020000000000000129e-01
1.562935470812500000e+09	9.199999999999999845e-02	2.020000000000000129e-01
1.562935471046875000e+09	9.199999999999999845e-02	2.020000000000000129e-01
1.562935471296875000e+09	8.999999999999999667e-02	2.010000000000000120e-01
1.562935471468750000e+09	8.999999999999999667e-02	2.010000000000000120e-01
1.562935471578125000e+09	9.199999999999999845e-02	2.010000000000000120e-01
1.562935471687500000e+09	8.999999999999999667e-02	2.020000000000000129e-01
1.562935471796875000e+09	8.999999999999999667e-02	2.020000000000000129e-01
1.562935471906250000e+09	9.199999999999999845e-02	2.010000000000000120e-01
1.562935472171875000e+09	9.199999999999999845e-02	2.020000000000000129e-01
1.562935472406250000e+09	8.999999999999999667e-02	2.020000000000000129e-01
1.562935472562500000e+09	8.999999999999999667e-02	2.020000000000000129e-01
1.562935472671875000e+09	8.999999999999999667e-02	2.010000000000000120e-01
1.562935472781250000e+09	8.999999999999999667e-02	2.020000000000000129e-01
1.562935472890625000e+09	9.099999999999999756e-02	2.020000000000000129e-01
1.562935473000000000e+09	8.899999999999999578e-02	2.020000000000000129e-01
1.562935473343750000e+09	8.899999999999999578e-02	2.020000000000000129e-01
1.562935473546875000e+09	8.799999999999999489e-02	2.010000000000000120e-01
1.562935473687500000e+09	8.999999999999999667e-02	2.020000000000000129e-01
1.562935473796875000e+09	8.999999999999999667e-02	2.010000000000000120e-01
1.562935473906250000e+09	9.099999999999999756e-02	2.010000000000000120e-01
1.562935474015625000e+09	9.199999999999999845e-02	2.010000000000000120e-01
1.562935474109375000e+09	8.999999999999999667e-02	2.010000000000000120e-01
1.562935474500000000e+09	8.899999999999999578e-02	2.030000000000000138e-01
1.562935474687500000e+09	8.999999999999999667e-02	2.010000000000000120e-01
1.562935474812500000e+09	8.999999999999999667e-02	2.020000000000000129e-01
1.562935474921875000e+09	8.999999999999999667e-02	2.010000000000000120e-01
1.562935475031250000e+09	8.799999999999999489e-02	2.010000000000000120e-01
1.562935475140625000e+09	8.999999999999999667e-02	2.010000000000000120e-01
1.562935475375000000e+09	8.999999999999999667e-02	2.020000000000000129e-01
1.562935475671875000e+09	8.799999999999999489e-02	2.020000000000000129e-01
1.562935475812500000e+09	8.799999999999999489e-02	2.020000000000000129e-01
1.562935475921875000e+09	8.799999999999999489e-02	2.010000000000000120e-01
1.562935476031250000e+09	8.799999999999999489e-02	2.020000000000000129e-01
1.562935476140625000e+09	8.699999999999999400e-02	2.020000000000000129e-01
1.562935476250000000e+09	8.899999999999999578e-02	2.010000000000000120e-01
1.562935476531250000e+09	8.999999999999999667e-02	2.010000000000000120e-01
1.562935476812500000e+09	8.899999999999999578e-02	2.020000000000000129e-01
1.562935476937500000e+09	8.699999999999999400e-02	2.010000000000000120e-01
1.562935477046875000e+09	8.699999999999999400e-02	2.020000000000000129e-01
1.562935477156250000e+09	8.599999999999999312e-02	2.020000000000000129e-01
1.562935477265625000e+09	8.799999999999999489e-02	2.020000000000000129e-01
1.562935477375000000e+09	8.699999999999999400e-02	2.010000000000000120e-01
1.562935477812500000e+09	8.599999999999999312e-02	2.020000000000000129e-01
1.562935478062500000e+09	8.799999999999999489e-02	2.020000000000000129e-01
1.562935478171875000e+09	8.400000000000000522e-02	2.010000000000000120e-01
1.562935478281250000e+09	8.599999999999999312e-02	2.020000000000000129e-01
1.562935478390625000e+09	8.599999999999999312e-02	2.020000000000000129e-01
1.562935478500000000e+09	8.599999999999999312e-02	2.020000000000000129e-01
1.562935478796875000e+09	8.699999999999999400e-02	2.010000000000000120e-01
1.562935479078125000e+09	8.699999999999999400e-02	2.010000000000000120e-01
1.562935479203125000e+09	8.699999999999999400e-02	2.010000000000000120e-01
1.562935479312500000e+09	8.599999999999999312e-02	2.020000000000000129e-01
1.562935479421875000e+09	8.699999999999999400e-02	2.010000000000000120e-01
1.562935479531250000e+09	8.599999999999999312e-02	2.020000000000000129e-01
1.562935479640625000e+09	8.500000000000000611e-02	2.020000000000000129e-01
1.562935480031250000e+09	8.500000000000000611e-02	2.020000000000000129e-01
1.562935480234375000e+09	8.400000000000000522e-02	2.020000000000000129e-01
1.562935480359375000e+09	8.599999999999999312e-02	2.010000000000000120e-01
1.562935480468750000e+09	8.400000000000000522e-02	2.020000000000000129e-01
1.562935480578125000e+09	8.500000000000000611e-02	2.020000000000000129e-01
1.562935480687500000e+09	8.599999999999999312e-02	2.010000000000000120e-01
1.562935480968750000e+09	8.400000000000000522e-02	2.020000000000000129e-01
1.562935481312500000e+09	8.400000000000000522e-02	2.020000000000000129e-01
1.562935481437500000e+09	8.200000000000000344e-02	2.020000000000000129e-01
1.562935481531250000e+09	8.400000000000000522e-02	2.020000000000000129e-01
1.562935481640625000e+09	8.400000000000000522e-02	2.010000000000000120e-01
1.562935481750000000e+09	8.500000000000000611e-02	2.020000000000000129e-01
1.562935482031250000e+09	8.599999999999999312e-02	2.010000000000000120e-01
1.562935482265625000e+09	8.400000000000000522e-02	2.010000000000000120e-01
1.562935482437500000e+09	8.599999999999999312e-02	2.020000000000000129e-01
1.562935482546875000e+09	8.400000000000000522e-02	2.010000000000000120e-01
1.562935482656250000e+09	8.400000000000000522e-02	2.010000000000000120e-01
1.562935482765625000e+09	8.300000000000000433e-02	2.010000000000000120e-01
1.562935482875000000e+09	8.200000000000000344e-02	2.020000000000000129e-01
1.562935483125000000e+09	8.500000000000000611e-02	2.010000000000000120e-01
1.562935483375000000e+09	8.200000000000000344e-02	2.010000000000000120e-01
1.562935483531250000e+09	8.200000000000000344e-02	2.020000000000000129e-01
1.562935483640625000e+09	8.300000000000000433e-02	2.010000000000000120e-01
1.562935483750000000e+09	8.400000000000000522e-02	2.010000000000000120e-01
1.562935483859375000e+09	8.100000000000000255e-02	2.020000000000000129e-01
1.562935483968750000e+09	8.300000000000000433e-02	2.010000000000000120e-01
1.562935484265625000e+09	8.100000000000000255e-02	2.010000000000000120e-01
1.562935484484375000e+09	8.100000000000000255e-02	2.020000000000000129e-01
1.562935484625000000e+09	8.100000000000000255e-02	2.010000000000000120e-01
1.562935484734375000e+09	8.100000000000000255e-02	2.010000000000000120e-01
1.562935484843750000e+09	8.400000000000000522e-02	2.020000000000000129e-01
1.562935484953125000e+09	8.200000000000000344e-02	2.010000000000000120e-01
1.562935485062500000e+09	8.200000000000000344e-02	2.020000000000000129e-01
1.562935485453125000e+09	8.100000000000000255e-02	2.010000000000000120e-01
1.562935485656250000e+09	8.100000000000000255e-02	2.010000000000000120e-01
1.562935485796875000e+09	8.100000000000000255e-02	2.010000000000000120e-01
1.562935485906250000e+09	8.100000000000000255e-02	2.020000000000000129e-01
1.562935486015625000e+09	8.300000000000000433e-02	2.010000000000000120e-01
1.562935486125000000e+09	7.900000000000000078e-02	2.010000000000000120e-01
1.562935486234375000e+09	8.300000000000000433e-02	2.020000000000000129e-01
1.562935486625000000e+09	8.100000000000000255e-02	2.020000000000000129e-01
1.562935486890625000e+09	8.100000000000000255e-02	2.020000000000000129e-01
1.562935487000000000e+09	7.900000000000000078e-02	2.020000000000000129e-01
1.562935487109375000e+09	8.000000000000000167e-02	2.020000000000000129e-01
1.562935487218750000e+09	7.900000000000000078e-02	2.020000000000000129e-01
1.562935487328125000e+09	7.900000000000000078e-02	2.020000000000000129e-01
1.562935487765625000e+09	7.799999999999999989e-02	2.020000000000000129e-01
1.562935487937500000e+09	8.000000000000000167e-02	2.020000000000000129e-01
1.562935488046875000e+09	7.900000000000000078e-02	2.020000000000000129e-01
1.562935488156250000e+09	7.699999999999999900e-02	2.020000000000000129e-01
1.562935488265625000e+09	7.900000000000000078e-02	2.010000000000000120e-01
1.562935488375000000e+09	8.000000000000000167e-02	2.000000000000000111e-01
1.562935488546875000e+09	7.799999999999999989e-02	2.020000000000000129e-01
1.562935488859375000e+09	7.900000000000000078e-02	2.020000000000000129e-01
1.562935489078125000e+09	7.900000000000000078e-02	2.020000000000000129e-01
1.562935489187500000e+09	7.699999999999999900e-02	2.020000000000000129e-01
1.562935489296875000e+09	7.799999999999999989e-02	2.020000000000000129e-01
1.562935489406250000e+09	7.699999999999999900e-02	2.010000000000000120e-01
1.562935489515625000e+09	7.699999999999999900e-02	2.010000000000000120e-01
1.562935489890625000e+09	7.900000000000000078e-02	2.020000000000000129e-01
1.562935490109375000e+09	7.399999999999999634e-02	2.020000000000000129e-01
1.562935490234375000e+09	7.699999999999999900e-02	2.020000000000000129e-01
1.562935490343750000e+09	7.699999999999999900e-02	2.020000000000000129e-01
1.562935490453125000e+09	7.799999999999999989e-02	2.020000000000000129e-01
1.562935490562500000e+09	7.699999999999999900e-02	2.010000000000000120e-01
1.562935490859375000e+09	7.499999999999999722e-02	2.020000000000000129e-01
1.562935491125000000e+09	7.699999999999999900e-02	2.020000000000000129e-01
1.562935491265625000e+09	7.699999999999999900e-02	2.020000000000000129e-01
1.562935491375000000e+09	7.599999999999999811e-02	2.010000000000000120e-01
1.562935491484375000e+09	7.599999999999999811e-02	2.010000000000000120e-01
1.562935491593750000e+09	7.599999999999999811e-02	2.030000000000000138e-01
1.562935491703125000e+09	7.599999999999999811e-02	2.020000000000000129e-01
1.562935492140625000e+09	7.599999999999999811e-02	2.020000000000000129e-01
1.562935492359375000e+09	7.399999999999999634e-02	2.020000000000000129e-01
1.562935492468750000e+09	7.399999999999999634e-02	2.020000000000000129e-01
1.562935492578125000e+09	7.499999999999999722e-02	2.020000000000000129e-01
1.562935492687500000e+09	7.399999999999999634e-02	2.010000000000000120e-01
1.562935492796875000e+09	7.499999999999999722e-02	2.010000000000000120e-01
1.562935493078125000e+09	7.499999999999999722e-02	2.020000000000000129e-01
1.562935493375000000e+09	7.499999999999999722e-02	2.010000000000000120e-01
1.562935493531250000e+09	7.299999999999999545e-02	2.010000000000000120e-01
1.562935493640625000e+09	7.399999999999999634e-02	2.020000000000000129e-01
1.562935493750000000e+09	7.299999999999999545e-02	2.020000000000000129e-01
1.562935493859375000e+09	7.299999999999999545e-02	2.010000000000000120e-01
1.562935493968750000e+09	7.199999999999999456e-02	2.020000000000000129e-01
1.562935494359375000e+09	7.099999999999999367e-02	2.010000000000000120e-01
1.562935494546875000e+09	7.099999999999999367e-02	2.010000000000000120e-01
1.562935494656250000e+09	7.199999999999999456e-02	2.010000000000000120e-01
1.562935494765625000e+09	7.299999999999999545e-02	2.010000000000000120e-01
1.562935494875000000e+09	7.199999999999999456e-02	2.020000000000000129e-01
1.562935494984375000e+09	7.099999999999999367e-02	2.010000000000000120e-01
1.562935495234375000e+09	7.299999999999999545e-02	2.020000000000000129e-01
1.562935495484375000e+09	7.000000000000000666e-02	2.020000000000000129e-01
1.562935495656250000e+09	6.900000000000000577e-02	2.010000000000000120e-01
1.562935495765625000e+09	7.099999999999999367e-02	2.020000000000000129e-01
1.562935495875000000e+09	7.000000000000000666e-02	2.020000000000000129e-01
1.562935495984375000e+09	7.099999999999999367e-02	2.020000000000000129e-01
1.562935496093750000e+09	7.000000000000000666e-02	2.020000000000000129e-01
1.562935496328125000e+09	6.800000000000000488e-02	2.020000000000000129e-01
1.562935496546875000e+09	6.800000000000000488e-02	2.010000000000000120e-01
1.562935496718750000e+09	7.000000000000000666e-02	2.020000000000000129e-01
1.562935496828125000e+09	6.800000000000000488e-02	2.020000000000000129e-01
1.562935496937500000e+09	6.800000000000000488e-02	2.010000000000000120e-01
1.562935497046875000e+09	6.700000000000000400e-02	2.010000000000000120e-01
1.562935497156250000e+09	6.900000000000000577e-02	2.010000000000000120e-01
1.562935497359375000e+09	6.900000000000000577e-02	2.020000000000000129e-01
1.562935497609375000e+09	6.700000000000000400e-02	2.010000000000000120e-01
1.562935497781250000e+09	6.600000000000000311e-02	2.020000000000000129e-01
1.562935497890625000e+09	6.400000000000000133e-02	2.010000000000000120e-01
1.562935498000000000e+09	6.600000000000000311e-02	2.020000000000000129e-01
1.562935498109375000e+09	6.400000000000000133e-02	2.020000000000000129e-01
1.562935498218750000e+09	6.600000000000000311e-02	2.010000000000000120e-01
1.562935498546875000e+09	6.500000000000000222e-02	2.020000000000000129e-01
1.562935498796875000e+09	6.400000000000000133e-02	2.010000000000000120e-01
1.562935498906250000e+09	6.300000000000000044e-02	2.010000000000000120e-01
1.562935499015625000e+09	6.500000000000000222e-02	2.010000000000000120e-01
1.562935499125000000e+09	6.700000000000000400e-02	2.020000000000000129e-01
1.562935499234375000e+09	6.300000000000000044e-02	2.020000000000000129e-01
1.562935499406250000e+09	6.400000000000000133e-02	2.010000000000000120e-01
1.562935499718750000e+09	6.400000000000000133e-02	2.020000000000000129e-01
1.562935499906250000e+09	6.199999999999999956e-02	2.010000000000000120e-01
1.562935500015625000e+09	6.300000000000000044e-02	2.020000000000000129e-01
1.562935500125000000e+09	6.400000000000000133e-02	2.020000000000000129e-01
1.562935500234375000e+09	6.199999999999999956e-02	2.020000000000000129e-01
1.562935500343750000e+09	6.400000000000000133e-02	2.020000000000000129e-01
1.562935500734375000e+09	6.199999999999999956e-02	2.020000000000000129e-01
1.562935500984375000e+09	5.999999999999999778e-02	2.020000000000000129e-01
1.562935501093750000e+09	5.899999999999999689e-02	2.010000000000000120e-01
1.562935501203125000e+09	6.099999999999999867e-02	2.010000000000000120e-01
1.562935501312500000e+09	5.999999999999999778e-02	2.010000000000000120e-01
1.562935501421875000e+09	5.999999999999999778e-02	2.010000000000000120e-01
1.562935501625000000e+09	5.999999999999999778e-02	2.010000000000000120e-01
1.562935501953125000e+09	5.899999999999999689e-02	2.020000000000000129e-01
1.562935502093750000e+09	5.899999999999999689e-02	2.020000000000000129e-01
1.562935502203125000e+09	5.800000000000000294e-02	2.010000000000000120e-01
1.562935502312500000e+09	5.999999999999999778e-02	2.010000000000000120e-01
1.562935502421875000e+09	5.999999999999999778e-02	2.020000000000000129e-01
1.562935502531250000e+09	5.899999999999999689e-02	2.020000000000000129e-01
1.562935502875000000e+09	5.700000000000000205e-02	2.020000000000000129e-01
1.562935503078125000e+09	5.700000000000000205e-02	2.010000000000000120e-01
1.562935503203125000e+09	5.800000000000000294e-02	2.020000000000000129e-01
1.562935503312500000e+09	5.800000000000000294e-02	2.020000000000000129e-01
1.562935503421875000e+09	5.600000000000000117e-02	2.020000000000000129e-01
1.562935503531250000e+09	5.700000000000000205e-02	2.020000000000000129e-01
1.562935503640625000e+09	5.700000000000000205e-02	2.020000000000000129e-01
1.562935504031250000e+09	5.800000000000000294e-02	2.020000000000000129e-01
1.562935504218750000e+09	5.700000000000000205e-02	2.010000000000000120e-01
1.562935504328125000e+09	5.500000000000000028e-02	2.020000000000000129e-01
1.562935504437500000e+09	5.399999999999999939e-02	2.010000000000000120e-01
1.562935504546875000e+09	5.500000000000000028e-02	2.020000000000000129e-01
1.562935504656250000e+09	5.199999999999999761e-02	2.020000000000000129e-01
1.562935505015625000e+09	5.500000000000000028e-02	2.010000000000000120e-01
1.562935505203125000e+09	5.199999999999999761e-02	2.010000000000000120e-01
1.562935505343750000e+09	5.299999999999999850e-02	2.020000000000000129e-01
1.562935505453125000e+09	5.299999999999999850e-02	2.020000000000000129e-01
1.562935505562500000e+09	5.399999999999999939e-02	2.020000000000000129e-01
1.562935505671875000e+09	5.099999999999999672e-02	2.010000000000000120e-01
1.562935505937500000e+09	5.299999999999999850e-02	2.010000000000000120e-01
1.562935506171875000e+09	5.299999999999999850e-02	2.020000000000000129e-01
1.562935506343750000e+09	5.299999999999999850e-02	2.020000000000000129e-01
1.562935506453125000e+09	5.099999999999999672e-02	2.010000000000000120e-01
1.562935506562500000e+09	5.099999999999999672e-02	2.020000000000000129e-01
1.562935506671875000e+09	5.099999999999999672e-02	2.010000000000000120e-01
1.562935506781250000e+09	4.900000000000000189e-02	2.010000000000000120e-01
1.562935507218750000e+09	5.099999999999999672e-02	2.020000000000000129e-01
1.562935507453125000e+09	4.900000000000000189e-02	2.010000000000000120e-01
1.562935507578125000e+09	4.700000000000000011e-02	2.020000000000000129e-01
1.562935507687500000e+09	4.700000000000000011e-02	2.010000000000000120e-01
1.562935507796875000e+09	4.700000000000000011e-02	2.020000000000000129e-01
1.562935507906250000e+09	4.900000000000000189e-02	2.020000000000000129e-01
1.562935508171875000e+09	4.900000000000000189e-02	2.020000000000000129e-01
1.562935508515625000e+09	4.599999999999999922e-02	2.020000000000000129e-01
1.562935508625000000e+09	4.700000000000000011e-02	2.010000000000000120e-01
1.562935508734375000e+09	4.700000000000000011e-02	2.020000000000000129e-01
1.562935508843750000e+09	4.599999999999999922e-02	2.020000000000000129e-01
1.562935508953125000e+09	4.499999999999999833e-02	2.020000000000000129e-01
1.562935509171875000e+09	4.399999999999999745e-02	2.010000000000000120e-01
1.562935509468750000e+09	4.399999999999999745e-02	2.020000000000000129e-01
1.562935509640625000e+09	4.399999999999999745e-02	2.020000000000000129e-01
1.562935509750000000e+09	4.399999999999999745e-02	2.020000000000000129e-01
1.562935509859375000e+09	4.399999999999999745e-02	2.020000000000000129e-01
1.562935509968750000e+09	4.200000000000000261e-02	2.020000000000000129e-01
1.562935510078125000e+09	4.200000000000000261e-02	2.010000000000000120e-01
1.562935510328125000e+09	4.299999999999999656e-02	2.020000000000000129e-01
1.562935510640625000e+09	4.000000000000000083e-02	2.010000000000000120e-01
1.562935510765625000e+09	4.000000000000000083e-02	2.010000000000000120e-01
1.562935510875000000e+09	4.100000000000000172e-02	2.020000000000000129e-01
1.562935510984375000e+09	4.000000000000000083e-02	2.020000000000000129e-01
1.562935511093750000e+09	4.000000000000000083e-02	2.020000000000000129e-01
1.562935511312500000e+09	4.000000000000000083e-02	2.020000000000000129e-01
1.562935511578125000e+09	4.000000000000000083e-02	2.020000000000000129e-01
1.562935511765625000e+09	4.000000000000000083e-02	2.020000000000000129e-01
1.562935511875000000e+09	3.899999999999999994e-02	2.020000000000000129e-01
1.562935511984375000e+09	3.799999999999999906e-02	2.010000000000000120e-01
1.562935512093750000e+09	4.000000000000000083e-02	2.010000000000000120e-01
1.562935512203125000e+09	3.799999999999999906e-02	2.020000000000000129e-01
1.562935512546875000e+09	3.699999999999999817e-02	2.020000000000000129e-01
1.562935512781250000e+09	3.599999999999999728e-02	2.020000000000000129e-01
1.562935512890625000e+09	3.599999999999999728e-02	2.020000000000000129e-01
1.562935513000000000e+09	3.500000000000000333e-02	2.020000000000000129e-01
1.562935513109375000e+09	3.599999999999999728e-02	2.010000000000000120e-01
1.562935513218750000e+09	3.400000000000000244e-02	2.010000000000000120e-01
1.562935513453125000e+09	3.500000000000000333e-02	2.020000000000000129e-01
1.562935513734375000e+09	3.500000000000000333e-02	2.010000000000000120e-01
1.562935513890625000e+09	3.300000000000000155e-02	2.020000000000000129e-01
1.562935514000000000e+09	3.300000000000000155e-02	2.020000000000000129e-01
1.562935514109375000e+09	3.400000000000000244e-02	2.010000000000000120e-01
1.562935514218750000e+09	3.400000000000000244e-02	2.020000000000000129e-01
1.562935514328125000e+09	3.400000000000000244e-02	2.010000000000000120e-01
1.562935514593750000e+09	3.300000000000000155e-02	2.010000000000000120e-01
1.562935514984375000e+09	2.999999999999999889e-02	2.020000000000000129e-01
1.562935515109375000e+09	3.099999999999999978e-02	2.020000000000000129e-01
1.562935515218750000e+09	3.200000000000000067e-02	2.020000000000000129e-01
1.562935515328125000e+09	3.099999999999999978e-02	2.020000000000000129e-01
1.562935515437500000e+09	3.099999999999999978e-02	2.020000000000000129e-01
1.562935515578125000e+09	3.099999999999999978e-02	2.010000000000000120e-01
1.562935515921875000e+09	2.900000000000000147e-02	2.020000000000000129e-01
1.562935516125000000e+09	2.900000000000000147e-02	2.020000000000000129e-01
1.562935516234375000e+09	2.900000000000000147e-02	2.020000000000000129e-01
1.562935516343750000e+09	2.699999999999999969e-02	2.020000000000000129e-01
1.562935516453125000e+09	2.800000000000000058e-02	2.010000000000000120e-01
1.562935516562500000e+09	3.099999999999999978e-02	2.010000000000000120e-01
1.562935516781250000e+09	2.900000000000000147e-02	2.010000000000000120e-01
1.562935517046875000e+09	2.900000000000000147e-02	2.010000000000000120e-01
1.562935517187500000e+09	2.699999999999999969e-02	2.020000000000000129e-01
1.562935517296875000e+09	2.800000000000000058e-02	2.010000000000000120e-01
1.562935517406250000e+09	2.699999999999999969e-02	2.020000000000000129e-01
1.562935517515625000e+09	2.699999999999999969e-02	2.010000000000000120e-01
1.562935517625000000e+09	2.900000000000000147e-02	2.010000000000000120e-01
1.562935518000000000e+09	2.599999999999999881e-02	2.010000000000000120e-01
1.562935518203125000e+09	2.699999999999999969e-02	2.020000000000000129e-01
1.562935518312500000e+09	2.500000000000000139e-02	2.010000000000000120e-01
1.562935518421875000e+09	2.699999999999999969e-02	2.020000000000000129e-01
1.562935518531250000e+09	2.500000000000000139e-02	2.020000000000000129e-01
1.562935518640625000e+09	2.500000000000000139e-02	2.020000000000000129e-01
1.562935518859375000e+09	2.599999999999999881e-02	2.020000000000000129e-01
1.562935519187500000e+09	2.500000000000000139e-02	2.020000000000000129e-01
1.562935519328125000e+09	2.599999999999999881e-02	2.020000000000000129e-01
1.562935519437500000e+09	2.500000000000000139e-02	2.010000000000000120e-01
1.562935519546875000e+09	2.299999999999999961e-02	2.020000000000000129e-01
1.562935519656250000e+09	2.500000000000000139e-02	2.020000000000000129e-01
1.562935519765625000e+09	2.299999999999999961e-02	2.020000000000000129e-01
1.562935520140625000e+09	2.299999999999999961e-02	2.010000000000000120e-01
1.562935520375000000e+09	2.299999999999999961e-02	2.010000000000000120e-01
1.562935520484375000e+09	2.400000000000000050e-02	2.020000000000000129e-01
1.562935520593750000e+09	2.299999999999999961e-02	2.020000000000000129e-01
1.562935520703125000e+09	2.299999999999999961e-02	2.010000000000000120e-01
1.562935520812500000e+09	2.500000000000000139e-02	2.020000000000000129e-01
1.562935521171875000e+09	2.299999999999999961e-02	2.010000000000000120e-01
1.562935521359375000e+09	2.299999999999999961e-02	2.020000000000000129e-01
1.562935521500000000e+09	2.199999999999999872e-02	2.020000000000000129e-01
1.562935521609375000e+09	2.299999999999999961e-02	2.020000000000000129e-01
1.562935521718750000e+09	2.199999999999999872e-02	2.010000000000000120e-01
1.562935521828125000e+09	2.199999999999999872e-02	2.020000000000000129e-01
1.562935522078125000e+09	2.199999999999999872e-02	2.020000000000000129e-01
1.562935522375000000e+09	2.100000000000000130e-02	2.010000000000000120e-01
1.562935522546875000e+09	2.199999999999999872e-02	2.020000000000000129e-01
1.562935522656250000e+09	2.000000000000000042e-02	2.020000000000000129e-01
1.562935522765625000e+09	2.299999999999999961e-02	2.020000000000000129e-01
1.562935522875000000e+09	2.100000000000000130e-02	2.020000000000000129e-01
1.562935522984375000e+09	2.100000000000000130e-02	2.020000000000000129e-01
1.562935523234375000e+09	2.000000000000000042e-02	2.020000000000000129e-01
1.562935523453125000e+09	2.000000000000000042e-02	2.020000000000000129e-01
1.562935523656250000e+09	2.000000000000000042e-02	2.020000000000000129e-01
1.562935523765625000e+09	2.000000000000000042e-02	2.020000000000000129e-01
1.562935523875000000e+09	2.100000000000000130e-02	2.020000000000000129e-01
1.562935523984375000e+09	2.000000000000000042e-02	2.020000000000000129e-01
1.562935524093750000e+09	2.000000000000000042e-02	2.010000000000000120e-01
1.562935524328125000e+09	2.000000000000000042e-02	2.010000000000000120e-01
1.562935524546875000e+09	1.799999999999999864e-02	2.020000000000000129e-01
1.562935524734375000e+09	1.799999999999999864e-02	2.010000000000000120e-01
1.562935524843750000e+09	2.000000000000000042e-02	2.010000000000000120e-01
1.562935524953125000e+09	1.799999999999999864e-02	2.020000000000000129e-01
1.562935525062500000e+09	1.899999999999999953e-02	2.020000000000000129e-01
1.562935525171875000e+09	1.799999999999999864e-02	2.020000000000000129e-01
1.562935525531250000e+09	1.600000000000000033e-02	2.010000000000000120e-01
1.562935525750000000e+09	1.799999999999999864e-02	2.010000000000000120e-01
1.562935525859375000e+09	1.700000000000000122e-02	2.020000000000000129e-01
1.562935525968750000e+09	1.499999999999999944e-02	2.010000000000000120e-01
1.562935526078125000e+09	1.600000000000000033e-02	2.020000000000000129e-01
1.562935526187500000e+09	1.700000000000000122e-02	2.010000000000000120e-01
1.562935526296875000e+09	1.600000000000000033e-02	2.010000000000000120e-01
1.562935526531250000e+09	1.400000000000000029e-02	2.010000000000000120e-01
1.562935526843750000e+09	1.499999999999999944e-02	2.020000000000000129e-01
1.562935526953125000e+09	1.400000000000000029e-02	2.020000000000000129e-01
1.562935527062500000e+09	1.400000000000000029e-02	2.020000000000000129e-01
1.562935527171875000e+09	1.400000000000000029e-02	2.020000000000000129e-01
1.562935527281250000e+09	1.299999999999999940e-02	2.020000000000000129e-01
1.562935527531250000e+09	1.400000000000000029e-02	2.020000000000000129e-01
1.562935527796875000e+09	1.200000000000000025e-02	2.020000000000000129e-01
1.562935527968750000e+09	1.200000000000000025e-02	2.020000000000000129e-01
1.562935528078125000e+09	1.200000000000000025e-02	2.010000000000000120e-01
1.562935528187500000e+09	1.299999999999999940e-02	2.020000000000000129e-01
1.562935528296875000e+09	1.200000000000000025e-02	2.010000000000000120e-01
1.562935528406250000e+09	1.200000000000000025e-02	2.010000000000000120e-01
1.562935528734375000e+09	1.099999999999999936e-02	2.020000000000000129e-01
1.562935528953125000e+09	1.099999999999999936e-02	2.010000000000000120e-01
1.562935529093750000e+09	1.000000000000000021e-02	2.010000000000000120e-01
1.562935529203125000e+09	1.200000000000000025e-02	2.020000000000000129e-01
1.562935529312500000e+09	1.099999999999999936e-02	2.010000000000000120e-01
1.562935529421875000e+09	8.999999999999999320e-03	2.020000000000000129e-01
1.562935529531250000e+09	8.000000000000000167e-03	2.020000000000000129e-01
1.562935529953125000e+09	7.000000000000000146e-03	2.010000000000000120e-01
1.562935530218750000e+09	7.000000000000000146e-03	2.020000000000000129e-01
1.562935530328125000e+09	7.000000000000000146e-03	2.010000000000000120e-01
1.562935530437500000e+09	8.999999999999999320e-03	2.010000000000000120e-01
1.562935530546875000e+09	5.000000000000000104e-03	2.010000000000000120e-01
1.562935530656250000e+09	7.000000000000000146e-03	2.020000000000000129e-01
1.562935530984375000e+09	7.000000000000000146e-03	2.010000000000000120e-01
1.562935531203125000e+09	6.000000000000000125e-03	2.010000000000000120e-01
1.562935531343750000e+09	5.000000000000000104e-03	2.010000000000000120e-01
1.562935531453125000e+09	7.000000000000000146e-03	2.010000000000000120e-01
1.562935531562500000e+09	4.000000000000000083e-03	2.020000000000000129e-01
1.562935531671875000e+09	3.000000000000000062e-03	2.010000000000000120e-01
1.562935531921875000e+09	3.000000000000000062e-03	2.020000000000000129e-01
1.562935532125000000e+09	4.000000000000000083e-03	2.020000000000000129e-01
1.562935532312500000e+09	5.000000000000000104e-03	2.020000000000000129e-01
1.562935532421875000e+09	4.000000000000000083e-03	2.010000000000000120e-01
1.562935532531250000e+09	4.000000000000000083e-03	2.020000000000000129e-01
1.562935532640625000e+09	5.000000000000000104e-03	2.010000000000000120e-01
1.562935532750000000e+09	3.000000000000000062e-03	2.020000000000000129e-01
1.562935533000000000e+09	3.000000000000000062e-03	2.020000000000000129e-01
1.562935533312500000e+09	3.000000000000000062e-03	2.010000000000000120e-01
1.562935533437500000e+09	2.000000000000000042e-03	2.020000000000000129e-01
1.562935533546875000e+09	3.000000000000000062e-03	2.020000000000000129e-01
1.562935533656250000e+09	2.000000000000000042e-03	2.010000000000000120e-01
1.562935533765625000e+09	4.000000000000000083e-03	2.020000000000000129e-01
1.562935533875000000e+09	1.000000000000000021e-03	2.010000000000000120e-01
1.562935534250000000e+09	2.000000000000000042e-03	2.020000000000000129e-01
1.562935534437500000e+09	0.000000000000000000e+00	2.020000000000000129e-01
1.562935534578125000e+09	0.000000000000000000e+00	2.020000000000000129e-01
1.562935534671875000e+09	-0.000000000000000000e+00	2.020000000000000129e-01
1.562935534781250000e+09	0.000000000000000000e+00	2.020000000000000129e-01
1.562935534890625000e+09	1.000000000000000021e-03	2.010000000000000120e-01
1.562935535000000000e+09	1.000000000000000021e-03	2.020000000000000129e-01
1.562935535281250000e+09	0.000000000000000000e+00	2.010000000000000120e-01
1.562935535453125000e+09	-0.000000000000000000e+00	2.010000000000000120e-01
1.562935535593750000e+09	0.000000000000000000e+00	2.020000000000000129e-01
1.562935535703125000e+09	0.000000000000000000e+00	2.020000000000000129e-01
1.562935535796875000e+09	0.000000000000000000e+00	2.020000000000000129e-01
1.562935535906250000e+09	-0.000000000000000000e+00	2.010000000000000120e-01
1.562935536015625000e+09	-0.000000000000000000e+00	2.020000000000000129e-01
1.562935536187500000e+09	1.000000000000000021e-03	2.020000000000000129e-01
1.562935536421875000e+09	0.000000000000000000e+00	2.010000000000000120e-01
1.562935536546875000e+09	0.000000000000000000e+00	2.010000000000000120e-01
1.562935536687500000e+09	-0.000000000000000000e+00	2.010000000000000120e-01
1.562935536781250000e+09	-0.000000000000000000e+00	2.020000000000000129e-01
1.562935536890625000e+09	0.000000000000000000e+00	2.020000000000000129e-01
1.562935537000000000e+09	-0.000000000000000000e+00	2.020000000000000129e-01
1.562935537109375000e+09	-0.000000000000000000e+00	2.010000000000000120e-01
1.562935537281250000e+09	-0.000000000000000000e+00	2.010000000000000120e-01
1.562935537625000000e+09	-0.000000000000000000e+00	2.020000000000000129e-01
1.562935537859375000e+09	-0.000000000000000000e+00	1.700000000000000122e-01
1.562935537968750000e+09	-0.000000000000000000e+00	9.900000000000000466e-02
1.562935538078125000e+09	-0.000000000000000000e+00	7.000000000000000666e-02
1.562935538187500000e+09	-0.000000000000000000e+00	5.299999999999999850e-02
1.562935538281250000e+09	-0.000000000000000000e+00	4.299999999999999656e-02
1.562935538531250000e+09	-0.000000000000000000e+00	3.699999999999999817e-02
1.562935538718750000e+09	-0.000000000000000000e+00	2.900000000000000147e-02
1.562935538906250000e+09	-0.000000000000000000e+00	2.400000000000000050e-02
1.562935539015625000e+09	-0.000000000000000000e+00	2.299999999999999961e-02
1.562935539125000000e+09	-0.000000000000000000e+00	2.199999999999999872e-02
1.562935539234375000e+09	-0.000000000000000000e+00	2.100000000000000130e-02
1.562935539328125000e+09	-0.000000000000000000e+00	2.100000000000000130e-02
1.562935539546875000e+09	-0.000000000000000000e+00	2.000000000000000042e-02
1.562935539796875000e+09	-0.000000000000000000e+00	1.899999999999999953e-02
1.562935539968750000e+09	-0.000000000000000000e+00	1.899999999999999953e-02
1.562935540078125000e+09	-0.000000000000000000e+00	1.899999999999999953e-02
1.562935540187500000e+09	-0.000000000000000000e+00	1.899999999999999953e-02
1.562935540296875000e+09	-0.000000000000000000e+00	1.899999999999999953e-02
1.562935540390625000e+09	-0.000000000000000000e+00	1.799999999999999864e-02
1.562935540546875000e+09	-0.000000000000000000e+00	1.799999999999999864e-02
1.562935540859375000e+09	-0.000000000000000000e+00	1.799999999999999864e-02
1.562935541046875000e+09	-0.000000000000000000e+00	1.799999999999999864e-02
1.562935541156250000e+09	-0.000000000000000000e+00	1.700000000000000122e-02
1.562935541265625000e+09	-0.000000000000000000e+00	1.700000000000000122e-02
1.562935541375000000e+09	-0.000000000000000000e+00	1.700000000000000122e-02
1.562935541484375000e+09	-0.000000000000000000e+00	1.700000000000000122e-02
1.562935541671875000e+09	-0.000000000000000000e+00	1.799999999999999864e-02
1.562935541953125000e+09	-0.000000000000000000e+00	1.700000000000000122e-02
1.562935542093750000e+09	-0.000000000000000000e+00	1.700000000000000122e-02
1.562935542203125000e+09	-0.000000000000000000e+00	1.700000000000000122e-02
1.562935542312500000e+09	-0.000000000000000000e+00	1.700000000000000122e-02
