# UNIX time, Current (A), PS Voltage (V), REF Voltage (V)
# SAMPLE_SURFACE = 160.2
# SAMPLE_NAME = Arnold
# COATING_STEP = 2
1.563191845156250000e+09	-0.000000000000000000e+00	1.000000000000000021e-03
1.563191845265625000e+09	-0.000000000000000000e+00	1.000000000000000021e-03
1.563191845375000000e+09	-0.000000000000000000e+00	1.000000000000000021e-03
1.563191845468750000e+09	-0.000000000000000000e+00	1.000000000000000021e-03
1.563191845578125000e+09	-0.000000000000000000e+00	1.000000000000000021e-03
1.563191845687500000e+09	-0.000000000000000000e+00	1.000000000000000021e-03
1.563191845937500000e+09	-0.000000000000000000e+00	1.000000000000000021e-03
1.563191846171875000e+09	-0.000000000000000000e+00	1.000000000000000021e-03
1.563191846281250000e+09	-0.000000000000000000e+00	1.000000000000000021e-03
1.563191846390625000e+09	-0.000000000000000000e+00	1.000000000000000021e-03
1.563191846484375000e+09	-0.000000000000000000e+00	1.000000000000000021e-03
1.563191846593750000e+09	-0.000000000000000000e+00	1.000000000000000021e-03
1.563191846859375000e+09	-0.000000000000000000e+00	1.000000000000000021e-03
1.563191847125000000e+09	-0.000000000000000000e+00	1.000000000000000021e-03
1.563191847312500000e+09	-0.000000000000000000e+00	1.000000000000000021e-03
1.563191847531250000e+09	4.682999999999999829e+00	9.989999999999999991e-01
1.563191847625000000e+09	4.719000000000000306e+00	1.000999999999999890e+00
1.563191847734375000e+09	4.764999999999999680e+00	1.000999999999999890e+00
1.563191848156250000e+09	4.817000000000000171e+00	1.002000000000000002e+00
1.563191848468750000e+09	4.844999999999999751e+00	1.002000000000000002e+00
1.563191848578125000e+09	4.849999999999999645e+00	1.000999999999999890e+00
1.563191848687500000e+09	4.854000000000000092e+00	1.000999999999999890e+00
1.563191848781250000e+09	4.855999999999999872e+00	1.000999999999999890e+00
1.563191848890625000e+09	4.857000000000000206e+00	1.002000000000000002e+00
1.563191849343750000e+09	4.863000000000000433e+00	1.002000000000000002e+00
1.563191849562500000e+09	4.866999999999999993e+00	1.000999999999999890e+00
1.563191849671875000e+09	4.866999999999999993e+00	1.000999999999999890e+00
1.563191849781250000e+09	4.868999999999999773e+00	1.000999999999999890e+00
1.563191849875000000e+09	4.868999999999999773e+00	1.002000000000000002e+00
1.563191849984375000e+09	4.868999999999999773e+00	1.002000000000000002e+00
1.563191850453125000e+09	4.873000000000000220e+00	1.000999999999999890e+00
1.563191850687500000e+09	4.873999999999999666e+00	1.000999999999999890e+00
1.563191850796875000e+09	4.875000000000000000e+00	1.000999999999999890e+00
1.563191850890625000e+09	4.876000000000000334e+00	1.002000000000000002e+00
1.563191851000000000e+09	4.876000000000000334e+00	1.000999999999999890e+00
1.563191851093750000e+09	4.876000000000000334e+00	1.000999999999999890e+00
1.563191851562500000e+09	4.875000000000000000e+00	1.000999999999999890e+00
1.563191851734375000e+09	4.875000000000000000e+00	1.000999999999999890e+00
1.563191851828125000e+09	4.875000000000000000e+00	1.000999999999999890e+00
1.563191851937500000e+09	4.875000000000000000e+00	1.002000000000000002e+00
1.563191852046875000e+09	4.871999999999999886e+00	1.000999999999999890e+00
1.563191852140625000e+09	4.871999999999999886e+00	1.002000000000000002e+00
1.563191852500000000e+09	4.871999999999999886e+00	1.002000000000000002e+00
1.563191852750000000e+09	4.868999999999999773e+00	1.000000000000000000e+00
1.563191852875000000e+09	4.866999999999999993e+00	1.002000000000000002e+00
1.563191852968750000e+09	4.866999999999999993e+00	1.002000000000000002e+00
1.563191853078125000e+09	4.866999999999999993e+00	1.002000000000000002e+00
1.563191853171875000e+09	4.866999999999999993e+00	1.002000000000000002e+00
1.563191853281250000e+09	4.865000000000000213e+00	1.002000000000000002e+00
1.563191853687500000e+09	4.865000000000000213e+00	1.000999999999999890e+00
1.563191853921875000e+09	4.857999999999999652e+00	1.000999999999999890e+00
1.563191854031250000e+09	4.857999999999999652e+00	1.000999999999999890e+00
1.563191854125000000e+09	4.854000000000000092e+00	1.000999999999999890e+00
1.563191854234375000e+09	4.854000000000000092e+00	1.000999999999999890e+00
1.563191854343750000e+09	4.852999999999999758e+00	1.000999999999999890e+00
1.563191854640625000e+09	4.850999999999999979e+00	1.002000000000000002e+00
1.563191854937500000e+09	4.844000000000000306e+00	1.002000000000000002e+00
1.563191855062500000e+09	4.841000000000000192e+00	1.000999999999999890e+00
1.563191855156250000e+09	4.839999999999999858e+00	1.002000000000000002e+00
1.563191855265625000e+09	4.834999999999999964e+00	1.000999999999999890e+00
1.563191855375000000e+09	4.833999999999999631e+00	1.002000000000000002e+00
1.563191855468750000e+09	4.833999999999999631e+00	1.002000000000000002e+00
1.563191856015625000e+09	4.828000000000000291e+00	1.000999999999999890e+00
1.563191856171875000e+09	4.820000000000000284e+00	1.002000000000000002e+00
1.563191856281250000e+09	4.817000000000000171e+00	1.000999999999999890e+00
1.563191856375000000e+09	4.815000000000000391e+00	1.000999999999999890e+00
1.563191856484375000e+09	4.812999999999999723e+00	1.002000000000000002e+00
1.563191856593750000e+09	4.809999999999999609e+00	1.002000000000000002e+00
1.563191856906250000e+09	4.806000000000000050e+00	1.000999999999999890e+00
1.563191857265625000e+09	4.793000000000000149e+00	1.000999999999999890e+00
1.563191857359375000e+09	4.785000000000000142e+00	1.002000000000000002e+00
1.563191857468750000e+09	4.783999999999999808e+00	1.000999999999999890e+00
1.563191857578125000e+09	4.780000000000000249e+00	1.000999999999999890e+00
1.563191857671875000e+09	4.775999999999999801e+00	1.000999999999999890e+00
1.563191858000000000e+09	4.772999999999999687e+00	1.002000000000000002e+00
1.563191858343750000e+09	4.761999999999999567e+00	1.002000000000000002e+00
1.563191858437500000e+09	4.754999999999999893e+00	1.002000000000000002e+00
1.563191858546875000e+09	4.753000000000000114e+00	1.000999999999999890e+00
1.563191858656250000e+09	4.750000000000000000e+00	1.000999999999999890e+00
1.563191858750000000e+09	4.746999999999999886e+00	1.000999999999999890e+00
1.563191859062500000e+09	4.746000000000000441e+00	1.002000000000000002e+00
1.563191859375000000e+09	4.732999999999999652e+00	1.000999999999999890e+00
1.563191859500000000e+09	4.730999999999999872e+00	1.000999999999999890e+00
1.563191859593750000e+09	4.730999999999999872e+00	1.002000000000000002e+00
1.563191859703125000e+09	4.727000000000000313e+00	1.002000000000000002e+00
1.563191859796875000e+09	4.724999999999999645e+00	1.002000000000000002e+00
1.563191859906250000e+09	4.722999999999999865e+00	1.002000000000000002e+00
1.563191860328125000e+09	4.719999999999999751e+00	1.002000000000000002e+00
1.563191860531250000e+09	4.716000000000000192e+00	1.002000000000000002e+00
1.563191860640625000e+09	4.716000000000000192e+00	1.002000000000000002e+00
1.563191860734375000e+09	4.711999999999999744e+00	1.000999999999999890e+00
1.563191860843750000e+09	4.711999999999999744e+00	1.000999999999999890e+00
1.563191860953125000e+09	4.709999999999999964e+00	1.000999999999999890e+00
1.563191861281250000e+09	4.709999999999999964e+00	1.000999999999999890e+00
1.563191861546875000e+09	4.705000000000000071e+00	1.002000000000000002e+00
1.563191861687500000e+09	4.703000000000000291e+00	1.000999999999999890e+00
1.563191861781250000e+09	4.703000000000000291e+00	1.000999999999999890e+00
1.563191861890625000e+09	4.700999999999999623e+00	1.000999999999999890e+00
1.563191862000000000e+09	4.700999999999999623e+00	1.002000000000000002e+00
1.563191862093750000e+09	4.700000000000000178e+00	1.002000000000000002e+00
1.563191862609375000e+09	4.698999999999999844e+00	1.002000000000000002e+00
1.563191862765625000e+09	4.697000000000000064e+00	1.000999999999999890e+00
1.563191862859375000e+09	4.695000000000000284e+00	1.002000000000000002e+00
1.563191862968750000e+09	4.695999999999999730e+00	1.002000000000000002e+00
1.563191863078125000e+09	4.697000000000000064e+00	1.002000000000000002e+00
1.563191863171875000e+09	4.695999999999999730e+00	1.000999999999999890e+00
1.563191863468750000e+09	4.695000000000000284e+00	1.000999999999999890e+00
1.563191863906250000e+09	4.693999999999999950e+00	1.002000000000000002e+00
1.563191864015625000e+09	4.695999999999999730e+00	1.002000000000000002e+00
1.563191864109375000e+09	4.695999999999999730e+00	1.002000000000000002e+00
1.563191864218750000e+09	4.697000000000000064e+00	1.000999999999999890e+00
1.563191864312500000e+09	4.697000000000000064e+00	1.002000000000000002e+00
1.563191864609375000e+09	4.695999999999999730e+00	1.000999999999999890e+00
1.563191864984375000e+09	4.695999999999999730e+00	1.000999999999999890e+00
1.563191865078125000e+09	4.695000000000000284e+00	1.000999999999999890e+00
1.563191865187500000e+09	4.693999999999999950e+00	1.000999999999999890e+00
1.563191865281250000e+09	4.695000000000000284e+00	1.002000000000000002e+00
1.563191865390625000e+09	4.695000000000000284e+00	1.002000000000000002e+00
1.563191865765625000e+09	4.695000000000000284e+00	1.000999999999999890e+00
1.563191866046875000e+09	4.695000000000000284e+00	1.000999999999999890e+00
1.563191866140625000e+09	4.695999999999999730e+00	1.000999999999999890e+00
1.563191866250000000e+09	4.695999999999999730e+00	1.000999999999999890e+00
1.563191866359375000e+09	4.697000000000000064e+00	1.000999999999999890e+00
1.563191866453125000e+09	4.697000000000000064e+00	1.000999999999999890e+00
1.563191866781250000e+09	4.695999999999999730e+00	1.000999999999999890e+00
1.563191867109375000e+09	4.695999999999999730e+00	1.000999999999999890e+00
1.563191867218750000e+09	4.695999999999999730e+00	1.002000000000000002e+00
1.563191867312500000e+09	4.695999999999999730e+00	1.000999999999999890e+00
1.563191867421875000e+09	4.697000000000000064e+00	1.000999999999999890e+00
1.563191867531250000e+09	4.698000000000000398e+00	1.000999999999999890e+00
1.563191867796875000e+09	4.698000000000000398e+00	1.000999999999999890e+00
1.563191868203125000e+09	4.697000000000000064e+00	1.000999999999999890e+00
1.563191868312500000e+09	4.698999999999999844e+00	1.000999999999999890e+00
1.563191868406250000e+09	4.700999999999999623e+00	1.002000000000000002e+00
1.563191868515625000e+09	4.703000000000000291e+00	1.000999999999999890e+00
1.563191868609375000e+09	4.703000000000000291e+00	1.002000000000000002e+00
1.563191868906250000e+09	4.703999999999999737e+00	1.002000000000000002e+00
1.563191869281250000e+09	4.706000000000000405e+00	1.000999999999999890e+00
1.563191869375000000e+09	4.703000000000000291e+00	1.000999999999999890e+00
1.563191869484375000e+09	4.703000000000000291e+00	1.000999999999999890e+00
1.563191869593750000e+09	4.705000000000000071e+00	1.000999999999999890e+00
1.563191869687500000e+09	4.706000000000000405e+00	1.000999999999999890e+00
1.563191869984375000e+09	4.706000000000000405e+00	1.000999999999999890e+00
1.563191870281250000e+09	4.709999999999999964e+00	1.002000000000000002e+00
1.563191870406250000e+09	4.708999999999999631e+00	1.000999999999999890e+00
1.563191870515625000e+09	4.711000000000000298e+00	1.000999999999999890e+00
1.563191870609375000e+09	4.709999999999999964e+00	1.002000000000000002e+00
1.563191870718750000e+09	4.711000000000000298e+00	1.002000000000000002e+00
1.563191870828125000e+09	4.711000000000000298e+00	1.000999999999999890e+00
1.563191871328125000e+09	4.713000000000000078e+00	1.000999999999999890e+00
1.563191871515625000e+09	4.713000000000000078e+00	1.000999999999999890e+00
1.563191871609375000e+09	4.714000000000000412e+00	1.002000000000000002e+00
1.563191871718750000e+09	4.716000000000000192e+00	1.000999999999999890e+00
1.563191871812500000e+09	4.716999999999999638e+00	1.000999999999999890e+00
1.563191871921875000e+09	4.714999999999999858e+00	1.002000000000000002e+00
1.563191872218750000e+09	4.716000000000000192e+00	1.002000000000000002e+00
1.563191872531250000e+09	4.716000000000000192e+00	1.000999999999999890e+00
1.563191872671875000e+09	4.717999999999999972e+00	1.000999999999999890e+00
1.563191872781250000e+09	4.719000000000000306e+00	1.002000000000000002e+00
1.563191872875000000e+09	4.717999999999999972e+00	1.000999999999999890e+00
1.563191872984375000e+09	4.716000000000000192e+00	1.002000000000000002e+00
1.563191873093750000e+09	4.717999999999999972e+00	1.002000000000000002e+00
1.563191873406250000e+09	4.719999999999999751e+00	1.002000000000000002e+00
1.563191873718750000e+09	4.719999999999999751e+00	1.000999999999999890e+00
1.563191873828125000e+09	4.719999999999999751e+00	1.002000000000000002e+00
1.563191873921875000e+09	4.717999999999999972e+00	1.002000000000000002e+00
1.563191874031250000e+09	4.719999999999999751e+00	1.000999999999999890e+00
1.563191874140625000e+09	4.722000000000000419e+00	1.002000000000000002e+00
1.563191874437500000e+09	4.721000000000000085e+00	1.000999999999999890e+00
1.563191874796875000e+09	4.722999999999999865e+00	1.000999999999999890e+00
1.563191874890625000e+09	4.722999999999999865e+00	1.000999999999999890e+00
1.563191875000000000e+09	4.722999999999999865e+00	1.002000000000000002e+00
1.563191875093750000e+09	4.722000000000000419e+00	1.000999999999999890e+00
1.563191875203125000e+09	4.722999999999999865e+00	1.002000000000000002e+00
1.563191875500000000e+09	4.722999999999999865e+00	1.000999999999999890e+00
1.563191875875000000e+09	4.724999999999999645e+00	1.000999999999999890e+00
1.563191875984375000e+09	4.724999999999999645e+00	1.002000000000000002e+00
1.563191876093750000e+09	4.724999999999999645e+00	1.000999999999999890e+00
1.563191876187500000e+09	4.725999999999999979e+00	1.000999999999999890e+00
1.563191876296875000e+09	4.725999999999999979e+00	1.000999999999999890e+00
1.563191876453125000e+09	4.727000000000000313e+00	1.000999999999999890e+00
1.563191876796875000e+09	4.727000000000000313e+00	1.000999999999999890e+00
1.563191877015625000e+09	4.727000000000000313e+00	1.002000000000000002e+00
1.563191877125000000e+09	4.727000000000000313e+00	1.002000000000000002e+00
1.563191877218750000e+09	4.727000000000000313e+00	1.000999999999999890e+00
1.563191877328125000e+09	4.727999999999999758e+00	1.000999999999999890e+00
1.563191877437500000e+09	4.729000000000000092e+00	1.002000000000000002e+00
1.563191877859375000e+09	4.729000000000000092e+00	1.000999999999999890e+00
1.563191878156250000e+09	4.730000000000000426e+00	1.002000000000000002e+00
1.563191878250000000e+09	4.729000000000000092e+00	1.000999999999999890e+00
1.563191878359375000e+09	4.730000000000000426e+00	1.002000000000000002e+00
1.563191878468750000e+09	4.729000000000000092e+00	1.000999999999999890e+00
1.563191878578125000e+09	4.730000000000000426e+00	1.000999999999999890e+00
1.563191878937500000e+09	4.730999999999999872e+00	1.002000000000000002e+00
1.563191879234375000e+09	4.732999999999999652e+00	1.002000000000000002e+00
1.563191879328125000e+09	4.732999999999999652e+00	1.000999999999999890e+00
1.563191879437500000e+09	4.732999999999999652e+00	1.000999999999999890e+00
1.563191879546875000e+09	4.732999999999999652e+00	1.000999999999999890e+00
1.563191879640625000e+09	4.733999999999999986e+00	1.000999999999999890e+00
1.563191879968750000e+09	4.732999999999999652e+00	1.000999999999999890e+00
1.563191880343750000e+09	4.735999999999999766e+00	1.000999999999999890e+00
1.563191880453125000e+09	4.733999999999999986e+00	1.000999999999999890e+00
1.563191880546875000e+09	4.735999999999999766e+00	1.000999999999999890e+00
1.563191880656250000e+09	4.735999999999999766e+00	1.000999999999999890e+00
1.563191880750000000e+09	4.735999999999999766e+00	1.002000000000000002e+00
1.563191881000000000e+09	4.735999999999999766e+00	1.002000000000000002e+00
1.563191881343750000e+09	4.735999999999999766e+00	1.002000000000000002e+00
1.563191881500000000e+09	4.735999999999999766e+00	1.000999999999999890e+00
1.563191881593750000e+09	4.737000000000000099e+00	1.000999999999999890e+00
1.563191881703125000e+09	4.737000000000000099e+00	1.002000000000000002e+00
1.563191881796875000e+09	4.737000000000000099e+00	1.002000000000000002e+00
1.563191881906250000e+09	4.738000000000000433e+00	1.000999999999999890e+00
1.563191882359375000e+09	4.738000000000000433e+00	1.000999999999999890e+00
1.563191882593750000e+09	4.738999999999999879e+00	1.000999999999999890e+00
1.563191882687500000e+09	4.738999999999999879e+00	1.002000000000000002e+00
1.563191882796875000e+09	4.740000000000000213e+00	1.000999999999999890e+00
1.563191882906250000e+09	4.737000000000000099e+00	1.002000000000000002e+00
1.563191883000000000e+09	4.738000000000000433e+00	1.002000000000000002e+00
1.563191883500000000e+09	4.740999999999999659e+00	1.002000000000000002e+00
1.563191883687500000e+09	4.740999999999999659e+00	1.000999999999999890e+00
1.563191883796875000e+09	4.740000000000000213e+00	1.002000000000000002e+00
1.563191883890625000e+09	4.740000000000000213e+00	1.000999999999999890e+00
1.563191884000000000e+09	4.740000000000000213e+00	1.000999999999999890e+00
1.563191884109375000e+09	4.740000000000000213e+00	1.000999999999999890e+00
1.563191884546875000e+09	4.740999999999999659e+00	1.000999999999999890e+00
1.563191884765625000e+09	4.740999999999999659e+00	1.000999999999999890e+00
1.563191884875000000e+09	4.740000000000000213e+00	1.002000000000000002e+00
1.563191884968750000e+09	4.740000000000000213e+00	1.002000000000000002e+00
1.563191885078125000e+09	4.743999999999999773e+00	1.000999999999999890e+00
1.563191885187500000e+09	4.740999999999999659e+00	1.000999999999999890e+00
1.563191885484375000e+09	4.741999999999999993e+00	1.000999999999999890e+00
1.563191885937500000e+09	4.743999999999999773e+00	1.000999999999999890e+00
1.563191886031250000e+09	4.745000000000000107e+00	1.002000000000000002e+00
1.563191886140625000e+09	4.746000000000000441e+00	1.000999999999999890e+00
1.563191886234375000e+09	4.743999999999999773e+00	1.000999999999999890e+00
1.563191886343750000e+09	4.743999999999999773e+00	1.002000000000000002e+00
1.563191886453125000e+09	4.745000000000000107e+00	1.002000000000000002e+00
1.563191886859375000e+09	4.745000000000000107e+00	1.002000000000000002e+00
1.563191887078125000e+09	4.746000000000000441e+00	1.000999999999999890e+00
1.563191887187500000e+09	4.746999999999999886e+00	1.002000000000000002e+00
1.563191887296875000e+09	4.748999999999999666e+00	1.000999999999999890e+00
1.563191887390625000e+09	4.748000000000000220e+00	1.002000000000000002e+00
1.563191887500000000e+09	4.748999999999999666e+00	1.002000000000000002e+00
1.563191887734375000e+09	4.748000000000000220e+00	1.002000000000000002e+00
1.563191888031250000e+09	4.748999999999999666e+00	1.002000000000000002e+00
1.563191888250000000e+09	4.748000000000000220e+00	1.000999999999999890e+00
1.563191888343750000e+09	4.748000000000000220e+00	1.000999999999999890e+00
1.563191888453125000e+09	4.748000000000000220e+00	1.002000000000000002e+00
1.563191888562500000e+09	4.748000000000000220e+00	1.002000000000000002e+00
1.563191888656250000e+09	4.748000000000000220e+00	1.000999999999999890e+00
1.563191889109375000e+09	4.748000000000000220e+00	1.000999999999999890e+00
1.563191889312500000e+09	4.746999999999999886e+00	1.000999999999999890e+00
1.563191889421875000e+09	4.746999999999999886e+00	1.000999999999999890e+00
1.563191889531250000e+09	4.748999999999999666e+00	1.000999999999999890e+00
1.563191889625000000e+09	4.748000000000000220e+00	1.000999999999999890e+00
1.563191889734375000e+09	4.748999999999999666e+00	1.000999999999999890e+00
1.563191890046875000e+09	4.748999999999999666e+00	1.002000000000000002e+00
1.563191890343750000e+09	4.751000000000000334e+00	1.000999999999999890e+00
1.563191890484375000e+09	4.751000000000000334e+00	1.002000000000000002e+00
1.563191890578125000e+09	4.751000000000000334e+00	1.000999999999999890e+00
1.563191890687500000e+09	4.751999999999999780e+00	1.000999999999999890e+00
1.563191890796875000e+09	4.751000000000000334e+00	1.000999999999999890e+00
1.563191890890625000e+09	4.751999999999999780e+00	1.000999999999999890e+00
1.563191891312500000e+09	4.753000000000000114e+00	1.000999999999999890e+00
1.563191891484375000e+09	4.753000000000000114e+00	1.002000000000000002e+00
1.563191891593750000e+09	4.753000000000000114e+00	1.002000000000000002e+00
1.563191891687500000e+09	4.753999999999999559e+00	1.000999999999999890e+00
1.563191891796875000e+09	4.751999999999999780e+00	1.000999999999999890e+00
1.563191891906250000e+09	4.751999999999999780e+00	1.002000000000000002e+00
1.563191892000000000e+09	4.751999999999999780e+00	1.002000000000000002e+00
1.563191892390625000e+09	4.751999999999999780e+00	1.002000000000000002e+00
1.563191892609375000e+09	4.751000000000000334e+00	1.002000000000000002e+00
1.563191892718750000e+09	4.751000000000000334e+00	1.000999999999999890e+00
1.563191892828125000e+09	4.751999999999999780e+00	1.000999999999999890e+00
1.563191892921875000e+09	4.751000000000000334e+00	1.002000000000000002e+00
1.563191893031250000e+09	4.753000000000000114e+00	1.002000000000000002e+00
1.563191893343750000e+09	4.753999999999999559e+00	1.002000000000000002e+00
1.563191893593750000e+09	4.753000000000000114e+00	1.000999999999999890e+00
1.563191893781250000e+09	4.754999999999999893e+00	1.002000000000000002e+00
1.563191893875000000e+09	4.756000000000000227e+00	1.002000000000000002e+00
1.563191893984375000e+09	4.756000000000000227e+00	1.000999999999999890e+00
1.563191894093750000e+09	4.756000000000000227e+00	1.000999999999999890e+00
1.563191894187500000e+09	4.756000000000000227e+00	1.000999999999999890e+00
1.563191894390625000e+09	4.756999999999999673e+00	1.000999999999999890e+00
1.563191894703125000e+09	4.754999999999999893e+00	1.000999999999999890e+00
1.563191894859375000e+09	4.756000000000000227e+00	1.002000000000000002e+00
1.563191894968750000e+09	4.758000000000000007e+00	1.000999999999999890e+00
1.563191895078125000e+09	4.756000000000000227e+00	1.000999999999999890e+00
1.563191895171875000e+09	4.756000000000000227e+00	1.000999999999999890e+00
1.563191895281250000e+09	4.756000000000000227e+00	1.000999999999999890e+00
1.563191895562500000e+09	4.754999999999999893e+00	1.002000000000000002e+00
1.563191895906250000e+09	4.756000000000000227e+00	1.000999999999999890e+00
1.563191896000000000e+09	4.754999999999999893e+00	1.000999999999999890e+00
1.563191896109375000e+09	4.756000000000000227e+00	1.002000000000000002e+00
1.563191896218750000e+09	4.758000000000000007e+00	1.000999999999999890e+00
1.563191896312500000e+09	4.758000000000000007e+00	1.000999999999999890e+00
1.563191896421875000e+09	4.756000000000000227e+00	1.000999999999999890e+00
1.563191896828125000e+09	4.758000000000000007e+00	1.000999999999999890e+00
1.563191897046875000e+09	4.759000000000000341e+00	1.002000000000000002e+00
1.563191897140625000e+09	4.758000000000000007e+00	1.000999999999999890e+00
1.563191897250000000e+09	4.759000000000000341e+00	1.000999999999999890e+00
1.563191897359375000e+09	4.759999999999999787e+00	1.000999999999999890e+00
1.563191897453125000e+09	4.758000000000000007e+00	1.000999999999999890e+00
1.563191897796875000e+09	4.759000000000000341e+00	1.002000000000000002e+00
1.563191898046875000e+09	4.759999999999999787e+00	1.000999999999999890e+00
1.563191898187500000e+09	4.761999999999999567e+00	1.002000000000000002e+00
1.563191898281250000e+09	4.761999999999999567e+00	1.000999999999999890e+00
1.563191898390625000e+09	4.761999999999999567e+00	1.002000000000000002e+00
1.563191898500000000e+09	4.759999999999999787e+00	1.002000000000000002e+00
1.563191898593750000e+09	4.759000000000000341e+00	1.000999999999999890e+00
1.563191899015625000e+09	4.761000000000000121e+00	1.000999999999999890e+00
1.563191899250000000e+09	4.761999999999999567e+00	1.002000000000000002e+00
1.563191899343750000e+09	4.761000000000000121e+00	1.002000000000000002e+00
1.563191899453125000e+09	4.759999999999999787e+00	1.000999999999999890e+00
1.563191899562500000e+09	4.759999999999999787e+00	1.002000000000000002e+00
1.563191899671875000e+09	4.761999999999999567e+00	1.002000000000000002e+00
1.563191900062500000e+09	4.761999999999999567e+00	1.002000000000000002e+00
1.563191900359375000e+09	4.761999999999999567e+00	1.000999999999999890e+00
1.563191900468750000e+09	4.764999999999999680e+00	1.000999999999999890e+00
1.563191900578125000e+09	4.764000000000000234e+00	1.002000000000000002e+00
1.563191900671875000e+09	4.764000000000000234e+00	1.000999999999999890e+00
1.563191900781250000e+09	4.764999999999999680e+00	1.000999999999999890e+00
1.563191900875000000e+09	4.766000000000000014e+00	1.000999999999999890e+00
1.563191901281250000e+09	4.764000000000000234e+00	1.000999999999999890e+00
1.563191901484375000e+09	4.764000000000000234e+00	1.000999999999999890e+00
1.563191901578125000e+09	4.766000000000000014e+00	1.000999999999999890e+00
1.563191901687500000e+09	4.767000000000000348e+00	1.002000000000000002e+00
1.563191901796875000e+09	4.766000000000000014e+00	1.002000000000000002e+00
1.563191901890625000e+09	4.762999999999999901e+00	1.002000000000000002e+00
1.563191902187500000e+09	4.764000000000000234e+00	1.000999999999999890e+00
1.563191902546875000e+09	4.767999999999999794e+00	1.002000000000000002e+00
1.563191902656250000e+09	4.766000000000000014e+00	1.000999999999999890e+00
1.563191902765625000e+09	4.764999999999999680e+00	1.000999999999999890e+00
1.563191902859375000e+09	4.764000000000000234e+00	1.000999999999999890e+00
1.563191902968750000e+09	4.767000000000000348e+00	1.000999999999999890e+00
1.563191903265625000e+09	4.766000000000000014e+00	1.000999999999999890e+00
1.563191903562500000e+09	4.766000000000000014e+00	1.000999999999999890e+00
1.563191903718750000e+09	4.764999999999999680e+00	1.002000000000000002e+00
1.563191903828125000e+09	4.766000000000000014e+00	1.002000000000000002e+00
1.563191903921875000e+09	4.764999999999999680e+00	1.000999999999999890e+00
1.563191904031250000e+09	4.766000000000000014e+00	1.000999999999999890e+00
1.563191904140625000e+09	4.762999999999999901e+00	1.000999999999999890e+00
1.563191904437500000e+09	4.764000000000000234e+00	1.000999999999999890e+00
1.563191904656250000e+09	4.766000000000000014e+00	1.002000000000000002e+00
1.563191904812500000e+09	4.764999999999999680e+00	1.002000000000000002e+00
1.563191904921875000e+09	4.766000000000000014e+00	1.002000000000000002e+00
1.563191905015625000e+09	4.766000000000000014e+00	1.000999999999999890e+00
1.563191905125000000e+09	4.767000000000000348e+00	1.002000000000000002e+00
1.563191905234375000e+09	4.764000000000000234e+00	1.002000000000000002e+00
1.563191905640625000e+09	4.767999999999999794e+00	1.002000000000000002e+00
1.563191905859375000e+09	4.767999999999999794e+00	1.000999999999999890e+00
1.563191905968750000e+09	4.769000000000000128e+00	1.000999999999999890e+00
1.563191906078125000e+09	4.767999999999999794e+00	1.000999999999999890e+00
1.563191906171875000e+09	4.769000000000000128e+00	1.000999999999999890e+00
1.563191906281250000e+09	4.767999999999999794e+00	1.000999999999999890e+00
1.563191906437500000e+09	4.769000000000000128e+00	1.000999999999999890e+00
1.563191906765625000e+09	4.767999999999999794e+00	1.000999999999999890e+00
1.563191906968750000e+09	4.767999999999999794e+00	1.000999999999999890e+00
1.563191907062500000e+09	4.767999999999999794e+00	1.002000000000000002e+00
1.563191907171875000e+09	4.769999999999999574e+00	1.002000000000000002e+00
1.563191907281250000e+09	4.769000000000000128e+00	1.000999999999999890e+00
1.563191907375000000e+09	4.769000000000000128e+00	1.000999999999999890e+00
1.563191907687500000e+09	4.769000000000000128e+00	1.000999999999999890e+00
1.563191908031250000e+09	4.769000000000000128e+00	1.000999999999999890e+00
1.563191908187500000e+09	4.769000000000000128e+00	1.002000000000000002e+00
1.563191908296875000e+09	4.767999999999999794e+00	1.002000000000000002e+00
1.563191908406250000e+09	4.770999999999999908e+00	1.000999999999999890e+00
1.563191908500000000e+09	4.769000000000000128e+00	1.002000000000000002e+00
1.563191908609375000e+09	4.770999999999999908e+00	1.002000000000000002e+00
1.563191909031250000e+09	4.770999999999999908e+00	1.000999999999999890e+00
1.563191909156250000e+09	4.770999999999999908e+00	1.000999999999999890e+00
1.563191909281250000e+09	4.772000000000000242e+00	1.000999999999999890e+00
1.563191909390625000e+09	4.772000000000000242e+00	1.000999999999999890e+00
1.563191909500000000e+09	4.772999999999999687e+00	1.000999999999999890e+00
1.563191909593750000e+09	4.772999999999999687e+00	1.000999999999999890e+00
1.563191909703125000e+09	4.770999999999999908e+00	1.000999999999999890e+00
1.563191910125000000e+09	4.770999999999999908e+00	1.000999999999999890e+00
1.563191910359375000e+09	4.770999999999999908e+00	1.002000000000000002e+00
1.563191910453125000e+09	4.770999999999999908e+00	1.002000000000000002e+00
1.563191910562500000e+09	4.770999999999999908e+00	1.002000000000000002e+00
1.563191910671875000e+09	4.769999999999999574e+00	1.000999999999999890e+00
1.563191910781250000e+09	4.769999999999999574e+00	1.000999999999999890e+00
1.563191911218750000e+09	4.772999999999999687e+00	1.000999999999999890e+00
1.563191911421875000e+09	4.769999999999999574e+00	1.000999999999999890e+00
1.563191911531250000e+09	4.770999999999999908e+00	1.000999999999999890e+00
1.563191911640625000e+09	4.770999999999999908e+00	1.000999999999999890e+00
1.563191911734375000e+09	4.772999999999999687e+00	1.000999999999999890e+00
1.563191911843750000e+09	4.770999999999999908e+00	1.000999999999999890e+00
1.563191912156250000e+09	4.770999999999999908e+00	1.000999999999999890e+00
1.563191912375000000e+09	4.772000000000000242e+00	1.000999999999999890e+00
1.563191912531250000e+09	4.770999999999999908e+00	1.002000000000000002e+00
1.563191912625000000e+09	4.769999999999999574e+00	1.000999999999999890e+00
1.563191912734375000e+09	4.769999999999999574e+00	1.000999999999999890e+00
1.563191912843750000e+09	4.769000000000000128e+00	1.002000000000000002e+00
1.563191912937500000e+09	4.772999999999999687e+00	1.000999999999999890e+00
1.563191913250000000e+09	4.772999999999999687e+00	1.000999999999999890e+00
1.563191913531250000e+09	4.772999999999999687e+00	1.000999999999999890e+00
1.563191913671875000e+09	4.775000000000000355e+00	1.002000000000000002e+00
1.563191913765625000e+09	4.774000000000000021e+00	1.002000000000000002e+00
1.563191913875000000e+09	4.775000000000000355e+00	1.002000000000000002e+00
1.563191913968750000e+09	4.772999999999999687e+00	1.002000000000000002e+00
1.563191914078125000e+09	4.772999999999999687e+00	1.000999999999999890e+00
1.563191914390625000e+09	4.772000000000000242e+00	1.002000000000000002e+00
1.563191914687500000e+09	4.772999999999999687e+00	1.000999999999999890e+00
1.563191914796875000e+09	4.772000000000000242e+00	1.000999999999999890e+00
1.563191914890625000e+09	4.772999999999999687e+00	1.000999999999999890e+00
1.563191915000000000e+09	4.770999999999999908e+00	1.002000000000000002e+00
1.563191915109375000e+09	4.772999999999999687e+00	1.002000000000000002e+00
1.563191915375000000e+09	4.775000000000000355e+00	1.000999999999999890e+00
1.563191915843750000e+09	4.774000000000000021e+00	1.000999999999999890e+00
1.563191915937500000e+09	4.772999999999999687e+00	1.000999999999999890e+00
1.563191916046875000e+09	4.774000000000000021e+00	1.002000000000000002e+00
1.563191916140625000e+09	4.774000000000000021e+00	1.000999999999999890e+00
1.563191916250000000e+09	4.772000000000000242e+00	1.000999999999999890e+00
1.563191916359375000e+09	4.770999999999999908e+00	1.002000000000000002e+00
1.563191916765625000e+09	4.772999999999999687e+00	1.002000000000000002e+00
1.563191916953125000e+09	4.775000000000000355e+00	1.000999999999999890e+00
1.563191917062500000e+09	4.775999999999999801e+00	1.000999999999999890e+00
1.563191917171875000e+09	4.777000000000000135e+00	1.000999999999999890e+00
1.563191917265625000e+09	4.775000000000000355e+00	1.002000000000000002e+00
1.563191917375000000e+09	4.775999999999999801e+00	1.002000000000000002e+00
1.563191917484375000e+09	4.774000000000000021e+00	1.002000000000000002e+00
1.563191917828125000e+09	4.775000000000000355e+00	1.002000000000000002e+00
1.563191918109375000e+09	4.775999999999999801e+00	1.000999999999999890e+00
1.563191918218750000e+09	4.775000000000000355e+00	1.000999999999999890e+00
1.563191918312500000e+09	4.775000000000000355e+00	1.000999999999999890e+00
1.563191918421875000e+09	4.774000000000000021e+00	1.000999999999999890e+00
1.563191918515625000e+09	4.772999999999999687e+00	1.000999999999999890e+00
1.563191918812500000e+09	4.775999999999999801e+00	1.000999999999999890e+00
1.563191919062500000e+09	4.772999999999999687e+00	1.002000000000000002e+00
1.563191919218750000e+09	4.775000000000000355e+00	1.000999999999999890e+00
1.563191919328125000e+09	4.775000000000000355e+00	1.000999999999999890e+00
1.563191919421875000e+09	4.775000000000000355e+00	1.000999999999999890e+00
1.563191919531250000e+09	4.775999999999999801e+00	1.000999999999999890e+00
1.563191919625000000e+09	4.774000000000000021e+00	1.000999999999999890e+00
1.563191919921875000e+09	4.775000000000000355e+00	1.000999999999999890e+00
1.563191920187500000e+09	4.775000000000000355e+00	1.000999999999999890e+00
1.563191920328125000e+09	4.772999999999999687e+00	1.000999999999999890e+00
1.563191920421875000e+09	4.775999999999999801e+00	1.000999999999999890e+00
1.563191920531250000e+09	4.775000000000000355e+00	1.000999999999999890e+00
1.563191920625000000e+09	4.772999999999999687e+00	1.000999999999999890e+00
1.563191920734375000e+09	4.774000000000000021e+00	1.000999999999999890e+00
1.563191921062500000e+09	4.772999999999999687e+00	1.002000000000000002e+00
1.563191921375000000e+09	4.775000000000000355e+00	1.000999999999999890e+00
1.563191921484375000e+09	4.775999999999999801e+00	1.000999999999999890e+00
1.563191921593750000e+09	4.772999999999999687e+00	1.002000000000000002e+00
1.563191921687500000e+09	4.774000000000000021e+00	1.000999999999999890e+00
1.563191921796875000e+09	4.772999999999999687e+00	1.000999999999999890e+00
1.563191921906250000e+09	4.775000000000000355e+00	1.000999999999999890e+00
1.563191922375000000e+09	4.775000000000000355e+00	1.002000000000000002e+00
1.563191922625000000e+09	4.777000000000000135e+00	1.000999999999999890e+00
1.563191922734375000e+09	4.777000000000000135e+00	1.002000000000000002e+00
1.563191922828125000e+09	4.777000000000000135e+00	1.000999999999999890e+00
1.563191922937500000e+09	4.777000000000000135e+00	1.000999999999999890e+00
1.563191923031250000e+09	4.777000000000000135e+00	1.000999999999999890e+00
1.563191923375000000e+09	4.777000000000000135e+00	1.002000000000000002e+00
1.563191923562500000e+09	4.777000000000000135e+00	1.000999999999999890e+00
1.563191923765625000e+09	4.777000000000000135e+00	1.000999999999999890e+00
1.563191923859375000e+09	4.777000000000000135e+00	1.000999999999999890e+00
1.563191923968750000e+09	4.775999999999999801e+00	1.002000000000000002e+00
1.563191924078125000e+09	4.775999999999999801e+00	1.000999999999999890e+00
1.563191924171875000e+09	4.777000000000000135e+00	1.002000000000000002e+00
1.563191924515625000e+09	4.778999999999999915e+00	1.000999999999999890e+00
1.563191924828125000e+09	4.778999999999999915e+00	1.000999999999999890e+00
1.563191924937500000e+09	4.777999999999999581e+00	1.000999999999999890e+00
1.563191925031250000e+09	4.777000000000000135e+00	1.002000000000000002e+00
1.563191925140625000e+09	4.780000000000000249e+00	1.000999999999999890e+00
1.563191925250000000e+09	4.777999999999999581e+00	1.000999999999999890e+00
1.563191925390625000e+09	4.778999999999999915e+00	1.002000000000000002e+00
1.563191925750000000e+09	4.778999999999999915e+00	1.002000000000000002e+00
1.563191926000000000e+09	4.778999999999999915e+00	1.002000000000000002e+00
1.563191926109375000e+09	4.780000000000000249e+00	1.000999999999999890e+00
1.563191926203125000e+09	4.777000000000000135e+00	1.000999999999999890e+00
1.563191926312500000e+09	4.778999999999999915e+00	1.002000000000000002e+00
1.563191926406250000e+09	4.778999999999999915e+00	1.000999999999999890e+00
1.563191926828125000e+09	4.778999999999999915e+00	1.000999999999999890e+00
1.563191927078125000e+09	4.780000000000000249e+00	1.002000000000000002e+00
1.563191927187500000e+09	4.780999999999999694e+00	1.000999999999999890e+00
1.563191927296875000e+09	4.780000000000000249e+00	1.002000000000000002e+00
1.563191927406250000e+09	4.780000000000000249e+00	1.000999999999999890e+00
1.563191927500000000e+09	4.780999999999999694e+00	1.002000000000000002e+00
1.563191927843750000e+09	4.782000000000000028e+00	1.000999999999999890e+00
1.563191928093750000e+09	4.782000000000000028e+00	1.002000000000000002e+00
1.563191928250000000e+09	4.782000000000000028e+00	1.002000000000000002e+00
1.563191928343750000e+09	4.780999999999999694e+00	1.000999999999999890e+00
1.563191928453125000e+09	4.782000000000000028e+00	1.000999999999999890e+00
1.563191928546875000e+09	4.782000000000000028e+00	1.000999999999999890e+00
1.563191928656250000e+09	4.782000000000000028e+00	1.000999999999999890e+00
1.563191929015625000e+09	4.782000000000000028e+00	1.000999999999999890e+00
1.563191929296875000e+09	4.783000000000000362e+00	1.000999999999999890e+00
1.563191929406250000e+09	4.782000000000000028e+00	1.002000000000000002e+00
1.563191929515625000e+09	4.780999999999999694e+00	1.000999999999999890e+00
1.563191929609375000e+09	4.780000000000000249e+00	1.000999999999999890e+00
1.563191929718750000e+09	4.782000000000000028e+00	1.002000000000000002e+00
1.563191929984375000e+09	4.783999999999999808e+00	1.002000000000000002e+00
1.563191930312500000e+09	4.782000000000000028e+00	1.002000000000000002e+00
1.563191930500000000e+09	4.780000000000000249e+00	1.002000000000000002e+00
1.563191930609375000e+09	4.780000000000000249e+00	1.000999999999999890e+00
1.563191930718750000e+09	4.780999999999999694e+00	1.000999999999999890e+00
1.563191930812500000e+09	4.780000000000000249e+00	1.000999999999999890e+00
1.563191930921875000e+09	4.782000000000000028e+00	1.000999999999999890e+00
1.563191931250000000e+09	4.782000000000000028e+00	1.000999999999999890e+00
1.563191931515625000e+09	4.782000000000000028e+00	1.002000000000000002e+00
1.563191931671875000e+09	4.782000000000000028e+00	1.000999999999999890e+00
1.563191931765625000e+09	4.783000000000000362e+00	1.000999999999999890e+00
1.563191931875000000e+09	4.783000000000000362e+00	1.000999999999999890e+00
1.563191931968750000e+09	4.783999999999999808e+00	1.000999999999999890e+00
1.563191932078125000e+09	4.783999999999999808e+00	1.000999999999999890e+00
1.563191932375000000e+09	4.783999999999999808e+00	1.002000000000000002e+00
1.563191932671875000e+09	4.785999999999999588e+00	1.002000000000000002e+00
1.563191932781250000e+09	4.783999999999999808e+00	1.000999999999999890e+00
1.563191932890625000e+09	4.785999999999999588e+00	1.002000000000000002e+00
1.563191932984375000e+09	4.783999999999999808e+00	1.002000000000000002e+00
1.563191933093750000e+09	4.783999999999999808e+00	1.002000000000000002e+00
1.563191933187500000e+09	4.783000000000000362e+00	1.000999999999999890e+00
1.563191933531250000e+09	4.783999999999999808e+00	1.000999999999999890e+00
1.563191933781250000e+09	4.785000000000000142e+00	1.002000000000000002e+00
1.563191933906250000e+09	4.783999999999999808e+00	1.000999999999999890e+00
1.563191934000000000e+09	4.785000000000000142e+00	1.002000000000000002e+00
1.563191934109375000e+09	4.783999999999999808e+00	1.000999999999999890e+00
1.563191934218750000e+09	4.785000000000000142e+00	1.000999999999999890e+00
1.563191934312500000e+09	4.785000000000000142e+00	1.002000000000000002e+00
1.563191934734375000e+09	4.783000000000000362e+00	1.000999999999999890e+00
1.563191934890625000e+09	4.783999999999999808e+00	1.000999999999999890e+00
1.563191935015625000e+09	4.783999999999999808e+00	1.000999999999999890e+00
1.563191935109375000e+09	4.783999999999999808e+00	1.000999999999999890e+00
1.563191935218750000e+09	4.785000000000000142e+00	1.000999999999999890e+00
1.563191935328125000e+09	4.785999999999999588e+00	1.002000000000000002e+00
1.563191935421875000e+09	4.783000000000000362e+00	1.000999999999999890e+00
1.563191935875000000e+09	4.785000000000000142e+00	1.000999999999999890e+00
1.563191936031250000e+09	4.785999999999999588e+00	1.000999999999999890e+00
1.563191936140625000e+09	4.785000000000000142e+00	1.002000000000000002e+00
1.563191936250000000e+09	4.783999999999999808e+00	1.002000000000000002e+00
1.563191936343750000e+09	4.785999999999999588e+00	1.000999999999999890e+00
1.563191936453125000e+09	4.783999999999999808e+00	1.000999999999999890e+00
1.563191936734375000e+09	4.782000000000000028e+00	1.000999999999999890e+00
1.563191937046875000e+09	4.783000000000000362e+00	1.000999999999999890e+00
1.563191937171875000e+09	4.783999999999999808e+00	1.002000000000000002e+00
1.563191937265625000e+09	4.783999999999999808e+00	1.000999999999999890e+00
1.563191937375000000e+09	4.783999999999999808e+00	1.000999999999999890e+00
1.563191937468750000e+09	4.785000000000000142e+00	1.000999999999999890e+00
1.563191937578125000e+09	4.785000000000000142e+00	1.002000000000000002e+00
1.563191937968750000e+09	4.785000000000000142e+00	1.000999999999999890e+00
1.563191938203125000e+09	4.785000000000000142e+00	1.000999999999999890e+00
1.563191938328125000e+09	4.785999999999999588e+00	1.002000000000000002e+00
1.563191938421875000e+09	4.785000000000000142e+00	1.002000000000000002e+00
1.563191938531250000e+09	4.785000000000000142e+00	1.000999999999999890e+00
1.563191938640625000e+09	4.785999999999999588e+00	1.002000000000000002e+00
1.563191938734375000e+09	4.785999999999999588e+00	1.002000000000000002e+00
1.563191939171875000e+09	4.786999999999999922e+00	1.000999999999999890e+00
1.563191939359375000e+09	4.785999999999999588e+00	1.000999999999999890e+00
1.563191939453125000e+09	4.786999999999999922e+00	1.000999999999999890e+00
1.563191939562500000e+09	4.788000000000000256e+00	1.000999999999999890e+00
1.563191939656250000e+09	4.788000000000000256e+00	1.002000000000000002e+00
1.563191939765625000e+09	4.788000000000000256e+00	1.000999999999999890e+00
1.563191940078125000e+09	4.788000000000000256e+00	1.000999999999999890e+00
1.563191940375000000e+09	4.785999999999999588e+00	1.000999999999999890e+00
1.563191940484375000e+09	4.786999999999999922e+00	1.000999999999999890e+00
1.563191940578125000e+09	4.786999999999999922e+00	1.000999999999999890e+00
1.563191940687500000e+09	4.785999999999999588e+00	1.002000000000000002e+00
1.563191940796875000e+09	4.785000000000000142e+00	1.000999999999999890e+00
1.563191940890625000e+09	4.785000000000000142e+00	1.000999999999999890e+00
1.563191941296875000e+09	4.785999999999999588e+00	1.000999999999999890e+00
1.563191941453125000e+09	4.788000000000000256e+00	1.002000000000000002e+00
1.563191941578125000e+09	4.785999999999999588e+00	1.000999999999999890e+00
1.563191941671875000e+09	4.785999999999999588e+00	1.000999999999999890e+00
1.563191941781250000e+09	4.788000000000000256e+00	1.002000000000000002e+00
1.563191941890625000e+09	4.788000000000000256e+00	1.002000000000000002e+00
1.563191941984375000e+09	4.785000000000000142e+00	1.002000000000000002e+00
1.563191942375000000e+09	4.785999999999999588e+00	1.000999999999999890e+00
1.563191942546875000e+09	4.785999999999999588e+00	1.000999999999999890e+00
1.563191942656250000e+09	4.783999999999999808e+00	1.000999999999999890e+00
1.563191942765625000e+09	4.785999999999999588e+00	1.000999999999999890e+00
1.563191942968750000e+09	3.306000000000000050e+00	7.019999999999999574e-01
1.563191943078125000e+09	3.310000000000000053e+00	7.019999999999999574e-01
1.563191943421875000e+09	3.311999999999999833e+00	7.009999999999999565e-01
1.563191943625000000e+09	3.311999999999999833e+00	7.009999999999999565e-01
1.563191943750000000e+09	3.314000000000000057e+00	7.019999999999999574e-01
1.563191943859375000e+09	3.311999999999999833e+00	7.009999999999999565e-01
1.563191943953125000e+09	3.314000000000000057e+00	7.019999999999999574e-01
1.563191944062500000e+09	3.314000000000000057e+00	7.019999999999999574e-01
1.563191944171875000e+09	3.311999999999999833e+00	7.019999999999999574e-01
1.563191944656250000e+09	3.314000000000000057e+00	7.019999999999999574e-01
1.563191944859375000e+09	3.311999999999999833e+00	7.009999999999999565e-01
1.563191944968750000e+09	3.311999999999999833e+00	7.019999999999999574e-01
1.563191945062500000e+09	3.310999999999999943e+00	7.019999999999999574e-01
1.563191945171875000e+09	3.311999999999999833e+00	7.019999999999999574e-01
1.563191945281250000e+09	3.313000000000000167e+00	7.019999999999999574e-01
1.563191945546875000e+09	3.310000000000000053e+00	7.009999999999999565e-01
1.563191945812500000e+09	3.311999999999999833e+00	7.019999999999999574e-01
1.563191945968750000e+09	3.310999999999999943e+00	7.019999999999999574e-01
1.563191946062500000e+09	3.310999999999999943e+00	7.019999999999999574e-01
1.563191946171875000e+09	3.310999999999999943e+00	7.009999999999999565e-01
1.563191946281250000e+09	3.311999999999999833e+00	7.019999999999999574e-01
1.563191946390625000e+09	3.310000000000000053e+00	7.019999999999999574e-01
1.563191946703125000e+09	3.311999999999999833e+00	7.019999999999999574e-01
1.563191946968750000e+09	3.310999999999999943e+00	7.019999999999999574e-01
1.563191947093750000e+09	3.310999999999999943e+00	7.019999999999999574e-01
1.563191947203125000e+09	3.310000000000000053e+00	7.019999999999999574e-01
1.563191947312500000e+09	3.310000000000000053e+00	7.019999999999999574e-01
1.563191947421875000e+09	3.310000000000000053e+00	7.019999999999999574e-01
1.563191947531250000e+09	3.310000000000000053e+00	7.019999999999999574e-01
1.563191947921875000e+09	3.310000000000000053e+00	7.019999999999999574e-01
1.563191948140625000e+09	3.310000000000000053e+00	7.019999999999999574e-01
1.563191948250000000e+09	3.310000000000000053e+00	7.019999999999999574e-01
1.563191948359375000e+09	3.310000000000000053e+00	7.019999999999999574e-01
1.563191948468750000e+09	3.310999999999999943e+00	7.019999999999999574e-01
1.563191948562500000e+09	3.309000000000000163e+00	7.019999999999999574e-01
1.563191948828125000e+09	3.310000000000000053e+00	7.019999999999999574e-01
1.563191949171875000e+09	3.307999999999999829e+00	7.009999999999999565e-01
1.563191949281250000e+09	3.309000000000000163e+00	7.019999999999999574e-01
1.563191949390625000e+09	3.310000000000000053e+00	7.009999999999999565e-01
1.563191949500000000e+09	3.310000000000000053e+00	7.019999999999999574e-01
1.563191949609375000e+09	3.309000000000000163e+00	7.019999999999999574e-01
1.563191949718750000e+09	3.310000000000000053e+00	7.009999999999999565e-01
1.563191950125000000e+09	3.309000000000000163e+00	7.019999999999999574e-01
1.563191950328125000e+09	3.309000000000000163e+00	7.019999999999999574e-01
1.563191950437500000e+09	3.310000000000000053e+00	7.009999999999999565e-01
1.563191950546875000e+09	3.310999999999999943e+00	7.019999999999999574e-01
1.563191950656250000e+09	3.310000000000000053e+00	7.019999999999999574e-01
1.563191950765625000e+09	3.310000000000000053e+00	7.009999999999999565e-01
1.563191951062500000e+09	3.309000000000000163e+00	7.019999999999999574e-01
1.563191951343750000e+09	3.310000000000000053e+00	7.009999999999999565e-01
1.563191951468750000e+09	3.309000000000000163e+00	7.019999999999999574e-01
1.563191951578125000e+09	3.311999999999999833e+00	7.009999999999999565e-01
1.563191951687500000e+09	3.310000000000000053e+00	7.019999999999999574e-01
1.563191951796875000e+09	3.310999999999999943e+00	7.019999999999999574e-01
1.563191951906250000e+09	3.311999999999999833e+00	7.009999999999999565e-01
1.563191952296875000e+09	3.310000000000000053e+00	7.019999999999999574e-01
1.563191952515625000e+09	3.310999999999999943e+00	7.019999999999999574e-01
1.563191952656250000e+09	3.310000000000000053e+00	7.009999999999999565e-01
1.563191952765625000e+09	3.310000000000000053e+00	7.019999999999999574e-01
1.563191952859375000e+09	3.310999999999999943e+00	7.019999999999999574e-01
1.563191952968750000e+09	3.310999999999999943e+00	7.019999999999999574e-01
1.563191953078125000e+09	3.311999999999999833e+00	7.019999999999999574e-01
1.563191953484375000e+09	3.310999999999999943e+00	7.019999999999999574e-01
1.563191953687500000e+09	3.310999999999999943e+00	7.019999999999999574e-01
1.563191953796875000e+09	3.310999999999999943e+00	7.019999999999999574e-01
1.563191953906250000e+09	3.310000000000000053e+00	7.019999999999999574e-01
1.563191954015625000e+09	3.310000000000000053e+00	7.009999999999999565e-01
1.563191954125000000e+09	3.311999999999999833e+00	7.009999999999999565e-01
1.563191954359375000e+09	3.310000000000000053e+00	7.019999999999999574e-01
1.563191954703125000e+09	3.310999999999999943e+00	7.019999999999999574e-01
1.563191954828125000e+09	3.310000000000000053e+00	7.019999999999999574e-01
1.563191954937500000e+09	3.311999999999999833e+00	7.019999999999999574e-01
1.563191955046875000e+09	3.310999999999999943e+00	7.019999999999999574e-01
1.563191955156250000e+09	3.311999999999999833e+00	7.019999999999999574e-01
1.563191955265625000e+09	3.311999999999999833e+00	7.019999999999999574e-01
1.563191955671875000e+09	3.310999999999999943e+00	7.019999999999999574e-01
1.563191955875000000e+09	3.310000000000000053e+00	7.019999999999999574e-01
1.563191955984375000e+09	3.310000000000000053e+00	7.009999999999999565e-01
1.563191956093750000e+09	3.310999999999999943e+00	7.019999999999999574e-01
1.563191956203125000e+09	3.310000000000000053e+00	7.009999999999999565e-01
1.563191956296875000e+09	3.310999999999999943e+00	7.009999999999999565e-01
1.563191956718750000e+09	3.311999999999999833e+00	7.019999999999999574e-01
1.563191956953125000e+09	3.310999999999999943e+00	7.019999999999999574e-01
1.563191957062500000e+09	3.310000000000000053e+00	7.009999999999999565e-01
1.563191957171875000e+09	3.311999999999999833e+00	7.019999999999999574e-01
1.563191957281250000e+09	3.311999999999999833e+00	7.009999999999999565e-01
1.563191957375000000e+09	3.311999999999999833e+00	7.019999999999999574e-01
1.563191957671875000e+09	3.311999999999999833e+00	7.019999999999999574e-01
1.563191957937500000e+09	3.310999999999999943e+00	7.019999999999999574e-01
1.563191958093750000e+09	3.311999999999999833e+00	7.019999999999999574e-01
1.563191958203125000e+09	3.310000000000000053e+00	7.019999999999999574e-01
1.563191958312500000e+09	3.311999999999999833e+00	7.019999999999999574e-01
1.563191958421875000e+09	3.310000000000000053e+00	7.019999999999999574e-01
1.563191958531250000e+09	3.310000000000000053e+00	7.019999999999999574e-01
1.563191958921875000e+09	3.310999999999999943e+00	7.019999999999999574e-01
1.563191959140625000e+09	3.313000000000000167e+00	7.019999999999999574e-01
1.563191959250000000e+09	3.314000000000000057e+00	7.019999999999999574e-01
1.563191959343750000e+09	3.311999999999999833e+00	7.019999999999999574e-01
1.563191959453125000e+09	3.314000000000000057e+00	7.009999999999999565e-01
1.563191959562500000e+09	3.314000000000000057e+00	7.019999999999999574e-01
1.563191959890625000e+09	3.311999999999999833e+00	7.019999999999999574e-01
1.563191960171875000e+09	3.311999999999999833e+00	7.019999999999999574e-01
1.563191960312500000e+09	3.313000000000000167e+00	7.019999999999999574e-01
1.563191960421875000e+09	3.311999999999999833e+00	7.009999999999999565e-01
1.563191960531250000e+09	3.311999999999999833e+00	7.019999999999999574e-01
1.563191960640625000e+09	3.311999999999999833e+00	7.009999999999999565e-01
1.563191960734375000e+09	3.314000000000000057e+00	7.019999999999999574e-01
1.563191961078125000e+09	3.310999999999999943e+00	7.009999999999999565e-01
1.563191961296875000e+09	3.311999999999999833e+00	7.019999999999999574e-01
1.563191961406250000e+09	3.311999999999999833e+00	7.019999999999999574e-01
1.563191961515625000e+09	3.311999999999999833e+00	7.009999999999999565e-01
1.563191961609375000e+09	3.311999999999999833e+00	7.009999999999999565e-01
1.563191961718750000e+09	3.310000000000000053e+00	7.019999999999999574e-01
1.563191961828125000e+09	3.311999999999999833e+00	7.019999999999999574e-01
1.563191962265625000e+09	3.310000000000000053e+00	7.019999999999999574e-01
1.563191962453125000e+09	3.311999999999999833e+00	7.019999999999999574e-01
1.563191962562500000e+09	3.310000000000000053e+00	7.019999999999999574e-01
1.563191962671875000e+09	3.310999999999999943e+00	7.009999999999999565e-01
1.563191962781250000e+09	3.310999999999999943e+00	7.019999999999999574e-01
1.563191962890625000e+09	3.310000000000000053e+00	7.009999999999999565e-01
1.563191963156250000e+09	3.310000000000000053e+00	7.019999999999999574e-01
1.563191963468750000e+09	3.310999999999999943e+00	7.019999999999999574e-01
1.563191963625000000e+09	3.310000000000000053e+00	7.019999999999999574e-01
1.563191963734375000e+09	3.310000000000000053e+00	7.019999999999999574e-01
1.563191963843750000e+09	3.309000000000000163e+00	7.019999999999999574e-01
1.563191963953125000e+09	3.310999999999999943e+00	7.019999999999999574e-01
1.563191964062500000e+09	3.310999999999999943e+00	7.019999999999999574e-01
1.563191964343750000e+09	3.309000000000000163e+00	7.019999999999999574e-01
1.563191964578125000e+09	3.310000000000000053e+00	7.019999999999999574e-01
1.563191964718750000e+09	3.310999999999999943e+00	7.019999999999999574e-01
1.563191964828125000e+09	3.310000000000000053e+00	7.019999999999999574e-01
1.563191964937500000e+09	3.311999999999999833e+00	7.019999999999999574e-01
1.563191965046875000e+09	3.310000000000000053e+00	7.019999999999999574e-01
1.563191965156250000e+09	3.310000000000000053e+00	7.019999999999999574e-01
1.563191965562500000e+09	3.310999999999999943e+00	7.009999999999999565e-01
1.563191965765625000e+09	3.310000000000000053e+00	7.019999999999999574e-01
1.563191965875000000e+09	3.310999999999999943e+00	7.019999999999999574e-01
1.563191965984375000e+09	3.311999999999999833e+00	7.019999999999999574e-01
1.563191966078125000e+09	3.310999999999999943e+00	7.019999999999999574e-01
1.563191966187500000e+09	3.311999999999999833e+00	7.019999999999999574e-01
1.563191966359375000e+09	3.311999999999999833e+00	7.019999999999999574e-01
1.563191966671875000e+09	3.311999999999999833e+00	7.019999999999999574e-01
1.563191966937500000e+09	3.313000000000000167e+00	7.009999999999999565e-01
1.563191967046875000e+09	3.310999999999999943e+00	7.009999999999999565e-01
1.563191967156250000e+09	3.311999999999999833e+00	7.009999999999999565e-01
1.563191967265625000e+09	3.310999999999999943e+00	7.019999999999999574e-01
1.563191967375000000e+09	3.311999999999999833e+00	7.019999999999999574e-01
1.563191967640625000e+09	3.314000000000000057e+00	7.019999999999999574e-01
1.563191967968750000e+09	3.310000000000000053e+00	7.019999999999999574e-01
1.563191968078125000e+09	3.311999999999999833e+00	7.019999999999999574e-01
1.563191968187500000e+09	3.311999999999999833e+00	7.019999999999999574e-01
1.563191968296875000e+09	3.311999999999999833e+00	7.009999999999999565e-01
1.563191968390625000e+09	3.313000000000000167e+00	7.019999999999999574e-01
1.563191968500000000e+09	3.310999999999999943e+00	7.019999999999999574e-01
1.563191968906250000e+09	3.311999999999999833e+00	7.019999999999999574e-01
1.563191969062500000e+09	3.310999999999999943e+00	7.019999999999999574e-01
1.563191969187500000e+09	3.311999999999999833e+00	7.019999999999999574e-01
1.563191969296875000e+09	3.310000000000000053e+00	7.019999999999999574e-01
1.563191969406250000e+09	3.310000000000000053e+00	7.019999999999999574e-01
1.563191969515625000e+09	3.310000000000000053e+00	7.019999999999999574e-01
1.563191969609375000e+09	3.311999999999999833e+00	7.009999999999999565e-01
1.563191970000000000e+09	3.311999999999999833e+00	7.019999999999999574e-01
1.563191970156250000e+09	3.311999999999999833e+00	7.009999999999999565e-01
1.563191970265625000e+09	3.311999999999999833e+00	7.019999999999999574e-01
1.563191970375000000e+09	3.314999999999999947e+00	7.019999999999999574e-01
1.563191970484375000e+09	3.314000000000000057e+00	7.019999999999999574e-01
1.563191970593750000e+09	3.314000000000000057e+00	7.019999999999999574e-01
1.563191970687500000e+09	3.314999999999999947e+00	7.019999999999999574e-01
1.563191971109375000e+09	3.314000000000000057e+00	7.009999999999999565e-01
1.563191971312500000e+09	3.313000000000000167e+00	7.009999999999999565e-01
1.563191971421875000e+09	3.313000000000000167e+00	7.019999999999999574e-01
1.563191971515625000e+09	3.311999999999999833e+00	7.019999999999999574e-01
1.563191971625000000e+09	3.313000000000000167e+00	7.019999999999999574e-01
1.563191971734375000e+09	3.313000000000000167e+00	7.019999999999999574e-01
1.563191972031250000e+09	3.311999999999999833e+00	7.019999999999999574e-01
1.563191972343750000e+09	3.313000000000000167e+00	7.019999999999999574e-01
1.563191972453125000e+09	3.313000000000000167e+00	7.019999999999999574e-01
1.563191972562500000e+09	3.311999999999999833e+00	7.019999999999999574e-01
1.563191972671875000e+09	3.310999999999999943e+00	7.009999999999999565e-01
1.563191972781250000e+09	3.313000000000000167e+00	7.019999999999999574e-01
1.563191972890625000e+09	3.313000000000000167e+00	7.019999999999999574e-01
1.563191973281250000e+09	3.311999999999999833e+00	7.019999999999999574e-01
1.563191973500000000e+09	3.313000000000000167e+00	7.009999999999999565e-01
1.563191973609375000e+09	3.311999999999999833e+00	7.009999999999999565e-01
1.563191973718750000e+09	3.314000000000000057e+00	7.019999999999999574e-01
1.563191973828125000e+09	3.311999999999999833e+00	7.019999999999999574e-01
1.563191973921875000e+09	3.313000000000000167e+00	7.019999999999999574e-01
1.563191974250000000e+09	3.314000000000000057e+00	7.019999999999999574e-01
1.563191974515625000e+09	3.311999999999999833e+00	7.019999999999999574e-01
1.563191974687500000e+09	3.314000000000000057e+00	7.019999999999999574e-01
1.563191974781250000e+09	3.314000000000000057e+00	7.019999999999999574e-01
1.563191974890625000e+09	3.314000000000000057e+00	7.009999999999999565e-01
1.563191975000000000e+09	3.314000000000000057e+00	7.019999999999999574e-01
1.563191975109375000e+09	3.311999999999999833e+00	7.009999999999999565e-01
1.563191975375000000e+09	3.311999999999999833e+00	7.019999999999999574e-01
1.563191975625000000e+09	3.311999999999999833e+00	7.009999999999999565e-01
1.563191975765625000e+09	3.314000000000000057e+00	7.019999999999999574e-01
1.563191975875000000e+09	3.314000000000000057e+00	7.019999999999999574e-01
1.563191975984375000e+09	3.314999999999999947e+00	7.009999999999999565e-01
1.563191976093750000e+09	3.313000000000000167e+00	7.009999999999999565e-01
1.563191976187500000e+09	3.313000000000000167e+00	7.019999999999999574e-01
1.563191976484375000e+09	3.314000000000000057e+00	7.009999999999999565e-01
1.563191976734375000e+09	3.314999999999999947e+00	7.019999999999999574e-01
1.563191976906250000e+09	3.314000000000000057e+00	7.009999999999999565e-01
1.563191977015625000e+09	3.314999999999999947e+00	7.019999999999999574e-01
1.563191977125000000e+09	3.314000000000000057e+00	7.019999999999999574e-01
1.563191977234375000e+09	3.314000000000000057e+00	7.009999999999999565e-01
1.563191977343750000e+09	3.314999999999999947e+00	7.019999999999999574e-01
1.563191977734375000e+09	3.314000000000000057e+00	7.019999999999999574e-01
1.563191977953125000e+09	3.315999999999999837e+00	7.009999999999999565e-01
1.563191978062500000e+09	3.317000000000000171e+00	7.009999999999999565e-01
1.563191978156250000e+09	3.315999999999999837e+00	7.019999999999999574e-01
1.563191978265625000e+09	3.315999999999999837e+00	7.019999999999999574e-01
1.563191978375000000e+09	3.315999999999999837e+00	7.019999999999999574e-01
1.563191978625000000e+09	3.314000000000000057e+00	7.019999999999999574e-01
1.563191978937500000e+09	3.315999999999999837e+00	7.019999999999999574e-01
1.563191979093750000e+09	3.318000000000000060e+00	7.019999999999999574e-01
1.563191979203125000e+09	3.315999999999999837e+00	7.019999999999999574e-01
1.563191979312500000e+09	3.315999999999999837e+00	7.019999999999999574e-01
1.563191979421875000e+09	3.318000000000000060e+00	7.009999999999999565e-01
1.563191979531250000e+09	3.314999999999999947e+00	7.019999999999999574e-01
1.563191979921875000e+09	3.315999999999999837e+00	7.019999999999999574e-01
1.563191980140625000e+09	3.315999999999999837e+00	7.019999999999999574e-01
1.563191980250000000e+09	3.315999999999999837e+00	7.019999999999999574e-01
1.563191980359375000e+09	3.317000000000000171e+00	7.019999999999999574e-01
1.563191980453125000e+09	3.317000000000000171e+00	7.019999999999999574e-01
1.563191980562500000e+09	3.317000000000000171e+00	7.019999999999999574e-01
1.563191980859375000e+09	3.317000000000000171e+00	7.019999999999999574e-01
1.563191981093750000e+09	3.317000000000000171e+00	7.009999999999999565e-01
1.563191981234375000e+09	3.315999999999999837e+00	7.009999999999999565e-01
1.563191981343750000e+09	3.315999999999999837e+00	7.019999999999999574e-01
1.563191981453125000e+09	3.314000000000000057e+00	7.019999999999999574e-01
1.563191981562500000e+09	3.318000000000000060e+00	7.019999999999999574e-01
1.563191981656250000e+09	3.317000000000000171e+00	7.019999999999999574e-01
1.563191981953125000e+09	3.315999999999999837e+00	7.019999999999999574e-01
1.563191982312500000e+09	3.315999999999999837e+00	7.019999999999999574e-01
1.563191982468750000e+09	3.318000000000000060e+00	7.009999999999999565e-01
1.563191982578125000e+09	3.317000000000000171e+00	7.009999999999999565e-01
1.563191982671875000e+09	3.318000000000000060e+00	7.009999999999999565e-01
1.563191982781250000e+09	3.317000000000000171e+00	7.019999999999999574e-01
1.563191982890625000e+09	3.317000000000000171e+00	7.019999999999999574e-01
1.563191983281250000e+09	3.317000000000000171e+00	7.019999999999999574e-01
1.563191983437500000e+09	3.318000000000000060e+00	7.019999999999999574e-01
1.563191983546875000e+09	3.317000000000000171e+00	7.009999999999999565e-01
1.563191983656250000e+09	3.317000000000000171e+00	7.019999999999999574e-01
1.563191983765625000e+09	3.318000000000000060e+00	7.019999999999999574e-01
1.563191983875000000e+09	3.318000000000000060e+00	7.009999999999999565e-01
1.563191983984375000e+09	3.318000000000000060e+00	7.019999999999999574e-01
1.563191984343750000e+09	3.318000000000000060e+00	7.019999999999999574e-01
1.563191984531250000e+09	3.318000000000000060e+00	7.009999999999999565e-01
1.563191984656250000e+09	3.318000000000000060e+00	7.009999999999999565e-01
1.563191984750000000e+09	3.318000000000000060e+00	7.019999999999999574e-01
1.563191984859375000e+09	3.315999999999999837e+00	7.019999999999999574e-01
1.563191984968750000e+09	3.317000000000000171e+00	7.019999999999999574e-01
1.563191985078125000e+09	3.318000000000000060e+00	7.009999999999999565e-01
1.563191985421875000e+09	3.318000000000000060e+00	7.019999999999999574e-01
1.563191985593750000e+09	3.318999999999999950e+00	7.019999999999999574e-01
1.563191985750000000e+09	3.318999999999999950e+00	7.019999999999999574e-01
1.563191985843750000e+09	3.317000000000000171e+00	7.009999999999999565e-01
1.563191985953125000e+09	3.317000000000000171e+00	7.019999999999999574e-01
1.563191986062500000e+09	3.318000000000000060e+00	7.019999999999999574e-01
1.563191986171875000e+09	3.315999999999999837e+00	7.019999999999999574e-01
1.563191986484375000e+09	3.318000000000000060e+00	7.019999999999999574e-01
1.563191986718750000e+09	3.318000000000000060e+00	7.019999999999999574e-01
1.563191986828125000e+09	3.318000000000000060e+00	7.019999999999999574e-01
1.563191986937500000e+09	3.317000000000000171e+00	7.019999999999999574e-01
1.563191987046875000e+09	3.318000000000000060e+00	7.019999999999999574e-01
1.563191987156250000e+09	3.319999999999999840e+00	7.019999999999999574e-01
1.563191987265625000e+09	3.318000000000000060e+00	7.019999999999999574e-01
1.563191987546875000e+09	3.321000000000000174e+00	7.019999999999999574e-01
1.563191987750000000e+09	3.318999999999999950e+00	7.019999999999999574e-01
1.563191987890625000e+09	3.318000000000000060e+00	7.019999999999999574e-01
1.563191987984375000e+09	3.317000000000000171e+00	7.009999999999999565e-01
1.563191988093750000e+09	3.321000000000000174e+00	7.009999999999999565e-01
1.563191988203125000e+09	3.318000000000000060e+00	7.019999999999999574e-01
1.563191988312500000e+09	3.319999999999999840e+00	7.019999999999999574e-01
1.563191988609375000e+09	3.318000000000000060e+00	7.019999999999999574e-01
1.563191988890625000e+09	3.318999999999999950e+00	7.019999999999999574e-01
1.563191989125000000e+09	3.318999999999999950e+00	7.019999999999999574e-01
1.563191989234375000e+09	3.319999999999999840e+00	7.009999999999999565e-01
1.563191989343750000e+09	3.318000000000000060e+00	7.019999999999999574e-01
1.563191989453125000e+09	3.317000000000000171e+00	7.009999999999999565e-01
1.563191989562500000e+09	3.317000000000000171e+00	7.009999999999999565e-01
1.563191989953125000e+09	3.317000000000000171e+00	7.009999999999999565e-01
1.563191990171875000e+09	3.318000000000000060e+00	7.019999999999999574e-01
1.563191990281250000e+09	3.319999999999999840e+00	7.019999999999999574e-01
1.563191990390625000e+09	3.319999999999999840e+00	7.009999999999999565e-01
1.563191990500000000e+09	3.319999999999999840e+00	7.019999999999999574e-01
1.563191990609375000e+09	3.319999999999999840e+00	7.019999999999999574e-01
1.563191990937500000e+09	3.319999999999999840e+00	7.019999999999999574e-01
1.563191991171875000e+09	3.317000000000000171e+00	7.019999999999999574e-01
1.563191991312500000e+09	3.319999999999999840e+00	7.009999999999999565e-01
1.563191991421875000e+09	3.321000000000000174e+00	7.019999999999999574e-01
1.563191991531250000e+09	3.319999999999999840e+00	7.009999999999999565e-01
1.563191991640625000e+09	3.321000000000000174e+00	7.019999999999999574e-01
1.563191991750000000e+09	3.319999999999999840e+00	7.019999999999999574e-01
1.563191992156250000e+09	3.319999999999999840e+00	7.009999999999999565e-01
1.563191992328125000e+09	3.318000000000000060e+00	7.019999999999999574e-01
1.563191992437500000e+09	3.319999999999999840e+00	7.019999999999999574e-01
1.563191992546875000e+09	3.318999999999999950e+00	7.019999999999999574e-01
1.563191992656250000e+09	3.319999999999999840e+00	7.019999999999999574e-01
1.563191992765625000e+09	3.319999999999999840e+00	7.009999999999999565e-01
1.563191992875000000e+09	3.319999999999999840e+00	7.009999999999999565e-01
1.563191993250000000e+09	3.319999999999999840e+00	7.019999999999999574e-01
1.563191993406250000e+09	3.318999999999999950e+00	7.009999999999999565e-01
1.563191993546875000e+09	3.318999999999999950e+00	7.019999999999999574e-01
1.563191993656250000e+09	3.318000000000000060e+00	7.019999999999999574e-01
1.563191993765625000e+09	3.321000000000000174e+00	7.019999999999999574e-01
1.563191993875000000e+09	3.319999999999999840e+00	7.019999999999999574e-01
1.563191993968750000e+09	3.318000000000000060e+00	7.019999999999999574e-01
1.563191994343750000e+09	3.319999999999999840e+00	7.009999999999999565e-01
1.563191994515625000e+09	3.318000000000000060e+00	7.019999999999999574e-01
1.563191994640625000e+09	3.321000000000000174e+00	7.009999999999999565e-01
1.563191994750000000e+09	3.319999999999999840e+00	7.019999999999999574e-01
1.563191994859375000e+09	3.319999999999999840e+00	7.019999999999999574e-01
1.563191994968750000e+09	3.318000000000000060e+00	7.019999999999999574e-01
1.563191995078125000e+09	3.318999999999999950e+00	7.009999999999999565e-01
1.563191995468750000e+09	3.319999999999999840e+00	7.019999999999999574e-01
1.563191995625000000e+09	3.318999999999999950e+00	7.019999999999999574e-01
1.563191995750000000e+09	3.318000000000000060e+00	7.019999999999999574e-01
1.563191995859375000e+09	3.319999999999999840e+00	7.009999999999999565e-01
1.563191995968750000e+09	3.318999999999999950e+00	7.019999999999999574e-01
1.563191996078125000e+09	3.318999999999999950e+00	7.019999999999999574e-01
1.563191996187500000e+09	3.318999999999999950e+00	7.019999999999999574e-01
1.563191996593750000e+09	3.319999999999999840e+00	7.009999999999999565e-01
1.563191996828125000e+09	3.319999999999999840e+00	7.019999999999999574e-01
1.563191996953125000e+09	3.318000000000000060e+00	7.019999999999999574e-01
1.563191997046875000e+09	3.318000000000000060e+00	7.019999999999999574e-01
1.563191997156250000e+09	3.317000000000000171e+00	7.019999999999999574e-01
1.563191997265625000e+09	3.314000000000000057e+00	7.019999999999999574e-01
1.563191997375000000e+09	3.318000000000000060e+00	7.019999999999999574e-01
1.563191997640625000e+09	3.318000000000000060e+00	7.019999999999999574e-01
1.563191997906250000e+09	3.318000000000000060e+00	7.019999999999999574e-01
1.563191998046875000e+09	3.315999999999999837e+00	7.019999999999999574e-01
1.563191998156250000e+09	3.318999999999999950e+00	7.009999999999999565e-01
1.563191998250000000e+09	3.318000000000000060e+00	7.019999999999999574e-01
1.563191998359375000e+09	3.318999999999999950e+00	7.019999999999999574e-01
1.563191998468750000e+09	3.318000000000000060e+00	7.009999999999999565e-01
1.563191998859375000e+09	3.317000000000000171e+00	7.019999999999999574e-01
1.563191999031250000e+09	3.318000000000000060e+00	7.009999999999999565e-01
1.563191999140625000e+09	3.318000000000000060e+00	7.019999999999999574e-01
1.563191999250000000e+09	3.318000000000000060e+00	7.009999999999999565e-01
1.563191999359375000e+09	3.317000000000000171e+00	7.019999999999999574e-01
1.563191999468750000e+09	3.318000000000000060e+00	7.019999999999999574e-01
1.563191999562500000e+09	3.318999999999999950e+00	7.019999999999999574e-01
1.563191999968750000e+09	3.318000000000000060e+00	7.019999999999999574e-01
1.563192000203125000e+09	3.315999999999999837e+00	7.019999999999999574e-01
1.563192000296875000e+09	3.317000000000000171e+00	7.019999999999999574e-01
1.563192000406250000e+09	3.318000000000000060e+00	7.009999999999999565e-01
1.563192000515625000e+09	3.314999999999999947e+00	7.009999999999999565e-01
1.563192000625000000e+09	3.318000000000000060e+00	7.019999999999999574e-01
1.563192000937500000e+09	3.315999999999999837e+00	7.019999999999999574e-01
1.563192001140625000e+09	3.317000000000000171e+00	7.009999999999999565e-01
1.563192001281250000e+09	3.317000000000000171e+00	7.019999999999999574e-01
1.563192001390625000e+09	3.318000000000000060e+00	7.019999999999999574e-01
1.563192001500000000e+09	3.315999999999999837e+00	7.019999999999999574e-01
1.563192001609375000e+09	3.315999999999999837e+00	7.019999999999999574e-01
1.563192001718750000e+09	3.315999999999999837e+00	7.009999999999999565e-01
1.563192001890625000e+09	3.315999999999999837e+00	7.019999999999999574e-01
1.563192002171875000e+09	3.315999999999999837e+00	7.019999999999999574e-01
1.563192002375000000e+09	3.314000000000000057e+00	7.019999999999999574e-01
1.563192002484375000e+09	3.314999999999999947e+00	7.009999999999999565e-01
1.563192002593750000e+09	3.315999999999999837e+00	7.019999999999999574e-01
1.563192002703125000e+09	3.318000000000000060e+00	7.009999999999999565e-01
1.563192002796875000e+09	3.317000000000000171e+00	7.019999999999999574e-01
1.563192003062500000e+09	3.315999999999999837e+00	7.009999999999999565e-01
1.563192003359375000e+09	3.315999999999999837e+00	7.019999999999999574e-01
1.563192003578125000e+09	3.318000000000000060e+00	7.019999999999999574e-01
1.563192003687500000e+09	3.315999999999999837e+00	7.019999999999999574e-01
1.563192003796875000e+09	3.317000000000000171e+00	7.019999999999999574e-01
1.563192003890625000e+09	3.318000000000000060e+00	7.009999999999999565e-01
1.563192004000000000e+09	3.318000000000000060e+00	7.019999999999999574e-01
1.563192004312500000e+09	3.317000000000000171e+00	7.019999999999999574e-01
1.563192004609375000e+09	3.315999999999999837e+00	7.019999999999999574e-01
1.563192004734375000e+09	3.317000000000000171e+00	7.019999999999999574e-01
1.563192004843750000e+09	3.317000000000000171e+00	7.019999999999999574e-01
1.563192004953125000e+09	3.314999999999999947e+00	7.009999999999999565e-01
1.563192005062500000e+09	3.317000000000000171e+00	7.009999999999999565e-01
1.563192005156250000e+09	3.317000000000000171e+00	7.019999999999999574e-01
1.563192005453125000e+09	3.317000000000000171e+00	7.009999999999999565e-01
1.563192005718750000e+09	3.318999999999999950e+00	7.019999999999999574e-01
1.563192005843750000e+09	3.314999999999999947e+00	7.019999999999999574e-01
1.563192005953125000e+09	3.317000000000000171e+00	7.009999999999999565e-01
1.563192006062500000e+09	3.318000000000000060e+00	7.009999999999999565e-01
1.563192006156250000e+09	3.314999999999999947e+00	7.019999999999999574e-01
1.563192006265625000e+09	3.315999999999999837e+00	7.019999999999999574e-01
1.563192006671875000e+09	3.318000000000000060e+00	7.019999999999999574e-01
1.563192006828125000e+09	3.314999999999999947e+00	7.019999999999999574e-01
1.563192006953125000e+09	3.317000000000000171e+00	7.019999999999999574e-01
1.563192007062500000e+09	3.314999999999999947e+00	7.019999999999999574e-01
1.563192007171875000e+09	3.315999999999999837e+00	7.019999999999999574e-01
1.563192007281250000e+09	3.315999999999999837e+00	7.009999999999999565e-01
1.563192007375000000e+09	3.314000000000000057e+00	7.019999999999999574e-01
1.563192007750000000e+09	3.315999999999999837e+00	7.019999999999999574e-01
1.563192007953125000e+09	3.314000000000000057e+00	7.009999999999999565e-01
1.563192008078125000e+09	3.315999999999999837e+00	7.009999999999999565e-01
1.563192008171875000e+09	3.315999999999999837e+00	7.019999999999999574e-01
1.563192008281250000e+09	3.314999999999999947e+00	7.019999999999999574e-01
1.563192008390625000e+09	3.314000000000000057e+00	7.009999999999999565e-01
1.563192008500000000e+09	3.315999999999999837e+00	7.019999999999999574e-01
1.563192008796875000e+09	3.315999999999999837e+00	7.019999999999999574e-01
1.563192009015625000e+09	3.315999999999999837e+00	7.019999999999999574e-01
1.563192009187500000e+09	3.315999999999999837e+00	7.009999999999999565e-01
1.563192009281250000e+09	3.315999999999999837e+00	7.019999999999999574e-01
1.563192009390625000e+09	3.317000000000000171e+00	7.019999999999999574e-01
1.563192009500000000e+09	3.314999999999999947e+00	7.019999999999999574e-01
1.563192009609375000e+09	3.314999999999999947e+00	7.009999999999999565e-01
1.563192010015625000e+09	3.315999999999999837e+00	7.019999999999999574e-01
1.563192010171875000e+09	3.315999999999999837e+00	7.019999999999999574e-01
1.563192010296875000e+09	3.315999999999999837e+00	7.019999999999999574e-01
1.563192010390625000e+09	3.317000000000000171e+00	7.019999999999999574e-01
1.563192010500000000e+09	3.314000000000000057e+00	7.019999999999999574e-01
1.563192010609375000e+09	3.313000000000000167e+00	7.019999999999999574e-01
1.563192010718750000e+09	3.315999999999999837e+00	7.019999999999999574e-01
1.563192011171875000e+09	3.315999999999999837e+00	7.019999999999999574e-01
1.563192011437500000e+09	3.315999999999999837e+00	7.019999999999999574e-01
1.563192011546875000e+09	3.314999999999999947e+00	7.009999999999999565e-01
1.563192011640625000e+09	3.314999999999999947e+00	7.019999999999999574e-01
1.563192011750000000e+09	3.317000000000000171e+00	7.019999999999999574e-01
1.563192011859375000e+09	3.317000000000000171e+00	7.019999999999999574e-01
1.563192011984375000e+09	3.315999999999999837e+00	7.019999999999999574e-01
1.563192012343750000e+09	3.317000000000000171e+00	7.019999999999999574e-01
1.563192012500000000e+09	3.318000000000000060e+00	7.019999999999999574e-01
1.563192012609375000e+09	3.315999999999999837e+00	7.019999999999999574e-01
1.563192012718750000e+09	3.317000000000000171e+00	7.009999999999999565e-01
1.563192012812500000e+09	3.315999999999999837e+00	7.019999999999999574e-01
1.563192012921875000e+09	3.315999999999999837e+00	7.019999999999999574e-01
1.563192013031250000e+09	3.317000000000000171e+00	7.009999999999999565e-01
1.563192013421875000e+09	3.314000000000000057e+00	7.019999999999999574e-01
1.563192013593750000e+09	3.317000000000000171e+00	7.019999999999999574e-01
1.563192013718750000e+09	3.315999999999999837e+00	7.019999999999999574e-01
1.563192013812500000e+09	3.314999999999999947e+00	7.019999999999999574e-01
1.563192013921875000e+09	3.315999999999999837e+00	7.009999999999999565e-01
1.563192014031250000e+09	3.315999999999999837e+00	7.019999999999999574e-01
1.563192014140625000e+09	3.317000000000000171e+00	7.019999999999999574e-01
1.563192014546875000e+09	3.314000000000000057e+00	7.019999999999999574e-01
1.563192014703125000e+09	3.314000000000000057e+00	7.009999999999999565e-01
1.563192014828125000e+09	3.314000000000000057e+00	7.019999999999999574e-01
1.563192014921875000e+09	3.315999999999999837e+00	7.019999999999999574e-01
1.563192015031250000e+09	3.314999999999999947e+00	7.019999999999999574e-01
1.563192015140625000e+09	3.314000000000000057e+00	7.019999999999999574e-01
1.563192015250000000e+09	3.315999999999999837e+00	7.019999999999999574e-01
1.563192015656250000e+09	3.315999999999999837e+00	7.009999999999999565e-01
1.563192015875000000e+09	3.314999999999999947e+00	7.019999999999999574e-01
1.563192015984375000e+09	3.314000000000000057e+00	7.019999999999999574e-01
1.563192016093750000e+09	3.315999999999999837e+00	7.019999999999999574e-01
1.563192016203125000e+09	3.315999999999999837e+00	7.009999999999999565e-01
1.563192016312500000e+09	3.313000000000000167e+00	7.019999999999999574e-01
1.563192016609375000e+09	3.315999999999999837e+00	7.019999999999999574e-01
1.563192016859375000e+09	3.315999999999999837e+00	7.019999999999999574e-01
1.563192017015625000e+09	3.314999999999999947e+00	7.019999999999999574e-01
1.563192017125000000e+09	3.315999999999999837e+00	7.019999999999999574e-01
1.563192017234375000e+09	3.315999999999999837e+00	7.019999999999999574e-01
1.563192017343750000e+09	3.313000000000000167e+00	7.019999999999999574e-01
1.563192017453125000e+09	3.315999999999999837e+00	7.019999999999999574e-01
1.563192017843750000e+09	3.314999999999999947e+00	7.019999999999999574e-01
1.563192018093750000e+09	3.314999999999999947e+00	7.019999999999999574e-01
1.563192018203125000e+09	3.314000000000000057e+00	7.019999999999999574e-01
1.563192018312500000e+09	3.315999999999999837e+00	7.009999999999999565e-01
1.563192018421875000e+09	3.315999999999999837e+00	7.009999999999999565e-01
1.563192018515625000e+09	3.314999999999999947e+00	7.019999999999999574e-01
1.563192018812500000e+09	3.315999999999999837e+00	7.019999999999999574e-01
1.563192019062500000e+09	3.314999999999999947e+00	7.019999999999999574e-01
1.563192019281250000e+09	3.315999999999999837e+00	7.019999999999999574e-01
1.563192019390625000e+09	3.315999999999999837e+00	7.009999999999999565e-01
1.563192019500000000e+09	3.314000000000000057e+00	7.019999999999999574e-01
1.563192019609375000e+09	3.313000000000000167e+00	7.019999999999999574e-01
1.563192019703125000e+09	3.314999999999999947e+00	7.019999999999999574e-01
1.563192019953125000e+09	3.314999999999999947e+00	7.019999999999999574e-01
1.563192020328125000e+09	3.314000000000000057e+00	7.019999999999999574e-01
1.563192020437500000e+09	3.314000000000000057e+00	7.019999999999999574e-01
1.563192020546875000e+09	3.315999999999999837e+00	7.019999999999999574e-01
1.563192020656250000e+09	3.314000000000000057e+00	7.019999999999999574e-01
1.563192020765625000e+09	3.314000000000000057e+00	7.019999999999999574e-01
1.563192020875000000e+09	3.314000000000000057e+00	7.009999999999999565e-01
1.563192021250000000e+09	3.314999999999999947e+00	7.019999999999999574e-01
1.563192021437500000e+09	3.314000000000000057e+00	7.019999999999999574e-01
1.563192021562500000e+09	3.314000000000000057e+00	7.019999999999999574e-01
1.563192021656250000e+09	3.314000000000000057e+00	7.019999999999999574e-01
1.563192021765625000e+09	3.314000000000000057e+00	7.019999999999999574e-01
1.563192021875000000e+09	3.314000000000000057e+00	7.019999999999999574e-01
1.563192021984375000e+09	3.314000000000000057e+00	7.009999999999999565e-01
1.563192022390625000e+09	3.314000000000000057e+00	7.019999999999999574e-01
1.563192022609375000e+09	3.314999999999999947e+00	7.019999999999999574e-01
1.563192022718750000e+09	3.314000000000000057e+00	7.019999999999999574e-01
1.563192022828125000e+09	3.315999999999999837e+00	7.019999999999999574e-01
1.563192022937500000e+09	3.314999999999999947e+00	7.019999999999999574e-01
1.563192023046875000e+09	3.314999999999999947e+00	7.019999999999999574e-01
1.563192023328125000e+09	3.315999999999999837e+00	7.009999999999999565e-01
1.563192023531250000e+09	3.315999999999999837e+00	7.019999999999999574e-01
1.563192023734375000e+09	3.315999999999999837e+00	7.019999999999999574e-01
1.563192023828125000e+09	3.315999999999999837e+00	7.019999999999999574e-01
1.563192023937500000e+09	3.314000000000000057e+00	7.019999999999999574e-01
1.563192024046875000e+09	3.314999999999999947e+00	7.019999999999999574e-01
1.563192024156250000e+09	3.315999999999999837e+00	7.019999999999999574e-01
1.563192024359375000e+09	3.313000000000000167e+00	7.019999999999999574e-01
1.563192024609375000e+09	3.313000000000000167e+00	7.019999999999999574e-01
1.563192024828125000e+09	3.314000000000000057e+00	7.019999999999999574e-01
1.563192024937500000e+09	3.313000000000000167e+00	7.019999999999999574e-01
1.563192025046875000e+09	3.314000000000000057e+00	7.019999999999999574e-01
1.563192025156250000e+09	3.314000000000000057e+00	7.019999999999999574e-01
1.563192025250000000e+09	3.313000000000000167e+00	7.019999999999999574e-01
1.563192025390625000e+09	3.314000000000000057e+00	7.019999999999999574e-01
1.563192025718750000e+09	3.314000000000000057e+00	7.019999999999999574e-01
1.563192025921875000e+09	3.315999999999999837e+00	7.019999999999999574e-01
1.563192026046875000e+09	3.314999999999999947e+00	7.019999999999999574e-01
1.563192026156250000e+09	3.313000000000000167e+00	7.019999999999999574e-01
1.563192026265625000e+09	3.314000000000000057e+00	7.019999999999999574e-01
1.563192026359375000e+09	3.314000000000000057e+00	7.019999999999999574e-01
1.563192026468750000e+09	3.313000000000000167e+00	7.019999999999999574e-01
1.563192026875000000e+09	3.314000000000000057e+00	7.019999999999999574e-01
1.563192027062500000e+09	3.314000000000000057e+00	7.019999999999999574e-01
1.563192027171875000e+09	3.313000000000000167e+00	7.019999999999999574e-01
1.563192027281250000e+09	3.314000000000000057e+00	7.009999999999999565e-01
1.563192027390625000e+09	3.314999999999999947e+00	7.009999999999999565e-01
1.563192027500000000e+09	3.314000000000000057e+00	7.019999999999999574e-01
1.563192027765625000e+09	3.314999999999999947e+00	7.019999999999999574e-01
1.563192028062500000e+09	3.314000000000000057e+00	7.019999999999999574e-01
1.563192028187500000e+09	3.314000000000000057e+00	7.019999999999999574e-01
1.563192028296875000e+09	3.314999999999999947e+00	7.009999999999999565e-01
1.563192028406250000e+09	3.314000000000000057e+00	7.019999999999999574e-01
1.563192028500000000e+09	3.314999999999999947e+00	7.019999999999999574e-01
1.563192028609375000e+09	3.315999999999999837e+00	7.019999999999999574e-01
1.563192028843750000e+09	3.314000000000000057e+00	7.009999999999999565e-01
1.563192029125000000e+09	3.315999999999999837e+00	7.019999999999999574e-01
1.563192029250000000e+09	3.314999999999999947e+00	7.019999999999999574e-01
1.563192029359375000e+09	3.315999999999999837e+00	7.019999999999999574e-01
1.563192029468750000e+09	3.314000000000000057e+00	7.019999999999999574e-01
1.563192029562500000e+09	3.314999999999999947e+00	7.019999999999999574e-01
1.563192029671875000e+09	3.315999999999999837e+00	7.019999999999999574e-01
1.563192029968750000e+09	3.314999999999999947e+00	7.009999999999999565e-01
1.563192030203125000e+09	3.315999999999999837e+00	7.009999999999999565e-01
1.563192030328125000e+09	3.314999999999999947e+00	7.019999999999999574e-01
1.563192030437500000e+09	3.314999999999999947e+00	7.019999999999999574e-01
1.563192030546875000e+09	3.315999999999999837e+00	7.019999999999999574e-01
1.563192030656250000e+09	3.314000000000000057e+00	7.019999999999999574e-01
1.563192030765625000e+09	3.314000000000000057e+00	7.019999999999999574e-01
1.563192031171875000e+09	3.314000000000000057e+00	7.019999999999999574e-01
1.563192031343750000e+09	3.314000000000000057e+00	7.019999999999999574e-01
1.563192031453125000e+09	3.313000000000000167e+00	7.019999999999999574e-01
1.563192031562500000e+09	3.315999999999999837e+00	7.009999999999999565e-01
1.563192031671875000e+09	3.314000000000000057e+00	7.009999999999999565e-01
1.563192031781250000e+09	3.314999999999999947e+00	7.019999999999999574e-01
1.563192032062500000e+09	3.314999999999999947e+00	7.019999999999999574e-01
1.563192032343750000e+09	3.314000000000000057e+00	7.019999999999999574e-01
1.563192032468750000e+09	3.314999999999999947e+00	7.009999999999999565e-01
1.563192032578125000e+09	3.313000000000000167e+00	7.009999999999999565e-01
1.563192032687500000e+09	3.314999999999999947e+00	7.009999999999999565e-01
1.563192032781250000e+09	3.314999999999999947e+00	7.009999999999999565e-01
1.563192032890625000e+09	3.313000000000000167e+00	7.019999999999999574e-01
1.563192033234375000e+09	3.314000000000000057e+00	7.019999999999999574e-01
1.563192033515625000e+09	3.315999999999999837e+00	7.019999999999999574e-01
1.563192033640625000e+09	3.314000000000000057e+00	7.019999999999999574e-01
1.563192033734375000e+09	3.314000000000000057e+00	7.009999999999999565e-01
1.563192033843750000e+09	3.314000000000000057e+00	7.009999999999999565e-01
1.563192033953125000e+09	3.314000000000000057e+00	7.009999999999999565e-01
1.563192034062500000e+09	3.314000000000000057e+00	7.019999999999999574e-01
1.563192034343750000e+09	3.314999999999999947e+00	7.009999999999999565e-01
1.563192034593750000e+09	3.314999999999999947e+00	7.019999999999999574e-01
1.563192034703125000e+09	3.314999999999999947e+00	7.019999999999999574e-01
1.563192034812500000e+09	3.314000000000000057e+00	7.019999999999999574e-01
1.563192034921875000e+09	3.314000000000000057e+00	7.019999999999999574e-01
1.563192035015625000e+09	3.314000000000000057e+00	7.019999999999999574e-01
1.563192035125000000e+09	3.314000000000000057e+00	7.019999999999999574e-01
1.563192035421875000e+09	3.314000000000000057e+00	7.019999999999999574e-01
1.563192035562500000e+09	3.314000000000000057e+00	7.019999999999999574e-01
1.563192035781250000e+09	-0.000000000000000000e+00	1.200000000000000025e-02
1.563192035890625000e+09	-0.000000000000000000e+00	8.999999999999999320e-03
1.563192036000000000e+09	-0.000000000000000000e+00	8.000000000000000167e-03
1.563192036093750000e+09	-0.000000000000000000e+00	8.000000000000000167e-03
1.563192036203125000e+09	-0.000000000000000000e+00	7.000000000000000146e-03
1.563192036531250000e+09	-0.000000000000000000e+00	7.000000000000000146e-03
1.563192036718750000e+09	-0.000000000000000000e+00	7.000000000000000146e-03
1.563192036890625000e+09	-0.000000000000000000e+00	7.000000000000000146e-03
1.563192037000000000e+09	-0.000000000000000000e+00	7.000000000000000146e-03
1.563192037093750000e+09	-0.000000000000000000e+00	6.000000000000000125e-03
1.563192037203125000e+09	-0.000000000000000000e+00	7.000000000000000146e-03
1.563192037437500000e+09	-0.000000000000000000e+00	7.000000000000000146e-03
1.563192037703125000e+09	-0.000000000000000000e+00	6.000000000000000125e-03
1.563192037890625000e+09	-0.000000000000000000e+00	7.000000000000000146e-03
1.563192038000000000e+09	-0.000000000000000000e+00	7.000000000000000146e-03
1.563192038093750000e+09	-0.000000000000000000e+00	6.000000000000000125e-03
1.563192038203125000e+09	-0.000000000000000000e+00	7.000000000000000146e-03
1.563192038312500000e+09	-0.000000000000000000e+00	6.000000000000000125e-03
