# UNIX time, Current (A), PS Voltage (V), REF Voltage (V)
# SAMPLE_SURFACE = 94.3
# SAMPLE_NAME = WTh_batch3
# COATING_STEP = 2
1.563547400078125000e+09	-0.000000000000000000e+00	1.000000000000000021e-03
1.563547400203125000e+09	-0.000000000000000000e+00	1.000000000000000021e-03
1.563547400296875000e+09	-0.000000000000000000e+00	0.000000000000000000e+00
1.563547400406250000e+09	-0.000000000000000000e+00	1.000000000000000021e-03
1.563547400515625000e+09	-0.000000000000000000e+00	1.000000000000000021e-03
1.563547400625000000e+09	-0.000000000000000000e+00	1.000000000000000021e-03
1.563547400843750000e+09	-0.000000000000000000e+00	1.000000000000000021e-03
1.563547401109375000e+09	-0.000000000000000000e+00	1.000000000000000021e-03
1.563547401265625000e+09	-0.000000000000000000e+00	1.000000000000000021e-03
1.563547401375000000e+09	-0.000000000000000000e+00	1.000000000000000021e-03
1.563547401468750000e+09	-0.000000000000000000e+00	0.000000000000000000e+00
1.563547401578125000e+09	-0.000000000000000000e+00	1.000000000000000021e-03
1.563547401687500000e+09	-0.000000000000000000e+00	1.000000000000000021e-03
1.563547401796875000e+09	-0.000000000000000000e+00	1.000000000000000021e-03
1.563547402359375000e+09	6.551000000000000156e+00	1.000999999999999890e+00
1.563547402500000000e+09	6.602999999999999758e+00	1.002000000000000002e+00
1.563547402593750000e+09	6.615999999999999659e+00	1.000999999999999890e+00
1.563547402703125000e+09	6.625000000000000000e+00	1.000999999999999890e+00
1.563547402812500000e+09	6.631999999999999673e+00	1.000999999999999890e+00
1.563547402906250000e+09	6.636999999999999567e+00	1.000999999999999890e+00
1.563547403234375000e+09	6.641000000000000014e+00	1.000999999999999890e+00
1.563547403453125000e+09	6.652999999999999581e+00	1.000999999999999890e+00
1.563547403609375000e+09	6.655999999999999694e+00	1.000999999999999890e+00
1.563547403718750000e+09	6.658000000000000362e+00	1.002000000000000002e+00
1.563547403828125000e+09	6.660000000000000142e+00	1.000999999999999890e+00
1.563547403921875000e+09	6.661999999999999922e+00	1.002000000000000002e+00
1.563547404031250000e+09	6.661999999999999922e+00	1.000999999999999890e+00
1.563547404453125000e+09	6.663000000000000256e+00	1.000999999999999890e+00
1.563547404687500000e+09	6.666000000000000369e+00	1.000999999999999890e+00
1.563547404796875000e+09	6.666999999999999815e+00	1.000999999999999890e+00
1.563547404890625000e+09	6.666999999999999815e+00	1.000999999999999890e+00
1.563547405000000000e+09	6.668999999999999595e+00	1.000999999999999890e+00
1.563547405109375000e+09	6.668999999999999595e+00	1.000999999999999890e+00
1.563547405343750000e+09	6.668000000000000149e+00	1.000999999999999890e+00
1.563547405640625000e+09	6.673000000000000043e+00	1.000999999999999890e+00
1.563547405781250000e+09	6.673000000000000043e+00	1.002000000000000002e+00
1.563547405890625000e+09	6.674000000000000377e+00	1.002000000000000002e+00
1.563547406000000000e+09	6.673000000000000043e+00	1.002000000000000002e+00
1.563547406093750000e+09	6.674000000000000377e+00	1.002000000000000002e+00
1.563547406203125000e+09	6.673000000000000043e+00	1.000999999999999890e+00
1.563547406437500000e+09	6.674999999999999822e+00	1.000999999999999890e+00
1.563547406734375000e+09	6.676999999999999602e+00	1.000999999999999890e+00
1.563547406921875000e+09	6.679000000000000270e+00	1.002000000000000002e+00
1.563547407031250000e+09	6.677999999999999936e+00	1.002000000000000002e+00
1.563547407125000000e+09	6.677999999999999936e+00	1.002000000000000002e+00
1.563547407234375000e+09	6.679000000000000270e+00	1.002000000000000002e+00
1.563547407328125000e+09	6.677999999999999936e+00	1.000999999999999890e+00
1.563547407765625000e+09	6.679000000000000270e+00	1.000999999999999890e+00
1.563547407968750000e+09	6.684000000000000163e+00	1.000999999999999890e+00
1.563547408078125000e+09	6.684000000000000163e+00	1.002000000000000002e+00
1.563547408187500000e+09	6.684999999999999609e+00	1.000999999999999890e+00
1.563547408281250000e+09	6.687999999999999723e+00	1.000999999999999890e+00
1.563547408390625000e+09	6.687999999999999723e+00	1.000999999999999890e+00
1.563547408625000000e+09	6.685999999999999943e+00	1.000999999999999890e+00
1.563547408937500000e+09	6.687000000000000277e+00	1.002000000000000002e+00
1.563547409078125000e+09	6.687999999999999723e+00	1.002000000000000002e+00
1.563547409187500000e+09	6.690000000000000391e+00	1.000999999999999890e+00
1.563547409296875000e+09	6.690000000000000391e+00	1.000999999999999890e+00
1.563547409406250000e+09	6.690000000000000391e+00	1.000999999999999890e+00
1.563547409500000000e+09	6.692000000000000171e+00	1.002000000000000002e+00
1.563547409796875000e+09	6.692000000000000171e+00	1.000999999999999890e+00
1.563547410109375000e+09	6.692999999999999616e+00	1.000999999999999890e+00
1.563547410281250000e+09	6.690999999999999837e+00	1.002000000000000002e+00
1.563547410375000000e+09	6.690999999999999837e+00	1.000999999999999890e+00
1.563547410484375000e+09	6.692999999999999616e+00	1.000999999999999890e+00
1.563547410578125000e+09	6.693999999999999950e+00	1.002000000000000002e+00
1.563547410687500000e+09	6.692999999999999616e+00	1.002000000000000002e+00
1.563547410984375000e+09	6.692999999999999616e+00	1.002000000000000002e+00
1.563547411234375000e+09	6.695000000000000284e+00	1.002000000000000002e+00
1.563547411375000000e+09	6.692999999999999616e+00	1.000999999999999890e+00
1.563547411484375000e+09	6.695000000000000284e+00	1.000999999999999890e+00
1.563547411593750000e+09	6.693999999999999950e+00	1.000999999999999890e+00
1.563547411687500000e+09	6.693999999999999950e+00	1.000999999999999890e+00
1.563547411796875000e+09	6.692999999999999616e+00	1.000999999999999890e+00
1.563547412109375000e+09	6.695000000000000284e+00	1.002000000000000002e+00
1.563547412375000000e+09	6.695000000000000284e+00	1.000999999999999890e+00
1.563547412515625000e+09	6.695000000000000284e+00	1.002000000000000002e+00
1.563547412609375000e+09	6.693999999999999950e+00	1.000999999999999890e+00
1.563547412718750000e+09	6.693999999999999950e+00	1.002000000000000002e+00
1.563547412828125000e+09	6.697000000000000064e+00	1.002000000000000002e+00
1.563547412921875000e+09	6.695999999999999730e+00	1.000999999999999890e+00
1.563547413343750000e+09	6.695999999999999730e+00	1.000999999999999890e+00
1.563547413484375000e+09	6.697000000000000064e+00	1.000999999999999890e+00
1.563547413625000000e+09	6.697000000000000064e+00	1.002000000000000002e+00
1.563547413718750000e+09	6.698000000000000398e+00	1.002000000000000002e+00
1.563547413828125000e+09	6.698999999999999844e+00	1.000999999999999890e+00
1.563547413921875000e+09	6.698000000000000398e+00	1.000999999999999890e+00
1.563547414031250000e+09	6.698999999999999844e+00	1.000999999999999890e+00
1.563547414453125000e+09	6.698000000000000398e+00	1.002000000000000002e+00
1.563547414656250000e+09	6.698999999999999844e+00	1.000999999999999890e+00
1.563547414765625000e+09	6.700000000000000178e+00	1.000999999999999890e+00
1.563547414875000000e+09	6.700999999999999623e+00	1.000999999999999890e+00
1.563547414968750000e+09	6.698999999999999844e+00	1.000999999999999890e+00
1.563547415078125000e+09	6.700000000000000178e+00	1.000999999999999890e+00
1.563547415375000000e+09	6.700999999999999623e+00	1.000999999999999890e+00
1.563547415671875000e+09	6.700999999999999623e+00	1.002000000000000002e+00
1.563547415812500000e+09	6.700999999999999623e+00	1.000999999999999890e+00
1.563547415921875000e+09	6.700999999999999623e+00	1.002000000000000002e+00
1.563547416015625000e+09	6.700999999999999623e+00	1.000999999999999890e+00
1.563547416125000000e+09	6.700999999999999623e+00	1.000999999999999890e+00
1.563547416218750000e+09	6.700999999999999623e+00	1.002000000000000002e+00
1.563547416734375000e+09	6.700999999999999623e+00	1.002000000000000002e+00
1.563547416953125000e+09	6.700999999999999623e+00	1.000999999999999890e+00
1.563547417062500000e+09	6.701999999999999957e+00	1.000999999999999890e+00
1.563547417171875000e+09	6.700999999999999623e+00	1.000999999999999890e+00
1.563547417265625000e+09	6.700999999999999623e+00	1.000999999999999890e+00
1.563547417375000000e+09	6.701999999999999957e+00	1.000999999999999890e+00
1.563547417625000000e+09	6.700999999999999623e+00	1.000999999999999890e+00
1.563547417890625000e+09	6.700000000000000178e+00	1.002000000000000002e+00
1.563547418062500000e+09	6.701999999999999957e+00	1.002000000000000002e+00
1.563547418171875000e+09	6.701999999999999957e+00	1.000000000000000000e+00
1.563547418265625000e+09	6.700999999999999623e+00	1.000999999999999890e+00
1.563547418375000000e+09	6.700999999999999623e+00	1.002000000000000002e+00
1.563547418484375000e+09	6.700999999999999623e+00	1.002000000000000002e+00
1.563547418671875000e+09	6.700999999999999623e+00	1.002000000000000002e+00
1.563547419000000000e+09	6.700999999999999623e+00	1.000999999999999890e+00
1.563547419187500000e+09	6.701999999999999957e+00	1.000999999999999890e+00
1.563547419281250000e+09	6.701999999999999957e+00	1.002000000000000002e+00
1.563547419390625000e+09	6.703000000000000291e+00	1.000999999999999890e+00
1.563547419500000000e+09	6.701999999999999957e+00	1.000999999999999890e+00
1.563547419593750000e+09	6.700000000000000178e+00	1.000999999999999890e+00
1.563547419875000000e+09	6.701999999999999957e+00	1.002000000000000002e+00
1.563547420171875000e+09	6.700999999999999623e+00	1.000999999999999890e+00
1.563547420312500000e+09	6.701999999999999957e+00	1.000999999999999890e+00
1.563547420406250000e+09	6.701999999999999957e+00	1.002000000000000002e+00
1.563547420515625000e+09	6.700999999999999623e+00	1.000999999999999890e+00
1.563547420625000000e+09	6.701999999999999957e+00	1.000999999999999890e+00
1.563547420718750000e+09	6.701999999999999957e+00	1.000999999999999890e+00
1.563547421156250000e+09	6.701999999999999957e+00	1.002000000000000002e+00
1.563547421343750000e+09	6.701999999999999957e+00	1.000999999999999890e+00
1.563547421437500000e+09	6.703999999999999737e+00	1.002000000000000002e+00
1.563547421546875000e+09	6.701999999999999957e+00	1.000999999999999890e+00
1.563547421640625000e+09	6.703000000000000291e+00	1.000999999999999890e+00
1.563547421750000000e+09	6.705000000000000071e+00	1.002000000000000002e+00
1.563547422031250000e+09	6.703999999999999737e+00	1.000999999999999890e+00
1.563547422281250000e+09	6.703999999999999737e+00	1.002000000000000002e+00
1.563547422437500000e+09	6.705000000000000071e+00	1.000999999999999890e+00
1.563547422531250000e+09	6.703000000000000291e+00	1.000999999999999890e+00
1.563547422640625000e+09	6.703999999999999737e+00	1.002000000000000002e+00
1.563547422734375000e+09	6.703999999999999737e+00	1.002000000000000002e+00
1.563547422843750000e+09	6.703000000000000291e+00	1.002000000000000002e+00
1.563547423171875000e+09	6.705000000000000071e+00	1.000999999999999890e+00
1.563547423437500000e+09	6.703999999999999737e+00	1.000999999999999890e+00
1.563547423562500000e+09	6.703999999999999737e+00	1.000999999999999890e+00
1.563547423671875000e+09	6.705000000000000071e+00	1.000999999999999890e+00
1.563547423765625000e+09	6.705000000000000071e+00	1.000999999999999890e+00
1.563547423875000000e+09	6.705000000000000071e+00	1.002000000000000002e+00
1.563547423984375000e+09	6.703000000000000291e+00	1.002000000000000002e+00
1.563547424359375000e+09	6.703999999999999737e+00	1.002000000000000002e+00
1.563547424578125000e+09	6.703999999999999737e+00	1.000999999999999890e+00
1.563547424734375000e+09	6.703999999999999737e+00	1.000999999999999890e+00
1.563547424828125000e+09	6.705000000000000071e+00	1.000999999999999890e+00
1.563547424937500000e+09	6.703000000000000291e+00	1.000999999999999890e+00
1.563547425031250000e+09	6.703000000000000291e+00	1.002000000000000002e+00
1.563547425140625000e+09	6.703999999999999737e+00	1.002000000000000002e+00
1.563547425515625000e+09	6.705000000000000071e+00	1.002000000000000002e+00
1.563547425734375000e+09	6.708000000000000185e+00	1.002000000000000002e+00
1.563547425843750000e+09	6.708000000000000185e+00	1.000999999999999890e+00
1.563547425953125000e+09	6.708000000000000185e+00	1.002000000000000002e+00
1.563547426046875000e+09	6.708000000000000185e+00	1.000999999999999890e+00
1.563547426156250000e+09	6.708000000000000185e+00	1.000999999999999890e+00
1.563547426453125000e+09	6.706999999999999851e+00	1.000999999999999890e+00
1.563547426703125000e+09	6.708000000000000185e+00	1.000999999999999890e+00
1.563547426859375000e+09	6.708000000000000185e+00	1.000999999999999890e+00
1.563547426968750000e+09	6.706999999999999851e+00	1.000999999999999890e+00
1.563547427062500000e+09	6.706999999999999851e+00	1.000999999999999890e+00
1.563547427171875000e+09	6.708000000000000185e+00	1.002000000000000002e+00
1.563547427265625000e+09	6.708000000000000185e+00	1.002000000000000002e+00
1.563547427531250000e+09	6.706000000000000405e+00	1.002000000000000002e+00
1.563547427796875000e+09	6.706999999999999851e+00	1.002000000000000002e+00
1.563547427953125000e+09	6.706999999999999851e+00	1.000999999999999890e+00
1.563547428062500000e+09	6.706000000000000405e+00	1.000999999999999890e+00
1.563547428156250000e+09	6.706000000000000405e+00	1.000999999999999890e+00
1.563547428265625000e+09	6.706999999999999851e+00	1.000999999999999890e+00
1.563547428375000000e+09	6.706000000000000405e+00	1.000999999999999890e+00
1.563547428625000000e+09	6.706000000000000405e+00	1.000999999999999890e+00
1.563547428953125000e+09	6.705000000000000071e+00	1.000999999999999890e+00
1.563547429093750000e+09	6.706000000000000405e+00	1.000999999999999890e+00
1.563547429203125000e+09	6.705000000000000071e+00	1.000999999999999890e+00
1.563547429296875000e+09	6.705000000000000071e+00	1.000999999999999890e+00
1.563547429406250000e+09	6.708000000000000185e+00	1.000999999999999890e+00
1.563547429515625000e+09	6.705000000000000071e+00	1.000999999999999890e+00
1.563547429906250000e+09	6.706999999999999851e+00	1.002000000000000002e+00
1.563547430046875000e+09	6.706000000000000405e+00	1.002000000000000002e+00
1.563547430171875000e+09	6.705000000000000071e+00	1.000999999999999890e+00
1.563547430281250000e+09	6.706000000000000405e+00	1.002000000000000002e+00
1.563547430390625000e+09	6.706000000000000405e+00	1.002000000000000002e+00
1.563547430484375000e+09	6.706000000000000405e+00	1.002000000000000002e+00
1.563547430593750000e+09	6.706999999999999851e+00	1.000999999999999890e+00
1.563547431015625000e+09	6.706000000000000405e+00	1.000000000000000000e+00
1.563547431234375000e+09	6.708000000000000185e+00	1.000999999999999890e+00
1.563547431375000000e+09	6.708999999999999631e+00	1.000999999999999890e+00
1.563547431468750000e+09	6.706999999999999851e+00	1.000999999999999890e+00
1.563547431578125000e+09	6.708000000000000185e+00	1.000999999999999890e+00
1.563547431671875000e+09	6.706000000000000405e+00	1.000000000000000000e+00
1.563547431781250000e+09	6.706999999999999851e+00	1.000999999999999890e+00
1.563547432125000000e+09	6.706000000000000405e+00	1.000999999999999890e+00
1.563547432328125000e+09	6.708000000000000185e+00	1.000999999999999890e+00
1.563547432453125000e+09	6.706000000000000405e+00	1.002000000000000002e+00
1.563547432562500000e+09	6.706000000000000405e+00	1.000999999999999890e+00
1.563547432671875000e+09	6.706000000000000405e+00	1.002000000000000002e+00
1.563547432765625000e+09	6.706000000000000405e+00	1.000999999999999890e+00
1.563547432875000000e+09	6.706000000000000405e+00	1.000999999999999890e+00
1.563547433171875000e+09	6.706000000000000405e+00	1.000999999999999890e+00
1.563547433437500000e+09	6.705000000000000071e+00	1.000999999999999890e+00
1.563547433562500000e+09	6.705000000000000071e+00	1.000999999999999890e+00
1.563547433656250000e+09	6.706000000000000405e+00	1.002000000000000002e+00
1.563547433765625000e+09	6.705000000000000071e+00	1.000999999999999890e+00
1.563547433875000000e+09	6.705000000000000071e+00	1.000999999999999890e+00
1.563547433968750000e+09	6.703999999999999737e+00	1.002000000000000002e+00
1.563547434406250000e+09	6.703999999999999737e+00	1.002000000000000002e+00
1.563547434609375000e+09	6.703999999999999737e+00	1.000999999999999890e+00
1.563547434718750000e+09	6.701999999999999957e+00	1.000999999999999890e+00
1.563547434828125000e+09	6.703999999999999737e+00	1.000999999999999890e+00
1.563547434921875000e+09	6.703000000000000291e+00	1.000999999999999890e+00
1.563547435031250000e+09	6.703000000000000291e+00	1.000999999999999890e+00
1.563547435218750000e+09	6.703000000000000291e+00	1.000999999999999890e+00
1.563547435578125000e+09	6.703000000000000291e+00	1.000999999999999890e+00
1.563547435750000000e+09	6.703999999999999737e+00	1.000999999999999890e+00
1.563547435859375000e+09	6.701999999999999957e+00	1.002000000000000002e+00
1.563547435953125000e+09	6.703999999999999737e+00	1.002000000000000002e+00
1.563547436062500000e+09	6.703999999999999737e+00	1.002000000000000002e+00
1.563547436171875000e+09	6.703999999999999737e+00	1.002000000000000002e+00
1.563547436562500000e+09	6.701999999999999957e+00	1.002000000000000002e+00
1.563547436812500000e+09	6.703999999999999737e+00	1.000999999999999890e+00
1.563547436906250000e+09	6.705000000000000071e+00	1.000999999999999890e+00
1.563547437015625000e+09	6.701999999999999957e+00	1.000999999999999890e+00
1.563547437125000000e+09	6.700999999999999623e+00	1.000999999999999890e+00
1.563547437218750000e+09	6.701999999999999957e+00	1.000999999999999890e+00
1.563547437484375000e+09	6.701999999999999957e+00	1.002000000000000002e+00
1.563547437765625000e+09	6.700999999999999623e+00	1.000999999999999890e+00
1.563547437921875000e+09	6.701999999999999957e+00	1.000999999999999890e+00
1.563547438031250000e+09	6.701999999999999957e+00	1.002000000000000002e+00
1.563547438125000000e+09	6.703000000000000291e+00	1.000999999999999890e+00
1.563547438234375000e+09	6.703000000000000291e+00	1.000999999999999890e+00
1.563547438328125000e+09	6.701999999999999957e+00	1.002000000000000002e+00
1.563547438625000000e+09	6.700999999999999623e+00	1.002000000000000002e+00
1.563547438953125000e+09	6.701999999999999957e+00	1.000999999999999890e+00
1.563547439109375000e+09	6.701999999999999957e+00	1.000999999999999890e+00
1.563547439218750000e+09	6.700999999999999623e+00	1.000999999999999890e+00
1.563547439328125000e+09	6.700999999999999623e+00	1.000999999999999890e+00
1.563547439421875000e+09	6.700999999999999623e+00	1.002000000000000002e+00
1.563547439531250000e+09	6.701999999999999957e+00	1.002000000000000002e+00
1.563547439843750000e+09	6.700999999999999623e+00	1.000999999999999890e+00
1.563547440078125000e+09	6.700000000000000178e+00	1.000999999999999890e+00
1.563547440218750000e+09	6.698999999999999844e+00	1.002000000000000002e+00
1.563547440328125000e+09	6.700000000000000178e+00	1.000999999999999890e+00
1.563547440437500000e+09	6.698999999999999844e+00	1.002000000000000002e+00
1.563547440531250000e+09	6.697000000000000064e+00	1.002000000000000002e+00
1.563547440640625000e+09	6.700000000000000178e+00	1.000999999999999890e+00
1.563547440890625000e+09	6.700000000000000178e+00	1.000999999999999890e+00
1.563547441156250000e+09	6.700000000000000178e+00	1.002000000000000002e+00
1.563547441328125000e+09	6.698999999999999844e+00	1.000999999999999890e+00
1.563547441421875000e+09	6.698999999999999844e+00	1.000999999999999890e+00
1.563547441531250000e+09	6.698999999999999844e+00	1.002000000000000002e+00
1.563547441640625000e+09	6.697000000000000064e+00	1.002000000000000002e+00
1.563547441734375000e+09	6.698000000000000398e+00	1.000999999999999890e+00
1.563547442015625000e+09	6.698000000000000398e+00	1.000999999999999890e+00
1.563547442281250000e+09	6.697000000000000064e+00	1.000999999999999890e+00
1.563547442453125000e+09	6.695999999999999730e+00	1.000999999999999890e+00
1.563547442546875000e+09	6.697000000000000064e+00	1.000999999999999890e+00
1.563547442656250000e+09	6.695999999999999730e+00	1.002000000000000002e+00
1.563547442765625000e+09	6.693999999999999950e+00	1.002000000000000002e+00
1.563547442859375000e+09	6.695000000000000284e+00	1.002000000000000002e+00
1.563547443125000000e+09	6.697000000000000064e+00	1.002000000000000002e+00
1.563547443390625000e+09	6.695999999999999730e+00	1.002000000000000002e+00
1.563547443578125000e+09	6.695000000000000284e+00	1.000999999999999890e+00
1.563547443671875000e+09	6.692999999999999616e+00	1.000999999999999890e+00
1.563547443781250000e+09	6.695000000000000284e+00	1.000999999999999890e+00
1.563547443875000000e+09	6.695000000000000284e+00	1.002000000000000002e+00
1.563547443984375000e+09	6.695000000000000284e+00	1.000999999999999890e+00
1.563547444265625000e+09	6.695000000000000284e+00	1.002000000000000002e+00
1.563547444546875000e+09	6.693999999999999950e+00	1.000999999999999890e+00
1.563547444703125000e+09	6.692999999999999616e+00	1.000999999999999890e+00
1.563547444796875000e+09	6.692000000000000171e+00	1.000999999999999890e+00
1.563547444906250000e+09	6.693999999999999950e+00	1.002000000000000002e+00
1.563547445000000000e+09	6.695000000000000284e+00	1.000999999999999890e+00
1.563547445109375000e+09	6.692999999999999616e+00	1.000999999999999890e+00
1.563547445375000000e+09	6.693999999999999950e+00	1.000999999999999890e+00
1.563547445625000000e+09	6.693999999999999950e+00	1.002000000000000002e+00
1.563547445765625000e+09	6.692999999999999616e+00	1.000999999999999890e+00
1.563547445906250000e+09	6.693999999999999950e+00	1.000999999999999890e+00
1.563547446015625000e+09	6.692999999999999616e+00	1.000999999999999890e+00
1.563547446125000000e+09	6.692999999999999616e+00	1.000999999999999890e+00
1.563547446218750000e+09	6.692999999999999616e+00	1.000999999999999890e+00
1.563547446328125000e+09	6.695000000000000284e+00	1.002000000000000002e+00
1.563547446671875000e+09	6.695000000000000284e+00	1.002000000000000002e+00
1.563547446859375000e+09	6.692999999999999616e+00	1.000999999999999890e+00
1.563547447000000000e+09	6.692999999999999616e+00	1.002000000000000002e+00
1.563547447093750000e+09	6.692000000000000171e+00	1.000999999999999890e+00
1.563547447203125000e+09	6.692000000000000171e+00	1.002000000000000002e+00
1.563547447296875000e+09	6.692000000000000171e+00	1.000999999999999890e+00
1.563547447406250000e+09	6.690999999999999837e+00	1.002000000000000002e+00
1.563547447796875000e+09	6.692999999999999616e+00	1.000999999999999890e+00
1.563547448000000000e+09	6.690000000000000391e+00	1.000999999999999890e+00
1.563547448109375000e+09	6.690999999999999837e+00	1.000999999999999890e+00
1.563547448203125000e+09	6.690999999999999837e+00	1.000999999999999890e+00
1.563547448312500000e+09	6.690000000000000391e+00	1.000999999999999890e+00
1.563547448421875000e+09	6.690000000000000391e+00	1.000999999999999890e+00
1.563547448625000000e+09	6.690000000000000391e+00	1.000999999999999890e+00
1.563547448859375000e+09	6.690000000000000391e+00	1.002000000000000002e+00
1.563547449031250000e+09	6.690000000000000391e+00	1.000999999999999890e+00
1.563547449156250000e+09	6.687000000000000277e+00	1.000999999999999890e+00
1.563547449250000000e+09	6.687000000000000277e+00	1.002000000000000002e+00
1.563547449359375000e+09	6.687999999999999723e+00	1.000999999999999890e+00
1.563547449468750000e+09	6.687000000000000277e+00	1.000999999999999890e+00
1.563547449562500000e+09	6.685999999999999943e+00	1.000999999999999890e+00
1.563547449968750000e+09	6.687999999999999723e+00	1.000999999999999890e+00
1.563547450156250000e+09	6.685999999999999943e+00	1.002000000000000002e+00
1.563547450250000000e+09	6.685999999999999943e+00	1.000999999999999890e+00
1.563547450359375000e+09	6.685999999999999943e+00	1.000999999999999890e+00
1.563547450453125000e+09	6.685999999999999943e+00	1.000999999999999890e+00
1.563547450562500000e+09	6.684999999999999609e+00	1.002000000000000002e+00
1.563547450828125000e+09	6.684999999999999609e+00	1.000999999999999890e+00
1.563547451140625000e+09	6.685999999999999943e+00	1.002000000000000002e+00
1.563547451312500000e+09	6.684999999999999609e+00	1.000999999999999890e+00
1.563547451421875000e+09	6.684000000000000163e+00	1.000999999999999890e+00
1.563547451515625000e+09	6.682999999999999829e+00	1.000999999999999890e+00
1.563547451625000000e+09	6.684000000000000163e+00	1.002000000000000002e+00
1.563547451718750000e+09	6.685999999999999943e+00	1.000999999999999890e+00
1.563547452046875000e+09	6.682999999999999829e+00	1.002000000000000002e+00
1.563547452250000000e+09	6.684999999999999609e+00	1.000999999999999890e+00
1.563547452406250000e+09	6.682999999999999829e+00	1.000999999999999890e+00
1.563547452500000000e+09	6.684000000000000163e+00	1.002000000000000002e+00
1.563547452609375000e+09	6.684000000000000163e+00	1.002000000000000002e+00
1.563547452718750000e+09	6.684000000000000163e+00	1.002000000000000002e+00
1.563547452812500000e+09	6.682000000000000384e+00	1.002000000000000002e+00
1.563547453109375000e+09	6.682999999999999829e+00	1.002000000000000002e+00
1.563547453343750000e+09	6.682000000000000384e+00	1.000999999999999890e+00
1.563547453531250000e+09	6.679999999999999716e+00	1.002000000000000002e+00
1.563547453640625000e+09	6.679999999999999716e+00	1.000999999999999890e+00
1.563547453750000000e+09	6.679999999999999716e+00	1.000999999999999890e+00
1.563547453859375000e+09	6.679999999999999716e+00	1.002000000000000002e+00
1.563547453968750000e+09	6.679999999999999716e+00	1.002000000000000002e+00
1.563547454187500000e+09	6.681000000000000050e+00	1.002000000000000002e+00
1.563547454500000000e+09	6.677999999999999936e+00	1.002000000000000002e+00
1.563547454640625000e+09	6.679999999999999716e+00	1.000999999999999890e+00
1.563547454750000000e+09	6.679999999999999716e+00	1.000999999999999890e+00
1.563547454859375000e+09	6.682000000000000384e+00	1.002000000000000002e+00
1.563547454953125000e+09	6.682000000000000384e+00	1.002000000000000002e+00
1.563547455062500000e+09	6.679999999999999716e+00	1.002000000000000002e+00
1.563547455234375000e+09	6.682000000000000384e+00	1.000999999999999890e+00
1.563547455546875000e+09	6.682000000000000384e+00	1.000999999999999890e+00
1.563547455734375000e+09	6.679000000000000270e+00	1.002000000000000002e+00
1.563547455843750000e+09	6.679999999999999716e+00	1.000999999999999890e+00
1.563547455953125000e+09	6.679999999999999716e+00	1.000999999999999890e+00
1.563547456046875000e+09	6.679999999999999716e+00	1.002000000000000002e+00
1.563547456156250000e+09	6.679000000000000270e+00	1.000999999999999890e+00
1.563547456296875000e+09	6.679000000000000270e+00	1.000999999999999890e+00
1.563547456625000000e+09	6.679000000000000270e+00	1.002000000000000002e+00
1.563547456828125000e+09	6.677999999999999936e+00	1.000999999999999890e+00
1.563547456921875000e+09	6.677999999999999936e+00	1.000999999999999890e+00
1.563547457031250000e+09	6.677999999999999936e+00	1.002000000000000002e+00
1.563547457125000000e+09	6.676000000000000156e+00	1.002000000000000002e+00
1.563547457234375000e+09	6.676000000000000156e+00	1.002000000000000002e+00
1.563547457359375000e+09	6.676999999999999602e+00	1.000999999999999890e+00
1.563547457734375000e+09	6.676999999999999602e+00	1.000999999999999890e+00
1.563547457890625000e+09	6.674999999999999822e+00	1.000999999999999890e+00
1.563547457984375000e+09	6.676000000000000156e+00	1.000999999999999890e+00
1.563547458093750000e+09	6.674999999999999822e+00	1.000999999999999890e+00
1.563547458187500000e+09	6.674999999999999822e+00	1.002000000000000002e+00
1.563547458296875000e+09	6.674000000000000377e+00	1.000999999999999890e+00
1.563547458406250000e+09	6.674999999999999822e+00	1.000999999999999890e+00
1.563547458796875000e+09	6.674999999999999822e+00	1.000999999999999890e+00
1.563547459015625000e+09	6.673000000000000043e+00	1.002000000000000002e+00
1.563547459109375000e+09	6.674999999999999822e+00	1.002000000000000002e+00
1.563547459218750000e+09	6.674000000000000377e+00	1.002000000000000002e+00
1.563547459328125000e+09	6.674999999999999822e+00	1.000999999999999890e+00
1.563547459421875000e+09	6.674999999999999822e+00	1.000999999999999890e+00
1.563547459703125000e+09	6.676999999999999602e+00	1.000999999999999890e+00
1.563547460015625000e+09	6.674999999999999822e+00	1.000999999999999890e+00
1.563547460156250000e+09	6.673000000000000043e+00	1.000999999999999890e+00
1.563547460265625000e+09	6.673000000000000043e+00	1.000999999999999890e+00
1.563547460359375000e+09	6.673000000000000043e+00	1.000000000000000000e+00
1.563547460468750000e+09	6.671000000000000263e+00	1.002000000000000002e+00
1.563547460578125000e+09	6.673000000000000043e+00	1.002000000000000002e+00
1.563547461046875000e+09	6.671000000000000263e+00	1.002000000000000002e+00
1.563547461218750000e+09	6.671000000000000263e+00	1.000999999999999890e+00
1.563547461343750000e+09	6.671999999999999709e+00	1.000999999999999890e+00
1.563547461437500000e+09	6.671000000000000263e+00	1.000999999999999890e+00
1.563547461546875000e+09	6.673000000000000043e+00	1.000999999999999890e+00
1.563547461656250000e+09	6.671999999999999709e+00	1.000999999999999890e+00
1.563547461750000000e+09	6.671000000000000263e+00	1.002000000000000002e+00
1.563547462140625000e+09	6.671000000000000263e+00	1.000999999999999890e+00
1.563547462328125000e+09	6.673000000000000043e+00	1.000999999999999890e+00
1.563547462453125000e+09	6.673000000000000043e+00	1.002000000000000002e+00
1.563547462546875000e+09	6.671000000000000263e+00	1.000999999999999890e+00
1.563547462656250000e+09	6.671000000000000263e+00	1.000999999999999890e+00
1.563547462765625000e+09	6.671999999999999709e+00	1.002000000000000002e+00
1.563547462859375000e+09	6.671999999999999709e+00	1.000999999999999890e+00
1.563547463203125000e+09	6.671000000000000263e+00	1.000999999999999890e+00
1.563547463421875000e+09	6.671999999999999709e+00	1.002000000000000002e+00
1.563547463562500000e+09	6.671000000000000263e+00	1.000999999999999890e+00
1.563547463656250000e+09	6.671000000000000263e+00	1.000999999999999890e+00
1.563547463765625000e+09	6.671000000000000263e+00	1.000999999999999890e+00
1.563547463859375000e+09	6.671999999999999709e+00	1.002000000000000002e+00
1.563547463968750000e+09	6.671000000000000263e+00	1.002000000000000002e+00
1.563547464312500000e+09	6.671000000000000263e+00	1.000999999999999890e+00
1.563547464531250000e+09	6.666999999999999815e+00	1.000999999999999890e+00
1.563547464671875000e+09	6.668000000000000149e+00	1.000999999999999890e+00
1.563547464765625000e+09	6.668000000000000149e+00	1.000999999999999890e+00
1.563547464875000000e+09	6.669999999999999929e+00	1.002000000000000002e+00
1.563547464984375000e+09	6.666999999999999815e+00	1.000999999999999890e+00
1.563547465078125000e+09	6.666999999999999815e+00	1.002000000000000002e+00
1.563547465500000000e+09	6.666999999999999815e+00	1.002000000000000002e+00
1.563547465734375000e+09	6.666999999999999815e+00	1.000999999999999890e+00
1.563547465828125000e+09	6.666999999999999815e+00	1.000999999999999890e+00
1.563547465937500000e+09	6.666999999999999815e+00	1.000999999999999890e+00
1.563547466031250000e+09	6.666999999999999815e+00	1.000999999999999890e+00
1.563547466140625000e+09	6.668999999999999595e+00	1.000999999999999890e+00
1.563547466390625000e+09	6.668999999999999595e+00	1.002000000000000002e+00
1.563547466687500000e+09	6.668000000000000149e+00	1.002000000000000002e+00
1.563547466828125000e+09	6.668999999999999595e+00	1.000999999999999890e+00
1.563547466937500000e+09	6.668999999999999595e+00	1.002000000000000002e+00
1.563547467046875000e+09	6.668000000000000149e+00	1.000999999999999890e+00
1.563547467140625000e+09	6.668999999999999595e+00	1.000999999999999890e+00
1.563547467250000000e+09	6.668999999999999595e+00	1.000999999999999890e+00
1.563547467546875000e+09	6.666999999999999815e+00	1.000999999999999890e+00
1.563547467890625000e+09	6.668000000000000149e+00	1.000999999999999890e+00
1.563547468046875000e+09	6.666999999999999815e+00	1.002000000000000002e+00
1.563547468156250000e+09	6.666000000000000369e+00	1.002000000000000002e+00
1.563547468265625000e+09	6.666999999999999815e+00	1.000999999999999890e+00
1.563547468359375000e+09	6.666999999999999815e+00	1.002000000000000002e+00
1.563547468468750000e+09	6.666000000000000369e+00	1.002000000000000002e+00
1.563547468828125000e+09	6.666999999999999815e+00	1.002000000000000002e+00
1.563547469000000000e+09	6.666999999999999815e+00	1.000999999999999890e+00
1.563547469156250000e+09	6.666999999999999815e+00	1.000999999999999890e+00
1.563547469250000000e+09	6.666000000000000369e+00	1.000999999999999890e+00
1.563547469359375000e+09	6.666999999999999815e+00	1.000999999999999890e+00
1.563547469468750000e+09	6.666000000000000369e+00	1.002000000000000002e+00
1.563547469562500000e+09	6.666999999999999815e+00	1.000999999999999890e+00
1.563547469953125000e+09	6.663999999999999702e+00	1.000999999999999890e+00
1.563547470187500000e+09	6.663999999999999702e+00	1.000999999999999890e+00
1.563547470281250000e+09	6.666000000000000369e+00	1.000999999999999890e+00
1.563547470390625000e+09	6.666999999999999815e+00	1.000999999999999890e+00
1.563547470500000000e+09	6.666999999999999815e+00	1.000999999999999890e+00
1.563547470593750000e+09	6.666000000000000369e+00	1.000999999999999890e+00
1.563547470875000000e+09	6.666000000000000369e+00	1.000999999999999890e+00
1.563547471156250000e+09	6.666000000000000369e+00	1.002000000000000002e+00
1.563547471312500000e+09	6.668000000000000149e+00	1.000999999999999890e+00
1.563547471406250000e+09	6.666000000000000369e+00	1.000999999999999890e+00
1.563547471515625000e+09	6.663999999999999702e+00	1.002000000000000002e+00
1.563547471625000000e+09	6.665000000000000036e+00	1.000999999999999890e+00
1.563547471718750000e+09	6.665000000000000036e+00	1.000999999999999890e+00
1.563547472015625000e+09	6.666000000000000369e+00	1.000999999999999890e+00
1.563547472234375000e+09	6.661999999999999922e+00	1.000999999999999890e+00
1.563547472421875000e+09	6.663999999999999702e+00	1.000999999999999890e+00
1.563547472531250000e+09	6.663999999999999702e+00	1.002000000000000002e+00
1.563547472625000000e+09	6.665000000000000036e+00	1.000999999999999890e+00
1.563547472734375000e+09	6.666000000000000369e+00	1.000999999999999890e+00
1.563547472828125000e+09	6.663999999999999702e+00	1.002000000000000002e+00
1.563547473125000000e+09	6.663000000000000256e+00	1.000999999999999890e+00
1.563547473375000000e+09	6.663000000000000256e+00	1.000999999999999890e+00
1.563547473531250000e+09	6.663999999999999702e+00	1.000999999999999890e+00
1.563547473640625000e+09	6.663999999999999702e+00	1.000999999999999890e+00
1.563547473750000000e+09	6.661999999999999922e+00	1.002000000000000002e+00
1.563547473843750000e+09	6.663999999999999702e+00	1.000999999999999890e+00
1.563547473953125000e+09	6.663999999999999702e+00	1.000999999999999890e+00
1.563547474156250000e+09	6.661999999999999922e+00	1.000999999999999890e+00
1.563547474453125000e+09	6.661999999999999922e+00	1.000999999999999890e+00
1.563547474640625000e+09	6.665000000000000036e+00	1.000999999999999890e+00
1.563547474734375000e+09	6.663000000000000256e+00	1.000999999999999890e+00
1.563547474843750000e+09	6.663999999999999702e+00	1.000999999999999890e+00
1.563547474953125000e+09	6.663999999999999702e+00	1.002000000000000002e+00
1.563547475046875000e+09	6.663999999999999702e+00	1.000999999999999890e+00
1.563547475343750000e+09	6.663999999999999702e+00	1.002000000000000002e+00
1.563547475609375000e+09	6.663999999999999702e+00	1.002000000000000002e+00
1.563547475828125000e+09	6.661999999999999922e+00	1.000999999999999890e+00
1.563547475937500000e+09	6.663999999999999702e+00	1.002000000000000002e+00
1.563547476046875000e+09	6.663000000000000256e+00	1.000999999999999890e+00
1.563547476140625000e+09	6.663999999999999702e+00	1.002000000000000002e+00
1.563547476250000000e+09	6.663999999999999702e+00	1.000999999999999890e+00
1.563547476484375000e+09	6.663999999999999702e+00	1.000999999999999890e+00
1.563547476750000000e+09	6.663999999999999702e+00	1.000999999999999890e+00
1.563547476937500000e+09	6.663000000000000256e+00	1.002000000000000002e+00
1.563547477046875000e+09	6.663000000000000256e+00	1.002000000000000002e+00
1.563547477140625000e+09	6.661999999999999922e+00	1.000999999999999890e+00
1.563547477250000000e+09	6.663999999999999702e+00	1.002000000000000002e+00
1.563547477343750000e+09	6.663999999999999702e+00	1.002000000000000002e+00
1.563547477546875000e+09	6.661999999999999922e+00	1.002000000000000002e+00
1.563547477859375000e+09	6.661999999999999922e+00	1.002000000000000002e+00
1.563547478046875000e+09	6.663999999999999702e+00	1.000999999999999890e+00
1.563547478156250000e+09	6.661999999999999922e+00	1.000999999999999890e+00
1.563547478250000000e+09	6.663000000000000256e+00	1.002000000000000002e+00
1.563547478359375000e+09	6.661999999999999922e+00	1.000999999999999890e+00
1.563547478468750000e+09	6.661999999999999922e+00	1.002000000000000002e+00
1.563547478609375000e+09	6.663000000000000256e+00	1.002000000000000002e+00
1.563547478968750000e+09	6.661999999999999922e+00	1.002000000000000002e+00
1.563547479156250000e+09	6.663000000000000256e+00	1.002000000000000002e+00
1.563547479265625000e+09	6.661999999999999922e+00	1.002000000000000002e+00
1.563547479359375000e+09	6.663999999999999702e+00	1.002000000000000002e+00
1.563547479468750000e+09	6.663999999999999702e+00	1.000999999999999890e+00
1.563547479578125000e+09	6.663000000000000256e+00	1.000999999999999890e+00
1.563547479750000000e+09	6.663000000000000256e+00	1.000999999999999890e+00
1.563547480093750000e+09	6.663000000000000256e+00	1.000999999999999890e+00
1.563547480250000000e+09	6.663999999999999702e+00	1.000999999999999890e+00
1.563547480359375000e+09	6.661999999999999922e+00	1.000999999999999890e+00
1.563547480453125000e+09	6.663999999999999702e+00	1.000999999999999890e+00
1.563547480562500000e+09	6.663999999999999702e+00	1.000999999999999890e+00
1.563547480671875000e+09	6.663999999999999702e+00	1.000999999999999890e+00
1.563547480937500000e+09	6.663999999999999702e+00	1.002000000000000002e+00
1.563547481218750000e+09	6.661999999999999922e+00	1.000999999999999890e+00
1.563547481390625000e+09	6.661999999999999922e+00	1.000000000000000000e+00
1.563547481500000000e+09	6.661999999999999922e+00	1.002000000000000002e+00
1.563547481593750000e+09	6.661999999999999922e+00	1.000999999999999890e+00
1.563547481703125000e+09	6.661999999999999922e+00	1.000999999999999890e+00
1.563547481796875000e+09	6.661999999999999922e+00	1.000999999999999890e+00
1.563547482109375000e+09	6.661999999999999922e+00	1.002000000000000002e+00
1.563547482343750000e+09	6.663999999999999702e+00	1.002000000000000002e+00
1.563547482515625000e+09	6.661999999999999922e+00	1.000999999999999890e+00
1.563547482609375000e+09	6.661999999999999922e+00	1.002000000000000002e+00
1.563547482718750000e+09	6.661999999999999922e+00	1.002000000000000002e+00
1.563547482812500000e+09	6.661999999999999922e+00	1.000999999999999890e+00
1.563547482921875000e+09	6.661999999999999922e+00	1.000999999999999890e+00
1.563547483218750000e+09	6.663999999999999702e+00	1.000999999999999890e+00
1.563547483531250000e+09	6.663000000000000256e+00	1.000999999999999890e+00
1.563547483703125000e+09	6.661999999999999922e+00	1.002000000000000002e+00
1.563547483796875000e+09	6.663000000000000256e+00	1.000999999999999890e+00
1.563547483906250000e+09	6.663999999999999702e+00	1.002000000000000002e+00
1.563547484015625000e+09	6.663000000000000256e+00	1.002000000000000002e+00
1.563547484109375000e+09	6.661999999999999922e+00	1.000999999999999890e+00
1.563547484343750000e+09	6.661999999999999922e+00	1.002000000000000002e+00
1.563547484593750000e+09	6.660999999999999588e+00	1.000999999999999890e+00
1.563547484750000000e+09	6.661999999999999922e+00	1.000999999999999890e+00
1.563547484875000000e+09	6.663000000000000256e+00	1.000999999999999890e+00
1.563547484984375000e+09	6.661999999999999922e+00	1.002000000000000002e+00
1.563547485078125000e+09	6.663000000000000256e+00	1.000999999999999890e+00
1.563547485187500000e+09	6.661999999999999922e+00	1.002000000000000002e+00
1.563547485281250000e+09	6.661999999999999922e+00	1.000999999999999890e+00
1.563547485687500000e+09	6.661999999999999922e+00	1.002000000000000002e+00
1.563547485859375000e+09	6.663000000000000256e+00	1.000999999999999890e+00
1.563547486000000000e+09	6.663000000000000256e+00	1.002000000000000002e+00
1.563547486109375000e+09	6.661999999999999922e+00	1.002000000000000002e+00
1.563547486203125000e+09	6.661999999999999922e+00	1.000999999999999890e+00
1.563547486312500000e+09	6.661999999999999922e+00	1.000999999999999890e+00
1.563547486421875000e+09	6.661999999999999922e+00	1.000999999999999890e+00
1.563547486750000000e+09	6.660999999999999588e+00	1.002000000000000002e+00
1.563547486921875000e+09	6.663999999999999702e+00	1.000999999999999890e+00
1.563547487062500000e+09	6.663999999999999702e+00	1.000999999999999890e+00
1.563547487171875000e+09	6.661999999999999922e+00	1.002000000000000002e+00
1.563547487281250000e+09	6.663000000000000256e+00	1.000999999999999890e+00
1.563547487375000000e+09	6.661999999999999922e+00	1.000999999999999890e+00
1.563547487484375000e+09	6.661999999999999922e+00	1.002000000000000002e+00
1.563547487640625000e+09	6.663999999999999702e+00	1.002000000000000002e+00
1.563547487984375000e+09	6.663999999999999702e+00	1.002000000000000002e+00
1.563547488171875000e+09	6.661999999999999922e+00	1.002000000000000002e+00
1.563547488265625000e+09	6.660999999999999588e+00	1.000999999999999890e+00
1.563547488375000000e+09	6.660999999999999588e+00	1.002000000000000002e+00
1.563547488468750000e+09	6.663000000000000256e+00	1.002000000000000002e+00
1.563547488578125000e+09	6.660999999999999588e+00	1.000999999999999890e+00
1.563547488843750000e+09	6.661999999999999922e+00	1.000999999999999890e+00
1.563547489125000000e+09	6.660000000000000142e+00	1.002000000000000002e+00
1.563547489296875000e+09	6.661999999999999922e+00	1.000999999999999890e+00
1.563547489406250000e+09	6.660999999999999588e+00	1.002000000000000002e+00
1.563547489515625000e+09	6.660000000000000142e+00	1.000999999999999890e+00
1.563547489625000000e+09	6.660000000000000142e+00	1.000999999999999890e+00
1.563547489718750000e+09	6.661999999999999922e+00	1.002000000000000002e+00
1.563547489984375000e+09	6.661999999999999922e+00	1.000999999999999890e+00
1.563547490296875000e+09	6.661999999999999922e+00	1.000999999999999890e+00
1.563547490515625000e+09	6.661999999999999922e+00	1.002000000000000002e+00
1.563547490609375000e+09	6.661999999999999922e+00	1.002000000000000002e+00
1.563547490718750000e+09	6.661999999999999922e+00	1.000999999999999890e+00
1.563547490828125000e+09	6.661999999999999922e+00	1.000999999999999890e+00
1.563547490921875000e+09	6.663999999999999702e+00	1.000000000000000000e+00
1.563547491156250000e+09	6.661999999999999922e+00	1.002000000000000002e+00
1.563547491453125000e+09	6.663999999999999702e+00	1.000999999999999890e+00
1.563547491640625000e+09	6.663000000000000256e+00	1.002000000000000002e+00
1.563547491734375000e+09	6.663999999999999702e+00	1.000999999999999890e+00
1.563547491843750000e+09	6.663999999999999702e+00	1.000999999999999890e+00
1.563547491953125000e+09	6.666000000000000369e+00	1.000999999999999890e+00
1.563547492046875000e+09	6.663999999999999702e+00	1.002000000000000002e+00
1.563547492312500000e+09	6.663999999999999702e+00	1.002000000000000002e+00
1.563547492625000000e+09	6.663999999999999702e+00	1.002000000000000002e+00
1.563547492750000000e+09	6.663000000000000256e+00	1.000999999999999890e+00
1.563547492859375000e+09	6.661999999999999922e+00	1.000999999999999890e+00
1.563547492953125000e+09	6.663999999999999702e+00	1.002000000000000002e+00
1.563547493062500000e+09	6.663999999999999702e+00	1.000999999999999890e+00
1.563547493171875000e+09	6.663999999999999702e+00	1.000999999999999890e+00
1.563547493390625000e+09	6.663999999999999702e+00	1.002000000000000002e+00
1.563547493671875000e+09	6.663000000000000256e+00	1.000999999999999890e+00
1.563547493843750000e+09	6.661999999999999922e+00	1.000999999999999890e+00
1.563547493937500000e+09	6.663000000000000256e+00	1.002000000000000002e+00
1.563547494046875000e+09	6.663000000000000256e+00	1.000999999999999890e+00
1.563547494156250000e+09	6.661999999999999922e+00	1.002000000000000002e+00
1.563547494250000000e+09	6.661999999999999922e+00	1.000999999999999890e+00
1.563547494500000000e+09	6.661999999999999922e+00	1.002000000000000002e+00
1.563547494765625000e+09	6.661999999999999922e+00	1.002000000000000002e+00
1.563547494937500000e+09	6.661999999999999922e+00	1.000999999999999890e+00
1.563547495031250000e+09	6.660999999999999588e+00	1.000999999999999890e+00
1.563547495140625000e+09	6.661999999999999922e+00	1.000999999999999890e+00
1.563547495234375000e+09	6.663000000000000256e+00	1.000999999999999890e+00
1.563547495343750000e+09	6.663000000000000256e+00	1.000999999999999890e+00
1.563547495609375000e+09	6.663999999999999702e+00	1.000999999999999890e+00
1.563547495859375000e+09	6.663000000000000256e+00	1.000999999999999890e+00
1.563547496031250000e+09	6.661999999999999922e+00	1.000999999999999890e+00
1.563547496125000000e+09	6.663000000000000256e+00	1.000999999999999890e+00
1.563547496234375000e+09	6.661999999999999922e+00	1.002000000000000002e+00
1.563547496343750000e+09	6.663999999999999702e+00	1.000999999999999890e+00
1.563547496437500000e+09	6.663000000000000256e+00	1.000999999999999890e+00
1.563547496671875000e+09	6.663999999999999702e+00	1.000999999999999890e+00
1.563547496953125000e+09	6.666000000000000369e+00	1.002000000000000002e+00
1.563547497109375000e+09	6.663999999999999702e+00	1.002000000000000002e+00
1.563547497218750000e+09	6.663999999999999702e+00	1.002000000000000002e+00
1.563547497328125000e+09	6.663999999999999702e+00	1.000999999999999890e+00
1.563547497421875000e+09	6.665000000000000036e+00	1.002000000000000002e+00
1.563547497531250000e+09	6.666999999999999815e+00	1.000999999999999890e+00
1.563547497843750000e+09	6.663999999999999702e+00	1.000999999999999890e+00
1.563547498109375000e+09	6.666000000000000369e+00	1.000999999999999890e+00
1.563547498265625000e+09	6.663999999999999702e+00	1.000999999999999890e+00
1.563547498359375000e+09	6.663999999999999702e+00	1.000999999999999890e+00
1.563547498468750000e+09	6.663999999999999702e+00	1.000999999999999890e+00
1.563547498562500000e+09	6.663999999999999702e+00	1.000999999999999890e+00
1.563547498671875000e+09	6.663000000000000256e+00	1.000999999999999890e+00
1.563547498796875000e+09	6.663000000000000256e+00	1.000999999999999890e+00
1.563547499171875000e+09	6.663999999999999702e+00	1.000999999999999890e+00
1.563547499375000000e+09	6.665000000000000036e+00	1.000999999999999890e+00
1.563547499484375000e+09	6.663999999999999702e+00	1.002000000000000002e+00
1.563547499578125000e+09	6.663999999999999702e+00	1.000999999999999890e+00
1.563547499687500000e+09	6.666000000000000369e+00	1.000999999999999890e+00
1.563547499781250000e+09	6.665000000000000036e+00	1.000999999999999890e+00
1.563547500046875000e+09	6.663999999999999702e+00	1.000999999999999890e+00
1.563547500281250000e+09	6.663000000000000256e+00	1.002000000000000002e+00
1.563547500468750000e+09	6.663000000000000256e+00	1.000999999999999890e+00
1.563547500562500000e+09	6.663999999999999702e+00	1.002000000000000002e+00
1.563547500671875000e+09	6.663000000000000256e+00	1.002000000000000002e+00
1.563547500781250000e+09	6.660999999999999588e+00	1.002000000000000002e+00
1.563547500875000000e+09	6.661999999999999922e+00	1.002000000000000002e+00
1.563547501156250000e+09	6.663999999999999702e+00	1.000999999999999890e+00
1.563547501390625000e+09	6.663999999999999702e+00	1.000000000000000000e+00
1.563547501562500000e+09	6.661999999999999922e+00	1.000999999999999890e+00
1.563547501656250000e+09	6.663999999999999702e+00	1.002000000000000002e+00
1.563547501765625000e+09	6.663000000000000256e+00	1.000999999999999890e+00
1.563547501875000000e+09	6.661999999999999922e+00	1.000999999999999890e+00
1.563547501968750000e+09	6.661999999999999922e+00	1.002000000000000002e+00
1.563547502203125000e+09	6.660999999999999588e+00	1.000999999999999890e+00
1.563547502500000000e+09	6.663000000000000256e+00	1.000999999999999890e+00
1.563547502671875000e+09	6.663000000000000256e+00	1.002000000000000002e+00
1.563547502765625000e+09	6.663999999999999702e+00	1.000999999999999890e+00
1.563547502875000000e+09	6.663999999999999702e+00	1.000999999999999890e+00
1.563547502968750000e+09	6.663999999999999702e+00	1.000999999999999890e+00
1.563547503078125000e+09	6.661999999999999922e+00	1.000999999999999890e+00
1.563547503375000000e+09	6.666000000000000369e+00	1.000999999999999890e+00
1.563547503671875000e+09	6.663999999999999702e+00	1.000999999999999890e+00
1.563547503812500000e+09	6.666000000000000369e+00	1.002000000000000002e+00
1.563547503921875000e+09	6.666000000000000369e+00	1.002000000000000002e+00
1.563547504015625000e+09	6.666999999999999815e+00	1.000999999999999890e+00
1.563547504125000000e+09	6.666000000000000369e+00	1.000999999999999890e+00
1.563547504218750000e+09	6.666000000000000369e+00	1.000999999999999890e+00
1.563547504625000000e+09	6.666000000000000369e+00	1.002000000000000002e+00
1.563547504859375000e+09	6.666000000000000369e+00	1.000999999999999890e+00
1.563547505000000000e+09	6.666000000000000369e+00	1.000999999999999890e+00
1.563547505093750000e+09	6.666000000000000369e+00	1.002000000000000002e+00
1.563547505203125000e+09	6.666999999999999815e+00	1.000999999999999890e+00
1.563547505296875000e+09	6.666999999999999815e+00	1.000999999999999890e+00
1.563547505406250000e+09	6.666999999999999815e+00	1.000999999999999890e+00
1.563547505703125000e+09	6.666999999999999815e+00	1.002000000000000002e+00
1.563547505953125000e+09	6.665000000000000036e+00	1.000999999999999890e+00
1.563547506078125000e+09	6.666000000000000369e+00	1.002000000000000002e+00
1.563547506187500000e+09	6.666000000000000369e+00	1.002000000000000002e+00
1.563547506281250000e+09	6.666000000000000369e+00	1.000999999999999890e+00
1.563547506390625000e+09	6.665000000000000036e+00	1.000999999999999890e+00
1.563547506500000000e+09	6.663999999999999702e+00	1.002000000000000002e+00
1.563547506921875000e+09	6.665000000000000036e+00	1.002000000000000002e+00
1.563547507125000000e+09	6.665000000000000036e+00	1.002000000000000002e+00
1.563547507218750000e+09	6.666999999999999815e+00	1.000999999999999890e+00
1.563547507328125000e+09	6.666000000000000369e+00	1.000999999999999890e+00
1.563547507437500000e+09	6.663999999999999702e+00	1.002000000000000002e+00
1.563547507531250000e+09	6.666000000000000369e+00	1.002000000000000002e+00
1.563547507812500000e+09	6.663999999999999702e+00	1.002000000000000002e+00
1.563547508109375000e+09	6.666000000000000369e+00	1.000999999999999890e+00
1.563547508265625000e+09	6.666999999999999815e+00	1.000999999999999890e+00
1.563547508359375000e+09	6.666000000000000369e+00	1.002000000000000002e+00
1.563547508468750000e+09	6.665000000000000036e+00	1.002000000000000002e+00
1.563547508578125000e+09	6.663999999999999702e+00	1.000999999999999890e+00
1.563547508671875000e+09	6.663999999999999702e+00	1.000999999999999890e+00
1.563547509046875000e+09	6.663999999999999702e+00	1.000999999999999890e+00
1.563547509234375000e+09	6.665000000000000036e+00	1.000999999999999890e+00
1.563547509375000000e+09	6.666000000000000369e+00	1.000999999999999890e+00
1.563547509468750000e+09	6.663999999999999702e+00	1.000999999999999890e+00
1.563547509578125000e+09	6.663999999999999702e+00	1.000999999999999890e+00
1.563547509671875000e+09	6.663999999999999702e+00	1.002000000000000002e+00
1.563547509781250000e+09	6.665000000000000036e+00	1.002000000000000002e+00
1.563547510156250000e+09	6.663999999999999702e+00	1.002000000000000002e+00
1.563547510312500000e+09	6.663999999999999702e+00	1.002000000000000002e+00
1.563547510453125000e+09	6.665000000000000036e+00	1.000999999999999890e+00
1.563547510562500000e+09	6.666000000000000369e+00	1.002000000000000002e+00
1.563547510656250000e+09	6.666000000000000369e+00	1.000999999999999890e+00
1.563547510765625000e+09	6.666000000000000369e+00	1.002000000000000002e+00
1.563547510875000000e+09	6.666000000000000369e+00	1.002000000000000002e+00
1.563547511171875000e+09	6.665000000000000036e+00	1.002000000000000002e+00
1.563547511406250000e+09	6.663000000000000256e+00	1.000999999999999890e+00
1.563547511546875000e+09	6.666000000000000369e+00	1.002000000000000002e+00
1.563547511656250000e+09	6.666000000000000369e+00	1.000999999999999890e+00
1.563547511750000000e+09	6.663999999999999702e+00	1.000999999999999890e+00
1.563547511859375000e+09	6.666000000000000369e+00	1.002000000000000002e+00
1.563547511968750000e+09	6.663999999999999702e+00	1.002000000000000002e+00
1.563547512140625000e+09	6.666000000000000369e+00	1.000999999999999890e+00
1.563547512484375000e+09	6.663999999999999702e+00	1.000999999999999890e+00
1.563547512671875000e+09	6.663999999999999702e+00	1.000999999999999890e+00
1.563547512781250000e+09	6.666000000000000369e+00	1.002000000000000002e+00
1.563547512890625000e+09	6.666000000000000369e+00	1.000999999999999890e+00
1.563547512984375000e+09	6.663999999999999702e+00	1.002000000000000002e+00
1.563547513093750000e+09	6.663000000000000256e+00	1.000999999999999890e+00
1.563547513359375000e+09	6.663999999999999702e+00	1.002000000000000002e+00
1.563547513609375000e+09	6.666000000000000369e+00	1.000999999999999890e+00
1.563547513765625000e+09	6.665000000000000036e+00	1.000999999999999890e+00
1.563547513859375000e+09	6.665000000000000036e+00	1.000999999999999890e+00
1.563547513968750000e+09	6.665000000000000036e+00	1.002000000000000002e+00
1.563547514078125000e+09	6.665000000000000036e+00	1.000999999999999890e+00
1.563547514171875000e+09	6.665000000000000036e+00	1.000999999999999890e+00
1.563547514453125000e+09	6.666000000000000369e+00	1.002000000000000002e+00
1.563547514718750000e+09	6.663999999999999702e+00	1.002000000000000002e+00
1.563547514875000000e+09	6.666000000000000369e+00	1.000999999999999890e+00
1.563547514984375000e+09	6.668000000000000149e+00	1.002000000000000002e+00
1.563547515093750000e+09	6.666000000000000369e+00	1.000999999999999890e+00
1.563547515187500000e+09	6.666000000000000369e+00	1.000999999999999890e+00
1.563547515296875000e+09	6.663999999999999702e+00	1.002000000000000002e+00
1.563547515562500000e+09	6.663999999999999702e+00	1.000999999999999890e+00
1.563547515812500000e+09	6.666000000000000369e+00	1.002000000000000002e+00
1.563547515968750000e+09	6.666000000000000369e+00	1.000000000000000000e+00
1.563547516078125000e+09	6.666999999999999815e+00	1.002000000000000002e+00
1.563547516171875000e+09	6.666999999999999815e+00	1.002000000000000002e+00
1.563547516281250000e+09	6.666999999999999815e+00	1.002000000000000002e+00
1.563547516390625000e+09	6.666999999999999815e+00	1.002000000000000002e+00
1.563547516671875000e+09	6.666999999999999815e+00	1.000999999999999890e+00
1.563547516968750000e+09	6.666999999999999815e+00	1.000999999999999890e+00
1.563547517109375000e+09	6.666999999999999815e+00	1.002000000000000002e+00
1.563547517218750000e+09	6.666000000000000369e+00	1.000999999999999890e+00
1.563547517312500000e+09	6.666000000000000369e+00	1.002000000000000002e+00
1.563547517421875000e+09	6.666000000000000369e+00	1.002000000000000002e+00
1.563547517515625000e+09	6.666999999999999815e+00	1.000999999999999890e+00
1.563547517921875000e+09	6.663999999999999702e+00	1.000999999999999890e+00
1.563547518093750000e+09	6.666000000000000369e+00	1.000999999999999890e+00
1.563547518203125000e+09	6.666000000000000369e+00	1.000999999999999890e+00
1.563547518312500000e+09	6.666999999999999815e+00	1.000999999999999890e+00
1.563547518406250000e+09	6.665000000000000036e+00	1.000000000000000000e+00
1.563547518515625000e+09	6.666000000000000369e+00	1.002000000000000002e+00
1.563547518609375000e+09	6.666999999999999815e+00	1.002000000000000002e+00
1.563547518984375000e+09	6.663999999999999702e+00	1.000999999999999890e+00
1.563547519140625000e+09	6.663999999999999702e+00	1.000999999999999890e+00
1.563547519359375000e+09	6.665000000000000036e+00	1.000999999999999890e+00
1.563547519468750000e+09	6.666000000000000369e+00	1.000999999999999890e+00
1.563547519562500000e+09	6.666999999999999815e+00	1.002000000000000002e+00
1.563547519671875000e+09	6.665000000000000036e+00	1.000999999999999890e+00
1.563547519781250000e+09	6.666999999999999815e+00	1.002000000000000002e+00
1.563547520046875000e+09	6.666000000000000369e+00	1.000999999999999890e+00
1.563547520281250000e+09	6.666000000000000369e+00	1.002000000000000002e+00
1.563547520421875000e+09	6.666999999999999815e+00	1.000999999999999890e+00
1.563547520531250000e+09	6.666000000000000369e+00	1.000999999999999890e+00
1.563547520625000000e+09	6.666000000000000369e+00	1.000999999999999890e+00
1.563547520734375000e+09	6.666000000000000369e+00	1.000000000000000000e+00
1.563547520843750000e+09	6.663999999999999702e+00	1.000999999999999890e+00
1.563547521109375000e+09	6.666000000000000369e+00	1.000999999999999890e+00
1.563547521328125000e+09	6.663999999999999702e+00	1.000999999999999890e+00
1.563547521515625000e+09	6.666000000000000369e+00	1.000999999999999890e+00
1.563547521625000000e+09	6.666999999999999815e+00	1.000999999999999890e+00
1.563547521734375000e+09	6.666000000000000369e+00	1.002000000000000002e+00
1.563547521828125000e+09	6.665000000000000036e+00	1.000999999999999890e+00
1.563547521937500000e+09	6.666000000000000369e+00	1.000999999999999890e+00
1.563547522156250000e+09	6.666999999999999815e+00	1.000999999999999890e+00
1.563547522468750000e+09	6.663999999999999702e+00	1.000999999999999890e+00
1.563547522625000000e+09	6.665000000000000036e+00	1.000999999999999890e+00
1.563547522718750000e+09	6.666999999999999815e+00	1.000999999999999890e+00
1.563547522828125000e+09	6.666999999999999815e+00	1.000999999999999890e+00
1.563547522921875000e+09	6.666000000000000369e+00	1.000999999999999890e+00
1.563547523031250000e+09	6.666000000000000369e+00	1.000999999999999890e+00
1.563547523171875000e+09	6.666000000000000369e+00	1.000999999999999890e+00
1.563547523390625000e+09	6.666000000000000369e+00	1.000999999999999890e+00
1.563547523656250000e+09	6.663999999999999702e+00	1.000999999999999890e+00
1.563547523781250000e+09	6.666000000000000369e+00	1.002000000000000002e+00
1.563547523890625000e+09	6.666999999999999815e+00	1.000999999999999890e+00
1.563547523984375000e+09	6.666000000000000369e+00	1.002000000000000002e+00
1.563547524093750000e+09	6.665000000000000036e+00	1.002000000000000002e+00
1.563547524187500000e+09	6.666000000000000369e+00	1.002000000000000002e+00
1.563547524515625000e+09	6.666999999999999815e+00	1.002000000000000002e+00
1.563547524718750000e+09	6.665000000000000036e+00	1.000999999999999890e+00
1.563547524875000000e+09	6.663999999999999702e+00	1.000999999999999890e+00
1.563547524984375000e+09	6.666000000000000369e+00	1.002000000000000002e+00
1.563547525078125000e+09	6.666000000000000369e+00	1.000999999999999890e+00
1.563547525187500000e+09	6.666999999999999815e+00	1.000999999999999890e+00
1.563547525281250000e+09	6.666999999999999815e+00	1.000999999999999890e+00
1.563547525562500000e+09	6.666999999999999815e+00	1.000999999999999890e+00
1.563547525812500000e+09	6.666999999999999815e+00	1.000999999999999890e+00
1.563547525937500000e+09	6.666000000000000369e+00	1.000999999999999890e+00
1.563547526031250000e+09	6.666000000000000369e+00	1.000999999999999890e+00
1.563547526140625000e+09	6.666000000000000369e+00	1.000999999999999890e+00
1.563547526250000000e+09	6.666000000000000369e+00	1.000999999999999890e+00
1.563547526343750000e+09	6.666000000000000369e+00	1.000999999999999890e+00
1.563547526625000000e+09	6.666000000000000369e+00	1.000999999999999890e+00
1.563547526937500000e+09	6.666999999999999815e+00	1.000999999999999890e+00
1.563547527093750000e+09	6.663999999999999702e+00	1.000999999999999890e+00
1.563547527203125000e+09	6.666000000000000369e+00	1.000999999999999890e+00
1.563547527296875000e+09	6.666000000000000369e+00	1.002000000000000002e+00
1.563547527406250000e+09	6.663999999999999702e+00	1.000999999999999890e+00
1.563547527515625000e+09	6.665000000000000036e+00	1.000999999999999890e+00
1.563547527765625000e+09	6.666000000000000369e+00	1.002000000000000002e+00
1.563547528015625000e+09	6.668000000000000149e+00	1.000999999999999890e+00
1.563547528203125000e+09	6.666999999999999815e+00	1.000999999999999890e+00
1.563547528296875000e+09	6.668999999999999595e+00	1.000999999999999890e+00
1.563547528406250000e+09	6.666999999999999815e+00	1.000999999999999890e+00
1.563547528515625000e+09	6.668999999999999595e+00	1.000999999999999890e+00
1.563547528609375000e+09	6.668000000000000149e+00	1.000999999999999890e+00
1.563547528875000000e+09	6.668999999999999595e+00	1.000999999999999890e+00
1.563547529140625000e+09	6.668999999999999595e+00	1.000999999999999890e+00
1.563547529312500000e+09	6.671000000000000263e+00	1.000999999999999890e+00
1.563547529406250000e+09	6.668999999999999595e+00	1.000999999999999890e+00
1.563547529515625000e+09	6.668999999999999595e+00	1.000999999999999890e+00
1.563547529625000000e+09	6.668999999999999595e+00	1.000999999999999890e+00
1.563547529718750000e+09	6.668999999999999595e+00	1.000999999999999890e+00
1.563547529984375000e+09	6.668999999999999595e+00	1.002000000000000002e+00
1.563547530203125000e+09	6.669999999999999929e+00	1.000999999999999890e+00
1.563547530343750000e+09	6.668000000000000149e+00	1.002000000000000002e+00
1.563547530468750000e+09	6.666999999999999815e+00	1.000000000000000000e+00
1.563547530578125000e+09	6.666999999999999815e+00	1.000999999999999890e+00
1.563547530671875000e+09	6.666999999999999815e+00	1.000999999999999890e+00
1.563547530781250000e+09	6.666000000000000369e+00	1.000999999999999890e+00
1.563547530890625000e+09	6.666000000000000369e+00	1.002000000000000002e+00
1.563547531187500000e+09	6.666999999999999815e+00	1.000999999999999890e+00
1.563547531437500000e+09	6.666999999999999815e+00	1.002000000000000002e+00
1.563547531578125000e+09	6.666999999999999815e+00	1.000999999999999890e+00
1.563547531671875000e+09	6.666999999999999815e+00	1.002000000000000002e+00
1.563547531781250000e+09	6.666999999999999815e+00	1.000999999999999890e+00
1.563547531890625000e+09	6.668999999999999595e+00	1.000999999999999890e+00
1.563547531984375000e+09	6.668000000000000149e+00	1.000999999999999890e+00
1.563547532296875000e+09	6.668000000000000149e+00	1.002000000000000002e+00
1.563547532531250000e+09	6.666999999999999815e+00	1.000999999999999890e+00
1.563547532671875000e+09	6.666000000000000369e+00	1.000999999999999890e+00
1.563547532765625000e+09	6.666000000000000369e+00	1.000999999999999890e+00
1.563547532875000000e+09	6.666999999999999815e+00	1.002000000000000002e+00
1.563547532984375000e+09	6.666999999999999815e+00	1.000999999999999890e+00
1.563547533078125000e+09	6.666000000000000369e+00	1.002000000000000002e+00
1.563547533406250000e+09	6.668000000000000149e+00	1.000999999999999890e+00
1.563547533656250000e+09	6.666999999999999815e+00	1.002000000000000002e+00
1.563547533796875000e+09	6.668000000000000149e+00	1.002000000000000002e+00
1.563547533890625000e+09	6.668999999999999595e+00	1.000999999999999890e+00
1.563547534000000000e+09	6.668999999999999595e+00	1.002000000000000002e+00
1.563547534109375000e+09	6.666999999999999815e+00	1.000999999999999890e+00
1.563547534203125000e+09	6.666999999999999815e+00	1.002000000000000002e+00
1.563547534625000000e+09	6.666999999999999815e+00	1.000999999999999890e+00
1.563547534843750000e+09	6.668999999999999595e+00	1.002000000000000002e+00
1.563547534968750000e+09	6.668000000000000149e+00	1.002000000000000002e+00
1.563547535062500000e+09	6.668000000000000149e+00	1.000999999999999890e+00
1.563547535171875000e+09	6.668999999999999595e+00	1.000999999999999890e+00
1.563547535281250000e+09	6.668999999999999595e+00	1.000999999999999890e+00
1.563547535375000000e+09	6.668999999999999595e+00	1.002000000000000002e+00
1.563547535656250000e+09	6.666999999999999815e+00	1.002000000000000002e+00
1.563547535921875000e+09	6.668999999999999595e+00	1.000999999999999890e+00
1.563547536093750000e+09	6.668999999999999595e+00	1.000999999999999890e+00
1.563547536203125000e+09	6.671999999999999709e+00	1.000999999999999890e+00
1.563547536296875000e+09	6.668999999999999595e+00	1.000999999999999890e+00
1.563547536406250000e+09	6.668999999999999595e+00	1.000999999999999890e+00
1.563547536515625000e+09	6.669999999999999929e+00	1.000999999999999890e+00
1.563547536843750000e+09	6.668999999999999595e+00	1.002000000000000002e+00
1.563547537046875000e+09	6.669999999999999929e+00	1.002000000000000002e+00
1.563547537187500000e+09	6.668999999999999595e+00	1.002000000000000002e+00
1.563547537296875000e+09	6.668999999999999595e+00	1.002000000000000002e+00
1.563547537390625000e+09	6.668999999999999595e+00	1.000999999999999890e+00
1.563547537500000000e+09	6.671000000000000263e+00	1.002000000000000002e+00
1.563547537593750000e+09	6.668999999999999595e+00	1.002000000000000002e+00
1.563547538046875000e+09	6.668999999999999595e+00	1.000999999999999890e+00
1.563547538187500000e+09	6.668999999999999595e+00	1.002000000000000002e+00
1.563547538312500000e+09	6.668999999999999595e+00	1.000999999999999890e+00
1.563547538421875000e+09	6.666999999999999815e+00	1.002000000000000002e+00
1.563547538531250000e+09	6.668999999999999595e+00	1.000999999999999890e+00
1.563547538625000000e+09	6.668000000000000149e+00	1.000999999999999890e+00
1.563547538734375000e+09	6.666999999999999815e+00	1.000999999999999890e+00
1.563547539156250000e+09	6.668000000000000149e+00	1.000999999999999890e+00
1.563547539296875000e+09	6.666999999999999815e+00	1.000999999999999890e+00
1.563547539421875000e+09	6.668000000000000149e+00	1.000999999999999890e+00
1.563547539531250000e+09	6.666999999999999815e+00	1.000999999999999890e+00
1.563547539625000000e+09	6.666000000000000369e+00	1.000999999999999890e+00
1.563547539734375000e+09	6.668000000000000149e+00	1.002000000000000002e+00
1.563547539843750000e+09	6.666999999999999815e+00	1.000999999999999890e+00
1.563547540140625000e+09	6.668000000000000149e+00	1.000999999999999890e+00
1.563547540312500000e+09	6.668000000000000149e+00	1.000999999999999890e+00
1.563547540484375000e+09	6.668000000000000149e+00	1.000999999999999890e+00
1.563547540578125000e+09	6.669999999999999929e+00	1.000999999999999890e+00
1.563547540687500000e+09	6.666999999999999815e+00	1.002000000000000002e+00
1.563547540796875000e+09	6.666000000000000369e+00	1.000999999999999890e+00
1.563547540906250000e+09	6.669999999999999929e+00	1.002000000000000002e+00
1.563547541140625000e+09	6.666999999999999815e+00	1.002000000000000002e+00
1.563547541375000000e+09	6.671000000000000263e+00	1.000999999999999890e+00
1.563547541671875000e+09	6.669999999999999929e+00	1.000999999999999890e+00
1.563547541781250000e+09	6.668999999999999595e+00	1.000999999999999890e+00
1.563547541875000000e+09	6.671000000000000263e+00	1.000999999999999890e+00
1.563547541984375000e+09	6.671000000000000263e+00	1.002000000000000002e+00
1.563547542078125000e+09	6.671000000000000263e+00	1.002000000000000002e+00
1.563547542312500000e+09	6.669999999999999929e+00	1.002000000000000002e+00
1.563547542625000000e+09	6.671000000000000263e+00	1.000999999999999890e+00
1.563547542781250000e+09	6.671000000000000263e+00	1.000999999999999890e+00
1.563547542890625000e+09	6.671999999999999709e+00	1.002000000000000002e+00
1.563547543000000000e+09	6.671000000000000263e+00	1.000999999999999890e+00
1.563547543093750000e+09	6.671999999999999709e+00	1.000000000000000000e+00
1.563547543203125000e+09	6.673000000000000043e+00	1.000999999999999890e+00
1.563547543421875000e+09	6.669999999999999929e+00	1.000999999999999890e+00
1.563547543703125000e+09	6.673000000000000043e+00	1.000999999999999890e+00
1.563547543890625000e+09	6.671999999999999709e+00	1.000999999999999890e+00
1.563547544000000000e+09	6.673000000000000043e+00	1.000999999999999890e+00
1.563547544109375000e+09	6.671999999999999709e+00	1.002000000000000002e+00
1.563547544203125000e+09	6.671000000000000263e+00	1.000999999999999890e+00
1.563547544312500000e+09	6.671999999999999709e+00	1.000999999999999890e+00
1.563547544562500000e+09	6.671000000000000263e+00	1.002000000000000002e+00
1.563547544843750000e+09	6.671000000000000263e+00	1.002000000000000002e+00
1.563547545000000000e+09	6.673000000000000043e+00	1.000999999999999890e+00
1.563547545109375000e+09	6.671000000000000263e+00	1.000999999999999890e+00
1.563547545218750000e+09	6.671000000000000263e+00	1.000999999999999890e+00
1.563547545312500000e+09	6.671000000000000263e+00	1.000999999999999890e+00
1.563547545421875000e+09	6.671000000000000263e+00	1.000000000000000000e+00
1.563547545546875000e+09	6.669999999999999929e+00	1.000999999999999890e+00
1.563547545875000000e+09	6.669999999999999929e+00	1.000999999999999890e+00
1.563547546109375000e+09	6.671000000000000263e+00	1.000999999999999890e+00
1.563547546218750000e+09	6.671000000000000263e+00	1.000999999999999890e+00
1.563547546312500000e+09	6.671000000000000263e+00	1.000999999999999890e+00
1.563547546421875000e+09	6.671000000000000263e+00	1.000999999999999890e+00
1.563547546531250000e+09	6.671000000000000263e+00	1.002000000000000002e+00
1.563547546750000000e+09	6.669999999999999929e+00	1.000999999999999890e+00
1.563547547000000000e+09	6.668999999999999595e+00	1.000999999999999890e+00
1.563547547218750000e+09	6.671000000000000263e+00	1.002000000000000002e+00
1.563547547328125000e+09	6.669999999999999929e+00	1.000999999999999890e+00
1.563547547421875000e+09	6.668000000000000149e+00	1.000999999999999890e+00
1.563547547531250000e+09	6.666999999999999815e+00	1.000999999999999890e+00
1.563547547640625000e+09	6.668000000000000149e+00	1.000999999999999890e+00
1.563547547890625000e+09	6.668999999999999595e+00	1.000999999999999890e+00
1.563547548156250000e+09	6.668000000000000149e+00	1.000999999999999890e+00
1.563547548328125000e+09	6.671000000000000263e+00	1.002000000000000002e+00
1.563547548437500000e+09	6.669999999999999929e+00	1.000999999999999890e+00
1.563547548546875000e+09	6.671000000000000263e+00	1.002000000000000002e+00
1.563547548656250000e+09	6.669999999999999929e+00	1.000999999999999890e+00
1.563547548750000000e+09	6.671000000000000263e+00	1.000999999999999890e+00
1.563547549046875000e+09	6.673000000000000043e+00	1.000999999999999890e+00
1.563547549375000000e+09	6.671000000000000263e+00	1.000999999999999890e+00
1.563547549531250000e+09	6.671999999999999709e+00	1.000999999999999890e+00
1.563547549625000000e+09	6.669999999999999929e+00	1.002000000000000002e+00
1.563547549734375000e+09	6.671999999999999709e+00	1.002000000000000002e+00
1.563547549843750000e+09	6.671999999999999709e+00	1.000999999999999890e+00
1.563547549937500000e+09	6.671000000000000263e+00	1.000999999999999890e+00
1.563547550125000000e+09	6.671999999999999709e+00	1.000999999999999890e+00
1.563547550437500000e+09	6.673000000000000043e+00	1.002000000000000002e+00
1.563547550625000000e+09	6.673000000000000043e+00	1.002000000000000002e+00
1.563547550718750000e+09	6.673000000000000043e+00	1.000999999999999890e+00
1.563547550828125000e+09	6.673000000000000043e+00	1.000999999999999890e+00
1.563547550921875000e+09	6.671000000000000263e+00	1.002000000000000002e+00
1.563547551031250000e+09	6.671999999999999709e+00	1.000999999999999890e+00
1.563547551171875000e+09	6.671000000000000263e+00	1.002000000000000002e+00
1.563547551515625000e+09	6.671000000000000263e+00	1.002000000000000002e+00
1.563547551734375000e+09	6.668999999999999595e+00	1.000999999999999890e+00
1.563547551843750000e+09	6.671000000000000263e+00	1.002000000000000002e+00
1.563547551937500000e+09	6.671999999999999709e+00	1.000999999999999890e+00
1.563547552046875000e+09	6.671000000000000263e+00	1.000000000000000000e+00
1.563547552156250000e+09	6.671000000000000263e+00	1.002000000000000002e+00
1.563547552375000000e+09	6.671000000000000263e+00	1.000999999999999890e+00
1.563547552687500000e+09	6.671000000000000263e+00	1.000999999999999890e+00
1.563547552843750000e+09	6.671000000000000263e+00	1.000999999999999890e+00
1.563547552953125000e+09	6.671999999999999709e+00	1.002000000000000002e+00
1.563547553062500000e+09	6.671999999999999709e+00	1.002000000000000002e+00
1.563547553156250000e+09	6.673000000000000043e+00	1.002000000000000002e+00
1.563547553265625000e+09	6.673000000000000043e+00	1.002000000000000002e+00
1.563547553453125000e+09	6.671999999999999709e+00	1.000999999999999890e+00
1.563547553750000000e+09	6.673000000000000043e+00	1.000999999999999890e+00
1.563547553953125000e+09	6.671999999999999709e+00	1.000999999999999890e+00
1.563547554062500000e+09	6.671999999999999709e+00	1.000999999999999890e+00
1.563547554171875000e+09	6.671000000000000263e+00	1.002000000000000002e+00
1.563547554265625000e+09	6.673000000000000043e+00	1.000999999999999890e+00
1.563547554375000000e+09	6.671000000000000263e+00	1.000999999999999890e+00
1.563547554578125000e+09	6.671000000000000263e+00	1.000999999999999890e+00
1.563547554875000000e+09	6.671999999999999709e+00	1.000000000000000000e+00
1.563547555062500000e+09	6.671000000000000263e+00	1.002000000000000002e+00
1.563547555171875000e+09	6.673000000000000043e+00	1.000999999999999890e+00
1.563547555265625000e+09	6.671000000000000263e+00	1.002000000000000002e+00
1.563547555375000000e+09	6.671999999999999709e+00	1.002000000000000002e+00
1.563547555484375000e+09	6.669999999999999929e+00	1.000999999999999890e+00
1.563547555640625000e+09	6.669999999999999929e+00	1.000999999999999890e+00
1.563547555953125000e+09	6.673000000000000043e+00	1.002000000000000002e+00
1.563547556125000000e+09	6.669999999999999929e+00	1.000999999999999890e+00
1.563547556234375000e+09	6.671000000000000263e+00	1.000000000000000000e+00
1.563547556328125000e+09	6.671000000000000263e+00	1.000999999999999890e+00
1.563547556437500000e+09	6.671999999999999709e+00	1.000999999999999890e+00
1.563547556546875000e+09	6.671000000000000263e+00	1.000999999999999890e+00
1.563547556640625000e+09	6.673000000000000043e+00	1.000999999999999890e+00
1.563547556937500000e+09	6.671999999999999709e+00	1.000999999999999890e+00
1.563547557203125000e+09	6.671000000000000263e+00	1.000999999999999890e+00
1.563547557359375000e+09	6.671000000000000263e+00	1.002000000000000002e+00
1.563547557468750000e+09	6.671000000000000263e+00	1.000999999999999890e+00
1.563547557562500000e+09	6.671000000000000263e+00	1.000999999999999890e+00
1.563547557671875000e+09	6.671000000000000263e+00	1.002000000000000002e+00
1.563547557781250000e+09	6.671999999999999709e+00	1.002000000000000002e+00
1.563547558015625000e+09	6.673000000000000043e+00	1.000999999999999890e+00
1.563547558250000000e+09	6.671999999999999709e+00	1.002000000000000002e+00
1.563547558468750000e+09	6.673000000000000043e+00	1.000999999999999890e+00
1.563547558578125000e+09	6.673000000000000043e+00	1.000999999999999890e+00
1.563547558671875000e+09	6.673000000000000043e+00	1.002000000000000002e+00
1.563547558781250000e+09	6.673000000000000043e+00	1.002000000000000002e+00
1.563547558890625000e+09	6.671000000000000263e+00	1.002000000000000002e+00
1.563547559125000000e+09	6.673000000000000043e+00	1.002000000000000002e+00
1.563547559359375000e+09	6.673000000000000043e+00	1.002000000000000002e+00
1.563547559531250000e+09	6.671999999999999709e+00	1.002000000000000002e+00
1.563547559656250000e+09	6.671000000000000263e+00	1.002000000000000002e+00
1.563547559750000000e+09	6.671999999999999709e+00	1.000999999999999890e+00
1.563547559859375000e+09	6.673000000000000043e+00	1.000999999999999890e+00
1.563547559953125000e+09	6.671999999999999709e+00	1.002000000000000002e+00
1.563547560062500000e+09	6.673000000000000043e+00	1.000999999999999890e+00
1.563547560375000000e+09	6.671999999999999709e+00	1.002000000000000002e+00
1.563547560609375000e+09	6.671000000000000263e+00	1.000999999999999890e+00
1.563547560750000000e+09	6.671000000000000263e+00	1.000999999999999890e+00
1.563547560859375000e+09	6.671000000000000263e+00	1.002000000000000002e+00
1.563547560968750000e+09	6.673000000000000043e+00	1.002000000000000002e+00
1.563547561062500000e+09	6.671000000000000263e+00	1.002000000000000002e+00
1.563547561171875000e+09	6.671000000000000263e+00	1.002000000000000002e+00
1.563547561484375000e+09	6.669999999999999929e+00	1.000999999999999890e+00
1.563547561734375000e+09	6.671999999999999709e+00	1.000999999999999890e+00
1.563547561890625000e+09	6.671000000000000263e+00	1.002000000000000002e+00
1.563547562000000000e+09	6.671000000000000263e+00	1.002000000000000002e+00
1.563547562109375000e+09	6.671000000000000263e+00	1.000999999999999890e+00
1.563547562203125000e+09	6.669999999999999929e+00	1.002000000000000002e+00
1.563547562312500000e+09	6.668999999999999595e+00	1.002000000000000002e+00
1.563547562625000000e+09	6.668999999999999595e+00	1.000999999999999890e+00
1.563547562812500000e+09	6.668999999999999595e+00	1.000999999999999890e+00
1.563547562968750000e+09	6.671000000000000263e+00	1.002000000000000002e+00
1.563547563078125000e+09	6.669999999999999929e+00	1.000999999999999890e+00
1.563547563171875000e+09	6.671000000000000263e+00	1.002000000000000002e+00
1.563547563281250000e+09	6.671000000000000263e+00	1.000999999999999890e+00
1.563547563390625000e+09	6.671999999999999709e+00	1.000999999999999890e+00
1.563547563609375000e+09	6.673000000000000043e+00	1.000999999999999890e+00
1.563547563953125000e+09	6.669999999999999929e+00	1.000999999999999890e+00
1.563547564125000000e+09	6.671999999999999709e+00	1.000999999999999890e+00
1.563547564234375000e+09	6.671999999999999709e+00	1.002000000000000002e+00
1.563547564343750000e+09	6.671999999999999709e+00	1.000999999999999890e+00
1.563547564437500000e+09	6.671999999999999709e+00	1.002000000000000002e+00
1.563547564546875000e+09	6.671000000000000263e+00	1.000999999999999890e+00
1.563547564640625000e+09	6.671000000000000263e+00	1.002000000000000002e+00
1.563547564984375000e+09	6.671000000000000263e+00	1.002000000000000002e+00
1.563547565125000000e+09	6.671000000000000263e+00	1.002000000000000002e+00
1.563547565296875000e+09	6.669999999999999929e+00	1.000999999999999890e+00
1.563547565406250000e+09	6.673000000000000043e+00	1.000999999999999890e+00
1.563547565500000000e+09	6.673000000000000043e+00	1.000999999999999890e+00
1.563547565609375000e+09	6.671000000000000263e+00	1.000999999999999890e+00
1.563547565703125000e+09	6.673000000000000043e+00	1.000999999999999890e+00
1.563547565953125000e+09	6.673000000000000043e+00	1.000999999999999890e+00
1.563547566187500000e+09	6.673000000000000043e+00	1.002000000000000002e+00
1.563547566343750000e+09	6.673000000000000043e+00	1.000999999999999890e+00
1.563547566453125000e+09	6.673000000000000043e+00	1.000000000000000000e+00
1.563547566562500000e+09	6.671999999999999709e+00	1.002000000000000002e+00
1.563547566671875000e+09	6.673000000000000043e+00	1.000999999999999890e+00
1.563547566765625000e+09	6.671999999999999709e+00	1.002000000000000002e+00
1.563547566875000000e+09	6.671999999999999709e+00	1.002000000000000002e+00
1.563547567156250000e+09	6.673000000000000043e+00	1.000999999999999890e+00
1.563547567375000000e+09	6.674999999999999822e+00	1.000999999999999890e+00
1.563547567531250000e+09	6.673000000000000043e+00	1.000999999999999890e+00
1.563547567640625000e+09	6.673000000000000043e+00	1.000999999999999890e+00
1.563547567750000000e+09	6.673000000000000043e+00	1.000999999999999890e+00
1.563547567859375000e+09	6.674000000000000377e+00	1.002000000000000002e+00
1.563547567953125000e+09	6.673000000000000043e+00	1.000999999999999890e+00
1.563547568187500000e+09	6.674000000000000377e+00	1.000999999999999890e+00
1.563547568390625000e+09	6.671999999999999709e+00	1.000999999999999890e+00
1.563547568578125000e+09	6.673000000000000043e+00	1.000999999999999890e+00
1.563547568718750000e+09	6.673000000000000043e+00	1.002000000000000002e+00
1.563547568828125000e+09	6.671000000000000263e+00	1.000000000000000000e+00
1.563547568937500000e+09	6.671999999999999709e+00	1.002000000000000002e+00
1.563547569031250000e+09	6.671999999999999709e+00	1.002000000000000002e+00
1.563547569140625000e+09	6.673000000000000043e+00	1.002000000000000002e+00
1.563547569453125000e+09	6.673000000000000043e+00	1.000999999999999890e+00
1.563547569687500000e+09	6.673000000000000043e+00	1.000999999999999890e+00
1.563547569843750000e+09	6.673000000000000043e+00	1.000999999999999890e+00
1.563547569937500000e+09	6.673000000000000043e+00	1.000999999999999890e+00
1.563547570046875000e+09	6.673000000000000043e+00	1.000999999999999890e+00
1.563547570140625000e+09	6.671000000000000263e+00	1.000999999999999890e+00
1.563547570250000000e+09	6.671000000000000263e+00	1.000999999999999890e+00
1.563547570515625000e+09	6.671000000000000263e+00	1.000999999999999890e+00
1.563547570750000000e+09	6.671999999999999709e+00	1.002000000000000002e+00
1.563547570921875000e+09	6.673000000000000043e+00	1.000999999999999890e+00
1.563547571015625000e+09	6.673000000000000043e+00	1.000999999999999890e+00
1.563547571125000000e+09	6.673000000000000043e+00	1.000999999999999890e+00
1.563547571234375000e+09	6.674000000000000377e+00	1.000999999999999890e+00
1.563547571328125000e+09	6.671999999999999709e+00	1.002000000000000002e+00
1.563547571578125000e+09	6.673000000000000043e+00	1.002000000000000002e+00
1.563547571921875000e+09	6.673000000000000043e+00	1.002000000000000002e+00
1.563547572109375000e+09	6.673000000000000043e+00	1.000999999999999890e+00
1.563547572203125000e+09	6.673000000000000043e+00	1.002000000000000002e+00
1.563547572312500000e+09	6.674000000000000377e+00	1.000999999999999890e+00
1.563547572406250000e+09	6.673000000000000043e+00	1.000999999999999890e+00
1.563547572515625000e+09	6.673000000000000043e+00	1.000999999999999890e+00
1.563547572640625000e+09	6.673000000000000043e+00	1.002000000000000002e+00
1.563547573015625000e+09	6.673000000000000043e+00	1.002000000000000002e+00
1.563547573156250000e+09	6.674999999999999822e+00	1.000000000000000000e+00
1.563547573296875000e+09	6.674999999999999822e+00	1.000999999999999890e+00
1.563547573406250000e+09	6.674999999999999822e+00	1.000999999999999890e+00
1.563547573500000000e+09	6.673000000000000043e+00	1.002000000000000002e+00
1.563547573609375000e+09	6.673000000000000043e+00	1.000999999999999890e+00
1.563547573703125000e+09	6.674999999999999822e+00	1.000000000000000000e+00
1.563547574062500000e+09	6.674999999999999822e+00	1.000999999999999890e+00
1.563547574203125000e+09	6.674000000000000377e+00	1.002000000000000002e+00
1.563547574375000000e+09	6.674000000000000377e+00	1.000999999999999890e+00
1.563547574484375000e+09	6.674999999999999822e+00	1.002000000000000002e+00
1.563547574578125000e+09	6.676999999999999602e+00	1.002000000000000002e+00
1.563547574687500000e+09	6.674999999999999822e+00	1.000999999999999890e+00
1.563547574781250000e+09	6.674999999999999822e+00	1.000999999999999890e+00
1.563547575093750000e+09	6.676000000000000156e+00	1.000999999999999890e+00
1.563547575390625000e+09	6.676000000000000156e+00	1.002000000000000002e+00
1.563547575546875000e+09	6.674999999999999822e+00	1.002000000000000002e+00
1.563547575640625000e+09	6.674999999999999822e+00	1.002000000000000002e+00
1.563547575750000000e+09	6.674999999999999822e+00	1.000999999999999890e+00
1.563547575859375000e+09	6.674999999999999822e+00	1.000999999999999890e+00
1.563547575953125000e+09	6.676999999999999602e+00	1.000999999999999890e+00
1.563547576218750000e+09	6.676000000000000156e+00	1.002000000000000002e+00
1.563547576453125000e+09	6.674999999999999822e+00	1.000999999999999890e+00
1.563547576625000000e+09	6.674999999999999822e+00	1.000999999999999890e+00
1.563547576718750000e+09	6.674000000000000377e+00	1.002000000000000002e+00
1.563547576828125000e+09	6.674999999999999822e+00	1.000999999999999890e+00
1.563547576921875000e+09	6.674000000000000377e+00	1.002000000000000002e+00
1.563547577031250000e+09	6.673000000000000043e+00	1.002000000000000002e+00
1.563547577171875000e+09	6.673000000000000043e+00	1.000999999999999890e+00
1.563547577515625000e+09	6.674000000000000377e+00	1.000999999999999890e+00
1.563547577656250000e+09	6.674999999999999822e+00	1.000999999999999890e+00
1.563547577796875000e+09	6.674000000000000377e+00	1.000999999999999890e+00
1.563547577906250000e+09	6.674999999999999822e+00	1.002000000000000002e+00
1.563547578000000000e+09	6.674999999999999822e+00	1.000999999999999890e+00
1.563547578109375000e+09	6.673000000000000043e+00	1.002000000000000002e+00
1.563547578218750000e+09	6.674999999999999822e+00	1.002000000000000002e+00
1.563547578484375000e+09	6.673000000000000043e+00	1.002000000000000002e+00
1.563547578734375000e+09	6.674000000000000377e+00	1.000999999999999890e+00
1.563547578937500000e+09	6.674000000000000377e+00	1.000999999999999890e+00
1.563547579046875000e+09	6.674999999999999822e+00	1.000999999999999890e+00
1.563547579140625000e+09	6.674000000000000377e+00	1.000999999999999890e+00
1.563547579250000000e+09	6.674000000000000377e+00	1.000999999999999890e+00
1.563547579359375000e+09	6.674000000000000377e+00	1.000999999999999890e+00
1.563547579640625000e+09	6.673000000000000043e+00	1.000999999999999890e+00
1.563547579890625000e+09	6.674000000000000377e+00	1.000999999999999890e+00
1.563547580078125000e+09	6.674999999999999822e+00	1.000999999999999890e+00
1.563547580171875000e+09	6.673000000000000043e+00	1.002000000000000002e+00
1.563547580281250000e+09	6.674999999999999822e+00	1.000999999999999890e+00
1.563547580375000000e+09	6.673000000000000043e+00	1.000999999999999890e+00
1.563547580484375000e+09	6.673000000000000043e+00	1.000999999999999890e+00
1.563547580609375000e+09	6.671000000000000263e+00	1.000999999999999890e+00
1.563547580968750000e+09	6.673000000000000043e+00	1.000999999999999890e+00
1.563547581109375000e+09	6.671999999999999709e+00	1.002000000000000002e+00
1.563547581250000000e+09	6.673000000000000043e+00	1.000999999999999890e+00
1.563547581359375000e+09	6.671999999999999709e+00	1.002000000000000002e+00
1.563547581468750000e+09	6.671999999999999709e+00	1.000999999999999890e+00
1.563547581562500000e+09	6.674000000000000377e+00	1.002000000000000002e+00
1.563547581671875000e+09	6.671999999999999709e+00	1.002000000000000002e+00
1.563547582078125000e+09	6.674000000000000377e+00	1.000999999999999890e+00
1.563547582281250000e+09	6.676999999999999602e+00	1.000999999999999890e+00
1.563547582390625000e+09	6.674999999999999822e+00	1.000999999999999890e+00
1.563547582500000000e+09	6.674999999999999822e+00	1.000999999999999890e+00
1.563547582593750000e+09	6.674000000000000377e+00	1.000999999999999890e+00
1.563547582703125000e+09	6.674999999999999822e+00	1.000999999999999890e+00
1.563547582953125000e+09	6.674000000000000377e+00	1.000999999999999890e+00
1.563547583218750000e+09	6.674999999999999822e+00	1.000999999999999890e+00
1.563547583390625000e+09	6.674999999999999822e+00	1.000999999999999890e+00
1.563547583484375000e+09	6.674999999999999822e+00	1.000999999999999890e+00
1.563547583593750000e+09	6.674000000000000377e+00	1.000999999999999890e+00
1.563547583687500000e+09	6.674000000000000377e+00	1.000999999999999890e+00
1.563547583796875000e+09	6.674999999999999822e+00	1.000999999999999890e+00
1.563547584046875000e+09	6.674000000000000377e+00	1.000999999999999890e+00
1.563547584265625000e+09	6.673000000000000043e+00	1.002000000000000002e+00
1.563547584484375000e+09	6.673000000000000043e+00	1.002000000000000002e+00
1.563547584578125000e+09	6.674000000000000377e+00	1.002000000000000002e+00
1.563547584687500000e+09	6.674999999999999822e+00	1.002000000000000002e+00
1.563547584781250000e+09	6.674999999999999822e+00	1.000999999999999890e+00
1.563547584890625000e+09	6.673000000000000043e+00	1.002000000000000002e+00
1.563547585125000000e+09	6.674000000000000377e+00	1.000999999999999890e+00
1.563547585359375000e+09	6.673000000000000043e+00	1.000999999999999890e+00
1.563547585546875000e+09	6.673000000000000043e+00	1.000999999999999890e+00
1.563547585656250000e+09	6.674000000000000377e+00	1.002000000000000002e+00
1.563547585765625000e+09	6.674000000000000377e+00	1.000999999999999890e+00
1.563547585859375000e+09	6.674000000000000377e+00	1.000999999999999890e+00
1.563547585968750000e+09	6.673000000000000043e+00	1.000999999999999890e+00
1.563547586265625000e+09	6.674000000000000377e+00	1.002000000000000002e+00
1.563547586515625000e+09	6.676000000000000156e+00	1.000999999999999890e+00
1.563547586703125000e+09	6.674000000000000377e+00	1.000999999999999890e+00
1.563547586812500000e+09	6.676999999999999602e+00	1.000999999999999890e+00
1.563547586921875000e+09	6.676000000000000156e+00	1.002000000000000002e+00
1.563547587031250000e+09	6.674999999999999822e+00	1.002000000000000002e+00
1.563547587125000000e+09	6.674999999999999822e+00	1.002000000000000002e+00
1.563547587359375000e+09	6.673000000000000043e+00	1.002000000000000002e+00
1.563547587625000000e+09	6.674999999999999822e+00	1.000999999999999890e+00
1.563547587812500000e+09	6.674999999999999822e+00	1.000999999999999890e+00
1.563547587906250000e+09	6.676000000000000156e+00	1.002000000000000002e+00
1.563547588015625000e+09	6.673000000000000043e+00	1.000999999999999890e+00
1.563547588125000000e+09	6.676000000000000156e+00	1.000999999999999890e+00
1.563547588218750000e+09	6.674000000000000377e+00	1.000999999999999890e+00
1.563547588453125000e+09	6.674999999999999822e+00	1.002000000000000002e+00
1.563547588703125000e+09	6.674999999999999822e+00	1.002000000000000002e+00
1.563547588890625000e+09	6.674999999999999822e+00	1.000999999999999890e+00
1.563547589000000000e+09	6.674999999999999822e+00	1.002000000000000002e+00
1.563547589093750000e+09	6.674000000000000377e+00	1.000999999999999890e+00
1.563547589203125000e+09	6.676000000000000156e+00	1.002000000000000002e+00
1.563547589296875000e+09	6.674999999999999822e+00	1.000999999999999890e+00
1.563547589578125000e+09	6.674999999999999822e+00	1.000999999999999890e+00
1.563547589875000000e+09	6.674000000000000377e+00	1.000999999999999890e+00
1.563547590031250000e+09	6.674999999999999822e+00	1.000999999999999890e+00
1.563547590125000000e+09	6.674999999999999822e+00	1.000999999999999890e+00
1.563547590234375000e+09	6.673000000000000043e+00	1.002000000000000002e+00
1.563547590343750000e+09	6.674999999999999822e+00	1.000999999999999890e+00
1.563547590437500000e+09	6.674999999999999822e+00	1.000999999999999890e+00
1.563547590765625000e+09	6.674000000000000377e+00	1.000999999999999890e+00
1.563547590968750000e+09	6.674999999999999822e+00	1.000999999999999890e+00
1.563547591093750000e+09	6.676999999999999602e+00	1.002000000000000002e+00
1.563547591203125000e+09	6.676000000000000156e+00	1.000999999999999890e+00
1.563547591312500000e+09	6.676000000000000156e+00	1.000999999999999890e+00
1.563547591406250000e+09	6.676999999999999602e+00	1.002000000000000002e+00
1.563547591515625000e+09	6.674999999999999822e+00	1.002000000000000002e+00
1.563547591812500000e+09	6.676999999999999602e+00	1.002000000000000002e+00
1.563547592031250000e+09	6.674999999999999822e+00	1.002000000000000002e+00
1.563547592187500000e+09	6.676999999999999602e+00	1.002000000000000002e+00
1.563547592281250000e+09	6.674999999999999822e+00	1.002000000000000002e+00
1.563547592390625000e+09	6.674999999999999822e+00	1.002000000000000002e+00
1.563547592484375000e+09	6.673000000000000043e+00	1.000999999999999890e+00
1.563547592593750000e+09	6.674999999999999822e+00	1.002000000000000002e+00
1.563547592890625000e+09	6.676999999999999602e+00	1.002000000000000002e+00
1.563547593187500000e+09	6.674000000000000377e+00	1.002000000000000002e+00
1.563547593343750000e+09	6.674999999999999822e+00	1.002000000000000002e+00
1.563547593453125000e+09	6.673000000000000043e+00	1.000999999999999890e+00
1.563547593546875000e+09	6.674999999999999822e+00	1.000999999999999890e+00
1.563547593656250000e+09	6.674999999999999822e+00	1.000999999999999890e+00
1.563547593765625000e+09	6.674999999999999822e+00	1.000999999999999890e+00
1.563547594062500000e+09	6.674999999999999822e+00	1.000999999999999890e+00
1.563547594281250000e+09	6.674999999999999822e+00	1.000999999999999890e+00
1.563547594437500000e+09	6.674999999999999822e+00	1.000999999999999890e+00
1.563547594531250000e+09	6.676999999999999602e+00	1.002000000000000002e+00
1.563547594640625000e+09	6.673000000000000043e+00	1.000999999999999890e+00
1.563547594734375000e+09	6.674999999999999822e+00	1.000999999999999890e+00
1.563547594843750000e+09	6.676999999999999602e+00	1.000999999999999890e+00
1.563547595140625000e+09	6.673000000000000043e+00	1.000999999999999890e+00
1.563547595359375000e+09	6.674999999999999822e+00	1.000999999999999890e+00
1.563547595500000000e+09	6.674999999999999822e+00	1.000999999999999890e+00
1.563547595609375000e+09	6.676000000000000156e+00	1.000999999999999890e+00
1.563547595703125000e+09	6.674000000000000377e+00	1.000999999999999890e+00
1.563547595812500000e+09	6.674000000000000377e+00	1.000999999999999890e+00
1.563547595921875000e+09	6.674999999999999822e+00	1.002000000000000002e+00
1.563547596140625000e+09	6.673000000000000043e+00	1.000999999999999890e+00
1.563547596343750000e+09	6.674999999999999822e+00	1.000999999999999890e+00
1.563547596546875000e+09	6.674999999999999822e+00	1.002000000000000002e+00
1.563547596640625000e+09	6.674999999999999822e+00	1.000999999999999890e+00
1.563547596750000000e+09	6.674999999999999822e+00	1.000999999999999890e+00
1.563547596843750000e+09	6.674999999999999822e+00	1.002000000000000002e+00
1.563547596953125000e+09	6.674999999999999822e+00	1.000999999999999890e+00
1.563547597078125000e+09	6.674000000000000377e+00	1.000999999999999890e+00
1.563547597390625000e+09	6.673000000000000043e+00	1.000999999999999890e+00
1.563547597609375000e+09	6.674999999999999822e+00	1.000999999999999890e+00
1.563547597718750000e+09	6.674999999999999822e+00	1.000999999999999890e+00
1.563547597828125000e+09	6.676000000000000156e+00	1.002000000000000002e+00
1.563547597921875000e+09	6.676000000000000156e+00	1.000999999999999890e+00
1.563547598031250000e+09	6.674999999999999822e+00	1.000999999999999890e+00
1.563547598156250000e+09	6.673000000000000043e+00	1.000999999999999890e+00
1.563547598515625000e+09	6.676999999999999602e+00	1.000999999999999890e+00
1.563547598718750000e+09	6.673000000000000043e+00	1.000999999999999890e+00
1.563547598812500000e+09	6.674999999999999822e+00	1.000999999999999890e+00
1.563547598921875000e+09	6.674000000000000377e+00	1.000999999999999890e+00
1.563547599015625000e+09	6.674999999999999822e+00	1.000999999999999890e+00
1.563547599125000000e+09	6.676000000000000156e+00	1.002000000000000002e+00
1.563547599390625000e+09	6.674000000000000377e+00	1.000999999999999890e+00
1.563547599593750000e+09	6.674000000000000377e+00	1.002000000000000002e+00
1.563547599781250000e+09	6.674999999999999822e+00	1.002000000000000002e+00
1.563547599890625000e+09	6.674999999999999822e+00	1.000999999999999890e+00
1.563547599984375000e+09	6.674999999999999822e+00	1.002000000000000002e+00
1.563547600093750000e+09	6.674000000000000377e+00	1.000999999999999890e+00
1.563547600203125000e+09	6.674000000000000377e+00	1.000999999999999890e+00
1.563547600468750000e+09	6.674000000000000377e+00	1.000999999999999890e+00
1.563547600781250000e+09	6.674000000000000377e+00	1.000999999999999890e+00
1.563547600968750000e+09	6.673000000000000043e+00	1.000999999999999890e+00
1.563547601078125000e+09	6.673000000000000043e+00	1.000999999999999890e+00
1.563547601187500000e+09	6.671999999999999709e+00	1.002000000000000002e+00
1.563547601281250000e+09	6.671999999999999709e+00	1.000999999999999890e+00
1.563547601390625000e+09	6.673000000000000043e+00	1.002000000000000002e+00
1.563547601609375000e+09	6.673000000000000043e+00	1.000999999999999890e+00
1.563547601906250000e+09	6.673000000000000043e+00	1.000999999999999890e+00
1.563547602062500000e+09	6.673000000000000043e+00	1.000999999999999890e+00
1.563547602171875000e+09	6.674000000000000377e+00	1.002000000000000002e+00
1.563547602265625000e+09	6.674999999999999822e+00	1.000999999999999890e+00
1.563547602375000000e+09	6.674000000000000377e+00	1.000999999999999890e+00
1.563547602484375000e+09	6.673000000000000043e+00	1.002000000000000002e+00
1.563547602703125000e+09	6.674000000000000377e+00	1.000999999999999890e+00
1.563547602921875000e+09	6.673000000000000043e+00	1.000999999999999890e+00
1.563547603078125000e+09	6.674000000000000377e+00	1.000999999999999890e+00
1.563547603203125000e+09	6.671000000000000263e+00	1.002000000000000002e+00
1.563547603296875000e+09	6.673000000000000043e+00	1.000999999999999890e+00
1.563547603406250000e+09	6.674000000000000377e+00	1.002000000000000002e+00
1.563547603515625000e+09	6.674000000000000377e+00	1.000999999999999890e+00
1.563547603609375000e+09	6.674999999999999822e+00	1.000999999999999890e+00
1.563547603984375000e+09	6.674000000000000377e+00	1.002000000000000002e+00
1.563547604125000000e+09	6.674999999999999822e+00	1.000999999999999890e+00
1.563547604250000000e+09	6.676000000000000156e+00	1.000999999999999890e+00
1.563547604359375000e+09	6.674999999999999822e+00	1.000999999999999890e+00
1.563547604453125000e+09	6.674999999999999822e+00	1.002000000000000002e+00
1.563547604562500000e+09	6.676000000000000156e+00	1.000999999999999890e+00
1.563547604671875000e+09	6.676999999999999602e+00	1.000999999999999890e+00
1.563547604906250000e+09	6.676999999999999602e+00	1.000999999999999890e+00
1.563547605125000000e+09	6.676000000000000156e+00	1.000999999999999890e+00
1.563547605343750000e+09	6.676999999999999602e+00	1.000999999999999890e+00
1.563547605656250000e+09	-0.000000000000000000e+00	1.000000000000000021e-02
1.563547605765625000e+09	-0.000000000000000000e+00	8.999999999999999320e-03
1.563547605968750000e+09	-0.000000000000000000e+00	8.000000000000000167e-03
1.563547606218750000e+09	-0.000000000000000000e+00	7.000000000000000146e-03
1.563547606437500000e+09	-0.000000000000000000e+00	6.000000000000000125e-03
1.563547606546875000e+09	-0.000000000000000000e+00	7.000000000000000146e-03
1.563547606656250000e+09	-0.000000000000000000e+00	7.000000000000000146e-03
1.563547606750000000e+09	-0.000000000000000000e+00	6.000000000000000125e-03
1.563547606859375000e+09	-0.000000000000000000e+00	6.000000000000000125e-03
1.563547607046875000e+09	-0.000000000000000000e+00	6.000000000000000125e-03
1.563547607312500000e+09	-0.000000000000000000e+00	6.000000000000000125e-03
1.563547607437500000e+09	-0.000000000000000000e+00	6.000000000000000125e-03
1.563547607593750000e+09	-0.000000000000000000e+00	6.000000000000000125e-03
1.563547607718750000e+09	-0.000000000000000000e+00	6.000000000000000125e-03
1.563547607828125000e+09	-0.000000000000000000e+00	6.000000000000000125e-03
1.563547607937500000e+09	-0.000000000000000000e+00	6.000000000000000125e-03
1.563547608046875000e+09	-0.000000000000000000e+00	6.000000000000000125e-03
1.563547608156250000e+09	-0.000000000000000000e+00	6.000000000000000125e-03
1.563547608500000000e+09	-0.000000000000000000e+00	6.000000000000000125e-03
1.563547608781250000e+09	-0.000000000000000000e+00	6.000000000000000125e-03
1.563547608937500000e+09	-0.000000000000000000e+00	6.000000000000000125e-03
1.563547609046875000e+09	-0.000000000000000000e+00	6.000000000000000125e-03
