# UNIX time, Current (A), PS Voltage (V), REF Voltage (V)
# SAMPLE_SURFACE = 94.3
# SAMPLE_NAME = WTh_batch3
# COATING_STEP = 1
1.563546295671875000e+09	-0.000000000000000000e+00	-0.000000000000000000e+00
1.563546295781250000e+09	-0.000000000000000000e+00	-0.000000000000000000e+00
1.563546295875000000e+09	-0.000000000000000000e+00	-0.000000000000000000e+00
1.563546295984375000e+09	-0.000000000000000000e+00	-0.000000000000000000e+00
1.563546296093750000e+09	-0.000000000000000000e+00	-0.000000000000000000e+00
1.563546296187500000e+09	-0.000000000000000000e+00	-0.000000000000000000e+00
1.563546296296875000e+09	-0.000000000000000000e+00	-0.000000000000000000e+00
1.563546296390625000e+09	-0.000000000000000000e+00	-0.000000000000000000e+00
1.563546296500000000e+09	-0.000000000000000000e+00	-0.000000000000000000e+00
1.563546296593750000e+09	-0.000000000000000000e+00	-0.000000000000000000e+00
1.563546296843750000e+09	-0.000000000000000000e+00	-0.000000000000000000e+00
1.563546296984375000e+09	-0.000000000000000000e+00	-0.000000000000000000e+00
1.563546297125000000e+09	-0.000000000000000000e+00	-0.000000000000000000e+00
1.563546297218750000e+09	-0.000000000000000000e+00	-0.000000000000000000e+00
1.563546297328125000e+09	-0.000000000000000000e+00	-0.000000000000000000e+00
1.563546297421875000e+09	-0.000000000000000000e+00	-0.000000000000000000e+00
1.563546297531250000e+09	-0.000000000000000000e+00	-0.000000000000000000e+00
1.563546297734375000e+09	-0.000000000000000000e+00	-0.000000000000000000e+00
1.563546298000000000e+09	-0.000000000000000000e+00	-0.000000000000000000e+00
1.563546298312500000e+09	6.347999999999999865e+00	1.000999999999999890e+00
1.563546298421875000e+09	6.389000000000000234e+00	1.000999999999999890e+00
1.563546298515625000e+09	6.456999999999999851e+00	1.000999999999999890e+00
1.563546298625000000e+09	6.506000000000000227e+00	1.000999999999999890e+00
1.563546299078125000e+09	6.573999999999999844e+00	1.000999999999999890e+00
1.563546299312500000e+09	6.615000000000000213e+00	1.002000000000000002e+00
1.563546299421875000e+09	6.623000000000000220e+00	1.000999999999999890e+00
1.563546299531250000e+09	6.628999999999999559e+00	1.000999999999999890e+00
1.563546299625000000e+09	6.634000000000000341e+00	1.000999999999999890e+00
1.563546299734375000e+09	6.637999999999999901e+00	1.000999999999999890e+00
1.563546300015625000e+09	6.642000000000000348e+00	1.002000000000000002e+00
1.563546300250000000e+09	6.650999999999999801e+00	1.002000000000000002e+00
1.563546300421875000e+09	6.658000000000000362e+00	1.000999999999999890e+00
1.563546300531250000e+09	6.663000000000000256e+00	1.002000000000000002e+00
1.563546300625000000e+09	6.665000000000000036e+00	1.000999999999999890e+00
1.563546300734375000e+09	6.665000000000000036e+00	1.002000000000000002e+00
1.563546300843750000e+09	6.668000000000000149e+00	1.002000000000000002e+00
1.563546301109375000e+09	6.671000000000000263e+00	1.000999999999999890e+00
1.563546301375000000e+09	6.676999999999999602e+00	1.002000000000000002e+00
1.563546301546875000e+09	6.679999999999999716e+00	1.000999999999999890e+00
1.563546301656250000e+09	6.682000000000000384e+00	1.000999999999999890e+00
1.563546301765625000e+09	6.682999999999999829e+00	1.000999999999999890e+00
1.563546301859375000e+09	6.684000000000000163e+00	1.002000000000000002e+00
1.563546301968750000e+09	6.687999999999999723e+00	1.000999999999999890e+00
1.563546302156250000e+09	6.687999999999999723e+00	1.000999999999999890e+00
1.563546302515625000e+09	6.690000000000000391e+00	1.000999999999999890e+00
1.563546302671875000e+09	6.692999999999999616e+00	1.002000000000000002e+00
1.563546302781250000e+09	6.695999999999999730e+00	1.002000000000000002e+00
1.563546302890625000e+09	6.697000000000000064e+00	1.002000000000000002e+00
1.563546302984375000e+09	6.698999999999999844e+00	1.002000000000000002e+00
1.563546303093750000e+09	6.698000000000000398e+00	1.000999999999999890e+00
1.563546303343750000e+09	6.700000000000000178e+00	1.002000000000000002e+00
1.563546303609375000e+09	6.703000000000000291e+00	1.002000000000000002e+00
1.563546303781250000e+09	6.705000000000000071e+00	1.000999999999999890e+00
1.563546303875000000e+09	6.705000000000000071e+00	1.000999999999999890e+00
1.563546303984375000e+09	6.706000000000000405e+00	1.002000000000000002e+00
1.563546304078125000e+09	6.706000000000000405e+00	1.002000000000000002e+00
1.563546304187500000e+09	6.706000000000000405e+00	1.002000000000000002e+00
1.563546304500000000e+09	6.706999999999999851e+00	1.000999999999999890e+00
1.563546304718750000e+09	6.709999999999999964e+00	1.000999999999999890e+00
1.563546304890625000e+09	6.709999999999999964e+00	1.000999999999999890e+00
1.563546305000000000e+09	6.711000000000000298e+00	1.002000000000000002e+00
1.563546305093750000e+09	6.711000000000000298e+00	1.002000000000000002e+00
1.563546305203125000e+09	6.711999999999999744e+00	1.002000000000000002e+00
1.563546305312500000e+09	6.713000000000000078e+00	1.000999999999999890e+00
1.563546305640625000e+09	6.711999999999999744e+00	1.000999999999999890e+00
1.563546305968750000e+09	6.714000000000000412e+00	1.000999999999999890e+00
1.563546306062500000e+09	6.714999999999999858e+00	1.000999999999999890e+00
1.563546306171875000e+09	6.714999999999999858e+00	1.000999999999999890e+00
1.563546306265625000e+09	6.714000000000000412e+00	1.000999999999999890e+00
1.563546306375000000e+09	6.714999999999999858e+00	1.000999999999999890e+00
1.563546306656250000e+09	6.716999999999999638e+00	1.002000000000000002e+00
1.563546306984375000e+09	6.719000000000000306e+00	1.002000000000000002e+00
1.563546307171875000e+09	6.719000000000000306e+00	1.000999999999999890e+00
1.563546307281250000e+09	6.719000000000000306e+00	1.000999999999999890e+00
1.563546307375000000e+09	6.719000000000000306e+00	1.000999999999999890e+00
1.563546307484375000e+09	6.722000000000000419e+00	1.002000000000000002e+00
1.563546307593750000e+09	6.722999999999999865e+00	1.000999999999999890e+00
1.563546308046875000e+09	6.722000000000000419e+00	1.002000000000000002e+00
1.563546308265625000e+09	6.724999999999999645e+00	1.000999999999999890e+00
1.563546308359375000e+09	6.725999999999999979e+00	1.000999999999999890e+00
1.563546308468750000e+09	6.724999999999999645e+00	1.000999999999999890e+00
1.563546308578125000e+09	6.724999999999999645e+00	1.000999999999999890e+00
1.563546308671875000e+09	6.724000000000000199e+00	1.000999999999999890e+00
1.563546308875000000e+09	6.724999999999999645e+00	1.000999999999999890e+00
1.563546309171875000e+09	6.725999999999999979e+00	1.002000000000000002e+00
1.563546309328125000e+09	6.725999999999999979e+00	1.002000000000000002e+00
1.563546309437500000e+09	6.727000000000000313e+00	1.000999999999999890e+00
1.563546309531250000e+09	6.724000000000000199e+00	1.000999999999999890e+00
1.563546309640625000e+09	6.725999999999999979e+00	1.002000000000000002e+00
1.563546309750000000e+09	6.727999999999999758e+00	1.000999999999999890e+00
1.563546310031250000e+09	6.727999999999999758e+00	1.000999999999999890e+00
1.563546310265625000e+09	6.725999999999999979e+00	1.000999999999999890e+00
1.563546310421875000e+09	6.727999999999999758e+00	1.000999999999999890e+00
1.563546310531250000e+09	6.727999999999999758e+00	1.000999999999999890e+00
1.563546310625000000e+09	6.727999999999999758e+00	1.002000000000000002e+00
1.563546310734375000e+09	6.727999999999999758e+00	1.000999999999999890e+00
1.563546310843750000e+09	6.727000000000000313e+00	1.000999999999999890e+00
1.563546311078125000e+09	6.727000000000000313e+00	1.000999999999999890e+00
1.563546311312500000e+09	6.730000000000000426e+00	1.000999999999999890e+00
1.563546311468750000e+09	6.727999999999999758e+00	1.000000000000000000e+00
1.563546311593750000e+09	6.729000000000000092e+00	1.000999999999999890e+00
1.563546311687500000e+09	6.730000000000000426e+00	1.002000000000000002e+00
1.563546311796875000e+09	6.727999999999999758e+00	1.000999999999999890e+00
1.563546311906250000e+09	6.730000000000000426e+00	1.002000000000000002e+00
1.563546312015625000e+09	6.730000000000000426e+00	1.002000000000000002e+00
1.563546312468750000e+09	6.729000000000000092e+00	1.000999999999999890e+00
1.563546312640625000e+09	6.730000000000000426e+00	1.000999999999999890e+00
1.563546312750000000e+09	6.730000000000000426e+00	1.000999999999999890e+00
1.563546312859375000e+09	6.730000000000000426e+00	1.000999999999999890e+00
1.563546312968750000e+09	6.730999999999999872e+00	1.000000000000000000e+00
1.563546313062500000e+09	6.732000000000000206e+00	1.000999999999999890e+00
1.563546313375000000e+09	6.732000000000000206e+00	1.000999999999999890e+00
1.563546313718750000e+09	6.732999999999999652e+00	1.000999999999999890e+00
1.563546313890625000e+09	6.732000000000000206e+00	1.000999999999999890e+00
1.563546314000000000e+09	6.732000000000000206e+00	1.000999999999999890e+00
1.563546314093750000e+09	6.732999999999999652e+00	1.002000000000000002e+00
1.563546314203125000e+09	6.732000000000000206e+00	1.002000000000000002e+00
1.563546314312500000e+09	6.732000000000000206e+00	1.000999999999999890e+00
1.563546314765625000e+09	6.732999999999999652e+00	1.000999999999999890e+00
1.563546314921875000e+09	6.733999999999999986e+00	1.002000000000000002e+00
1.563546315015625000e+09	6.735000000000000320e+00	1.002000000000000002e+00
1.563546315125000000e+09	6.733999999999999986e+00	1.000999999999999890e+00
1.563546315234375000e+09	6.733999999999999986e+00	1.000999999999999890e+00
1.563546315328125000e+09	6.732999999999999652e+00	1.000999999999999890e+00
1.563546315609375000e+09	6.732999999999999652e+00	1.002000000000000002e+00
1.563546315906250000e+09	6.730999999999999872e+00	1.002000000000000002e+00
1.563546316046875000e+09	6.732000000000000206e+00	1.000999999999999890e+00
1.563546316156250000e+09	6.732000000000000206e+00	1.000999999999999890e+00
1.563546316250000000e+09	6.732000000000000206e+00	1.000999999999999890e+00
1.563546316359375000e+09	6.735000000000000320e+00	1.002000000000000002e+00
1.563546316468750000e+09	6.735000000000000320e+00	1.002000000000000002e+00
1.563546316937500000e+09	6.733999999999999986e+00	1.002000000000000002e+00
1.563546317093750000e+09	6.735000000000000320e+00	1.000999999999999890e+00
1.563546317187500000e+09	6.733999999999999986e+00	1.000999999999999890e+00
1.563546317296875000e+09	6.732000000000000206e+00	1.000999999999999890e+00
1.563546317390625000e+09	6.733999999999999986e+00	1.000999999999999890e+00
1.563546317500000000e+09	6.733999999999999986e+00	1.002000000000000002e+00
1.563546317812500000e+09	6.735000000000000320e+00	1.000999999999999890e+00
1.563546318093750000e+09	6.732999999999999652e+00	1.000999999999999890e+00
1.563546318187500000e+09	6.735999999999999766e+00	1.000999999999999890e+00
1.563546318296875000e+09	6.733999999999999986e+00	1.000999999999999890e+00
1.563546318390625000e+09	6.735999999999999766e+00	1.000999999999999890e+00
1.563546318500000000e+09	6.735999999999999766e+00	1.000999999999999890e+00
1.563546318609375000e+09	6.735000000000000320e+00	1.002000000000000002e+00
1.563546319078125000e+09	6.735999999999999766e+00	1.000999999999999890e+00
1.563546319234375000e+09	6.732999999999999652e+00	1.000999999999999890e+00
1.563546319343750000e+09	6.735999999999999766e+00	1.002000000000000002e+00
1.563546319453125000e+09	6.735999999999999766e+00	1.000999999999999890e+00
1.563546319546875000e+09	6.733999999999999986e+00	1.002000000000000002e+00
1.563546319656250000e+09	6.733999999999999986e+00	1.000999999999999890e+00
1.563546319921875000e+09	6.735999999999999766e+00	1.002000000000000002e+00
1.563546320234375000e+09	6.735999999999999766e+00	1.002000000000000002e+00
1.563546320359375000e+09	6.735999999999999766e+00	1.000999999999999890e+00
1.563546320468750000e+09	6.735999999999999766e+00	1.000999999999999890e+00
1.563546320578125000e+09	6.733999999999999986e+00	1.002000000000000002e+00
1.563546320671875000e+09	6.735000000000000320e+00	1.000999999999999890e+00
1.563546320781250000e+09	6.735999999999999766e+00	1.000999999999999890e+00
1.563546321250000000e+09	6.733999999999999986e+00	1.000999999999999890e+00
1.563546321406250000e+09	6.737000000000000099e+00	1.002000000000000002e+00
1.563546321531250000e+09	6.737000000000000099e+00	1.000999999999999890e+00
1.563546321625000000e+09	6.735000000000000320e+00	1.002000000000000002e+00
1.563546321734375000e+09	6.733999999999999986e+00	1.002000000000000002e+00
1.563546321843750000e+09	6.735999999999999766e+00	1.002000000000000002e+00
1.563546321937500000e+09	6.735999999999999766e+00	1.002000000000000002e+00
1.563546322156250000e+09	6.735000000000000320e+00	1.000999999999999890e+00
1.563546322421875000e+09	6.735999999999999766e+00	1.000999999999999890e+00
1.563546322578125000e+09	6.735999999999999766e+00	1.002000000000000002e+00
1.563546322687500000e+09	6.735999999999999766e+00	1.000999999999999890e+00
1.563546322781250000e+09	6.735999999999999766e+00	1.000999999999999890e+00
1.563546322890625000e+09	6.733999999999999986e+00	1.002000000000000002e+00
1.563546323000000000e+09	6.733999999999999986e+00	1.002000000000000002e+00
1.563546323281250000e+09	6.733999999999999986e+00	1.002000000000000002e+00
1.563546323578125000e+09	6.732999999999999652e+00	1.002000000000000002e+00
1.563546323703125000e+09	6.732999999999999652e+00	1.002000000000000002e+00
1.563546323812500000e+09	6.732999999999999652e+00	1.000999999999999890e+00
1.563546323921875000e+09	6.735000000000000320e+00	1.000999999999999890e+00
1.563546324015625000e+09	6.733999999999999986e+00	1.002000000000000002e+00
1.563546324125000000e+09	6.733999999999999986e+00	1.002000000000000002e+00
1.563546324546875000e+09	6.735000000000000320e+00	1.000999999999999890e+00
1.563546324750000000e+09	6.733999999999999986e+00	1.002000000000000002e+00
1.563546324859375000e+09	6.732000000000000206e+00	1.002000000000000002e+00
1.563546324953125000e+09	6.733999999999999986e+00	1.000999999999999890e+00
1.563546325062500000e+09	6.732000000000000206e+00	1.000999999999999890e+00
1.563546325171875000e+09	6.733999999999999986e+00	1.000999999999999890e+00
1.563546325421875000e+09	6.732999999999999652e+00	1.002000000000000002e+00
1.563546325703125000e+09	6.732000000000000206e+00	1.002000000000000002e+00
1.563546325906250000e+09	6.735000000000000320e+00	1.002000000000000002e+00
1.563546326000000000e+09	6.732999999999999652e+00	1.000999999999999890e+00
1.563546326109375000e+09	6.733999999999999986e+00	1.000999999999999890e+00
1.563546326203125000e+09	6.733999999999999986e+00	1.000999999999999890e+00
1.563546326312500000e+09	6.733999999999999986e+00	1.000999999999999890e+00
1.563546326718750000e+09	6.733999999999999986e+00	1.002000000000000002e+00
1.563546326937500000e+09	6.732999999999999652e+00	1.002000000000000002e+00
1.563546327046875000e+09	6.732000000000000206e+00	1.000999999999999890e+00
1.563546327140625000e+09	6.730999999999999872e+00	1.000999999999999890e+00
1.563546327250000000e+09	6.732000000000000206e+00	1.000999999999999890e+00
1.563546327359375000e+09	6.733999999999999986e+00	1.000999999999999890e+00
1.563546327656250000e+09	6.732999999999999652e+00	1.000999999999999890e+00
1.563546327890625000e+09	6.732999999999999652e+00	1.002000000000000002e+00
1.563546328062500000e+09	6.732000000000000206e+00	1.000999999999999890e+00
1.563546328156250000e+09	6.732000000000000206e+00	1.000999999999999890e+00
1.563546328265625000e+09	6.732000000000000206e+00	1.000999999999999890e+00
1.563546328359375000e+09	6.732999999999999652e+00	1.002000000000000002e+00
1.563546328468750000e+09	6.730999999999999872e+00	1.002000000000000002e+00
1.563546328671875000e+09	6.732000000000000206e+00	1.002000000000000002e+00
1.563546329046875000e+09	6.732000000000000206e+00	1.000999999999999890e+00
1.563546329218750000e+09	6.730000000000000426e+00	1.000999999999999890e+00
1.563546329328125000e+09	6.730999999999999872e+00	1.002000000000000002e+00
1.563546329437500000e+09	6.730999999999999872e+00	1.000999999999999890e+00
1.563546329531250000e+09	6.730000000000000426e+00	1.002000000000000002e+00
1.563546329640625000e+09	6.730000000000000426e+00	1.002000000000000002e+00
1.563546329921875000e+09	6.727999999999999758e+00	1.000000000000000000e+00
1.563546330171875000e+09	6.730000000000000426e+00	1.002000000000000002e+00
1.563546330328125000e+09	6.729000000000000092e+00	1.000999999999999890e+00
1.563546330437500000e+09	6.730000000000000426e+00	1.000999999999999890e+00
1.563546330531250000e+09	6.730000000000000426e+00	1.000999999999999890e+00
1.563546330640625000e+09	6.730999999999999872e+00	1.000999999999999890e+00
1.563546330750000000e+09	6.730999999999999872e+00	1.000999999999999890e+00
1.563546331046875000e+09	6.729000000000000092e+00	1.000999999999999890e+00
1.563546331250000000e+09	6.729000000000000092e+00	1.000999999999999890e+00
1.563546331421875000e+09	6.727999999999999758e+00	1.002000000000000002e+00
1.563546331515625000e+09	6.727999999999999758e+00	1.000999999999999890e+00
1.563546331625000000e+09	6.727999999999999758e+00	1.002000000000000002e+00
1.563546331734375000e+09	6.725999999999999979e+00	1.000999999999999890e+00
1.563546331828125000e+09	6.727000000000000313e+00	1.000999999999999890e+00
1.563546332140625000e+09	6.729000000000000092e+00	1.000999999999999890e+00
1.563546332390625000e+09	6.727999999999999758e+00	1.000999999999999890e+00
1.563546332562500000e+09	6.727000000000000313e+00	1.000999999999999890e+00
1.563546332671875000e+09	6.727000000000000313e+00	1.000999999999999890e+00
1.563546332781250000e+09	6.727999999999999758e+00	1.000999999999999890e+00
1.563546332875000000e+09	6.727999999999999758e+00	1.000999999999999890e+00
1.563546332984375000e+09	6.727999999999999758e+00	1.002000000000000002e+00
1.563546333390625000e+09	6.725999999999999979e+00	1.000999999999999890e+00
1.563546333562500000e+09	6.727000000000000313e+00	1.000999999999999890e+00
1.563546333687500000e+09	6.725999999999999979e+00	1.000999999999999890e+00
1.563546333796875000e+09	6.725999999999999979e+00	1.002000000000000002e+00
1.563546333890625000e+09	6.725999999999999979e+00	1.000999999999999890e+00
1.563546334000000000e+09	6.727000000000000313e+00	1.002000000000000002e+00
1.563546334093750000e+09	6.727000000000000313e+00	1.002000000000000002e+00
1.563546334531250000e+09	6.727000000000000313e+00	1.000999999999999890e+00
1.563546334750000000e+09	6.725999999999999979e+00	1.002000000000000002e+00
1.563546334843750000e+09	6.724999999999999645e+00	1.000999999999999890e+00
1.563546334953125000e+09	6.724999999999999645e+00	1.000999999999999890e+00
1.563546335046875000e+09	6.724999999999999645e+00	1.002000000000000002e+00
1.563546335156250000e+09	6.725999999999999979e+00	1.002000000000000002e+00
1.563546335312500000e+09	6.727000000000000313e+00	1.000999999999999890e+00
1.563546335765625000e+09	6.725999999999999979e+00	1.002000000000000002e+00
1.563546335984375000e+09	6.725999999999999979e+00	1.002000000000000002e+00
1.563546336093750000e+09	6.724000000000000199e+00	1.002000000000000002e+00
1.563546336187500000e+09	6.722999999999999865e+00	1.000999999999999890e+00
1.563546336296875000e+09	6.724999999999999645e+00	1.002000000000000002e+00
1.563546336390625000e+09	6.725999999999999979e+00	1.002000000000000002e+00
1.563546336812500000e+09	6.724999999999999645e+00	1.002000000000000002e+00
1.563546336968750000e+09	6.724999999999999645e+00	1.002000000000000002e+00
1.563546337109375000e+09	6.722999999999999865e+00	1.000999999999999890e+00
1.563546337218750000e+09	6.722999999999999865e+00	1.002000000000000002e+00
1.563546337312500000e+09	6.724999999999999645e+00	1.002000000000000002e+00
1.563546337421875000e+09	6.724999999999999645e+00	1.002000000000000002e+00
1.563546337515625000e+09	6.724000000000000199e+00	1.002000000000000002e+00
1.563546337937500000e+09	6.724000000000000199e+00	1.002000000000000002e+00
1.563546338078125000e+09	6.722000000000000419e+00	1.002000000000000002e+00
1.563546338187500000e+09	6.721000000000000085e+00	1.000999999999999890e+00
1.563546338296875000e+09	6.721000000000000085e+00	1.000999999999999890e+00
1.563546338406250000e+09	6.721000000000000085e+00	1.002000000000000002e+00
1.563546338500000000e+09	6.721000000000000085e+00	1.002000000000000002e+00
1.563546338609375000e+09	6.721000000000000085e+00	1.000999999999999890e+00
1.563546339015625000e+09	6.719000000000000306e+00	1.000999999999999890e+00
1.563546339218750000e+09	6.719000000000000306e+00	1.000999999999999890e+00
1.563546339328125000e+09	6.719000000000000306e+00	1.002000000000000002e+00
1.563546339437500000e+09	6.719000000000000306e+00	1.000999999999999890e+00
1.563546339546875000e+09	6.719000000000000306e+00	1.000999999999999890e+00
1.563546339640625000e+09	6.719999999999999751e+00	1.000999999999999890e+00
1.563546339750000000e+09	6.717999999999999972e+00	1.002000000000000002e+00
1.563546340171875000e+09	6.719000000000000306e+00	1.002000000000000002e+00
1.563546340312500000e+09	6.716999999999999638e+00	1.000999999999999890e+00
1.563546340453125000e+09	6.716999999999999638e+00	1.002000000000000002e+00
1.563546340562500000e+09	6.716000000000000192e+00	1.002000000000000002e+00
1.563546340656250000e+09	6.716999999999999638e+00	1.002000000000000002e+00
1.563546340765625000e+09	6.716999999999999638e+00	1.000999999999999890e+00
1.563546340859375000e+09	6.714999999999999858e+00	1.000999999999999890e+00
1.563546341281250000e+09	6.714999999999999858e+00	1.000999999999999890e+00
1.563546341437500000e+09	6.714000000000000412e+00	1.002000000000000002e+00
1.563546341562500000e+09	6.714999999999999858e+00	1.000999999999999890e+00
1.563546341656250000e+09	6.714000000000000412e+00	1.000999999999999890e+00
1.563546341765625000e+09	6.714000000000000412e+00	1.002000000000000002e+00
1.563546341875000000e+09	6.714999999999999858e+00	1.000999999999999890e+00
1.563546341968750000e+09	6.714000000000000412e+00	1.002000000000000002e+00
1.563546342218750000e+09	6.713000000000000078e+00	1.000999999999999890e+00
1.563546342515625000e+09	6.714000000000000412e+00	1.002000000000000002e+00
1.563546342656250000e+09	6.711999999999999744e+00	1.002000000000000002e+00
1.563546342750000000e+09	6.714000000000000412e+00	1.002000000000000002e+00
1.563546342859375000e+09	6.713000000000000078e+00	1.000999999999999890e+00
1.563546342968750000e+09	6.713000000000000078e+00	1.000999999999999890e+00
1.563546343062500000e+09	6.713000000000000078e+00	1.000999999999999890e+00
1.563546343406250000e+09	6.711000000000000298e+00	1.002000000000000002e+00
1.563546343687500000e+09	6.709999999999999964e+00	1.000999999999999890e+00
1.563546343843750000e+09	6.709999999999999964e+00	1.000999999999999890e+00
1.563546343937500000e+09	6.711999999999999744e+00	1.002000000000000002e+00
1.563546344046875000e+09	6.709999999999999964e+00	1.000999999999999890e+00
1.563546344156250000e+09	6.708000000000000185e+00	1.000999999999999890e+00
1.563546344250000000e+09	6.708999999999999631e+00	1.002000000000000002e+00
1.563546344578125000e+09	6.708000000000000185e+00	1.002000000000000002e+00
1.563546344843750000e+09	6.708999999999999631e+00	1.000999999999999890e+00
1.563546344937500000e+09	6.708999999999999631e+00	1.002000000000000002e+00
1.563546345046875000e+09	6.706000000000000405e+00	1.000999999999999890e+00
1.563546345156250000e+09	6.706000000000000405e+00	1.000000000000000000e+00
1.563546345250000000e+09	6.706000000000000405e+00	1.002000000000000002e+00
1.563546345421875000e+09	6.706000000000000405e+00	1.002000000000000002e+00
1.563546345750000000e+09	6.706999999999999851e+00	1.000000000000000000e+00
1.563546345937500000e+09	6.705000000000000071e+00	1.000999999999999890e+00
1.563546346031250000e+09	6.703999999999999737e+00	1.000999999999999890e+00
1.563546346140625000e+09	6.706000000000000405e+00	1.000999999999999890e+00
1.563546346234375000e+09	6.705000000000000071e+00	1.000999999999999890e+00
1.563546346343750000e+09	6.703999999999999737e+00	1.000999999999999890e+00
1.563546346468750000e+09	6.703999999999999737e+00	1.000999999999999890e+00
1.563546346812500000e+09	6.703000000000000291e+00	1.000999999999999890e+00
1.563546346953125000e+09	6.700999999999999623e+00	1.000999999999999890e+00
1.563546347093750000e+09	6.700999999999999623e+00	1.000999999999999890e+00
1.563546347187500000e+09	6.698999999999999844e+00	1.000999999999999890e+00
1.563546347296875000e+09	6.698999999999999844e+00	1.000999999999999890e+00
1.563546347406250000e+09	6.700000000000000178e+00	1.002000000000000002e+00
1.563546347500000000e+09	6.700999999999999623e+00	1.002000000000000002e+00
1.563546347906250000e+09	6.700999999999999623e+00	1.002000000000000002e+00
1.563546348125000000e+09	6.698000000000000398e+00	1.000999999999999890e+00
1.563546348218750000e+09	6.698000000000000398e+00	1.000999999999999890e+00
1.563546348328125000e+09	6.695999999999999730e+00	1.000999999999999890e+00
1.563546348437500000e+09	6.697000000000000064e+00	1.002000000000000002e+00
1.563546348531250000e+09	6.697000000000000064e+00	1.002000000000000002e+00
1.563546348703125000e+09	6.697000000000000064e+00	1.000999999999999890e+00
1.563546349046875000e+09	6.695000000000000284e+00	1.000999999999999890e+00
1.563546349218750000e+09	6.695999999999999730e+00	1.000999999999999890e+00
1.563546349312500000e+09	6.695000000000000284e+00	1.000999999999999890e+00
1.563546349421875000e+09	6.695000000000000284e+00	1.000999999999999890e+00
1.563546349531250000e+09	6.692999999999999616e+00	1.000999999999999890e+00
1.563546349625000000e+09	6.692999999999999616e+00	1.000999999999999890e+00
1.563546349937500000e+09	6.692999999999999616e+00	1.000999999999999890e+00
1.563546350156250000e+09	6.692000000000000171e+00	1.002000000000000002e+00
1.563546350390625000e+09	6.692999999999999616e+00	1.000999999999999890e+00
1.563546350500000000e+09	6.692000000000000171e+00	1.000999999999999890e+00
1.563546350593750000e+09	6.692000000000000171e+00	1.000999999999999890e+00
1.563546350703125000e+09	6.690999999999999837e+00	1.000999999999999890e+00
1.563546350812500000e+09	6.690999999999999837e+00	1.000999999999999890e+00
1.563546351078125000e+09	6.690000000000000391e+00	1.002000000000000002e+00
1.563546351281250000e+09	6.690000000000000391e+00	1.002000000000000002e+00
1.563546351484375000e+09	6.687999999999999723e+00	1.002000000000000002e+00
1.563546351593750000e+09	6.687000000000000277e+00	1.000999999999999890e+00
1.563546351687500000e+09	6.687000000000000277e+00	1.000999999999999890e+00
1.563546351796875000e+09	6.687999999999999723e+00	1.000999999999999890e+00
1.563546351890625000e+09	6.687999999999999723e+00	1.002000000000000002e+00
1.563546352187500000e+09	6.685999999999999943e+00	1.000999999999999890e+00
1.563546352468750000e+09	6.684999999999999609e+00	1.002000000000000002e+00
1.563546352640625000e+09	6.684000000000000163e+00	1.002000000000000002e+00
1.563546352734375000e+09	6.684000000000000163e+00	1.002000000000000002e+00
1.563546352843750000e+09	6.684000000000000163e+00	1.000999999999999890e+00
1.563546352937500000e+09	6.682000000000000384e+00	1.000999999999999890e+00
1.563546353046875000e+09	6.682000000000000384e+00	1.000999999999999890e+00
1.563546353468750000e+09	6.681000000000000050e+00	1.000999999999999890e+00
1.563546353671875000e+09	6.682000000000000384e+00	1.000999999999999890e+00
1.563546353781250000e+09	6.682000000000000384e+00	1.002000000000000002e+00
1.563546353875000000e+09	6.681000000000000050e+00	1.000999999999999890e+00
1.563546353984375000e+09	6.682000000000000384e+00	1.000999999999999890e+00
1.563546354093750000e+09	6.679999999999999716e+00	1.000999999999999890e+00
1.563546354390625000e+09	6.677999999999999936e+00	1.002000000000000002e+00
1.563546354671875000e+09	6.677999999999999936e+00	1.000999999999999890e+00
1.563546354812500000e+09	6.677999999999999936e+00	1.000999999999999890e+00
1.563546354921875000e+09	6.676999999999999602e+00	1.002000000000000002e+00
1.563546355015625000e+09	6.677999999999999936e+00	1.000999999999999890e+00
1.563546355125000000e+09	6.676999999999999602e+00	1.002000000000000002e+00
1.563546355234375000e+09	6.676000000000000156e+00	1.002000000000000002e+00
1.563546355656250000e+09	6.674999999999999822e+00	1.000999999999999890e+00
1.563546355859375000e+09	6.673000000000000043e+00	1.002000000000000002e+00
1.563546355968750000e+09	6.674000000000000377e+00	1.002000000000000002e+00
1.563546356078125000e+09	6.673000000000000043e+00	1.000999999999999890e+00
1.563546356171875000e+09	6.673000000000000043e+00	1.000999999999999890e+00
1.563546356281250000e+09	6.671999999999999709e+00	1.002000000000000002e+00
1.563546356562500000e+09	6.673000000000000043e+00	1.000999999999999890e+00
1.563546356812500000e+09	6.671000000000000263e+00	1.000999999999999890e+00
1.563546356968750000e+09	6.671000000000000263e+00	1.002000000000000002e+00
1.563546357062500000e+09	6.668999999999999595e+00	1.002000000000000002e+00
1.563546357171875000e+09	6.668999999999999595e+00	1.000999999999999890e+00
1.563546357281250000e+09	6.666999999999999815e+00	1.000999999999999890e+00
1.563546357375000000e+09	6.668999999999999595e+00	1.000999999999999890e+00
1.563546357625000000e+09	6.668999999999999595e+00	1.000999999999999890e+00
1.563546357968750000e+09	6.666999999999999815e+00	1.000999999999999890e+00
1.563546358125000000e+09	6.666999999999999815e+00	1.002000000000000002e+00
1.563546358234375000e+09	6.666999999999999815e+00	1.002000000000000002e+00
1.563546358343750000e+09	6.666999999999999815e+00	1.002000000000000002e+00
1.563546358437500000e+09	6.666999999999999815e+00	1.000999999999999890e+00
1.563546358546875000e+09	6.666999999999999815e+00	1.000999999999999890e+00
1.563546358750000000e+09	6.666000000000000369e+00	1.000999999999999890e+00
1.563546359078125000e+09	6.663999999999999702e+00	1.002000000000000002e+00
1.563546359218750000e+09	6.665000000000000036e+00	1.002000000000000002e+00
1.563546359328125000e+09	6.665000000000000036e+00	1.002000000000000002e+00
1.563546359437500000e+09	6.661999999999999922e+00	1.000999999999999890e+00
1.563546359531250000e+09	6.663999999999999702e+00	1.002000000000000002e+00
1.563546359640625000e+09	6.663000000000000256e+00	1.000999999999999890e+00
1.563546359734375000e+09	6.663999999999999702e+00	1.000999999999999890e+00
1.563546360093750000e+09	6.660999999999999588e+00	1.000999999999999890e+00
1.563546360265625000e+09	6.660000000000000142e+00	1.002000000000000002e+00
1.563546360406250000e+09	6.658999999999999808e+00	1.000999999999999890e+00
1.563546360515625000e+09	6.660000000000000142e+00	1.000999999999999890e+00
1.563546360625000000e+09	6.660000000000000142e+00	1.000999999999999890e+00
1.563546360734375000e+09	6.660000000000000142e+00	1.000999999999999890e+00
1.563546360828125000e+09	6.660000000000000142e+00	1.000999999999999890e+00
1.563546361171875000e+09	6.658000000000000362e+00	1.002000000000000002e+00
1.563546361359375000e+09	6.658000000000000362e+00	1.000999999999999890e+00
1.563546361515625000e+09	6.655999999999999694e+00	1.000999999999999890e+00
1.563546361609375000e+09	6.657000000000000028e+00	1.002000000000000002e+00
1.563546361718750000e+09	6.658000000000000362e+00	1.002000000000000002e+00
1.563546361828125000e+09	6.655999999999999694e+00	1.000999999999999890e+00
1.563546361921875000e+09	6.655999999999999694e+00	1.000999999999999890e+00
1.563546362296875000e+09	6.655999999999999694e+00	1.000999999999999890e+00
1.563546362484375000e+09	6.653999999999999915e+00	1.000999999999999890e+00
1.563546362625000000e+09	6.655000000000000249e+00	1.000999999999999890e+00
1.563546362734375000e+09	6.653999999999999915e+00	1.000999999999999890e+00
1.563546362828125000e+09	6.653999999999999915e+00	1.002000000000000002e+00
1.563546362937500000e+09	6.655000000000000249e+00	1.000999999999999890e+00
1.563546363031250000e+09	6.653999999999999915e+00	1.002000000000000002e+00
1.563546363359375000e+09	6.653999999999999915e+00	1.000999999999999890e+00
1.563546363578125000e+09	6.653999999999999915e+00	1.000999999999999890e+00
1.563546363718750000e+09	6.653999999999999915e+00	1.000999999999999890e+00
1.563546363828125000e+09	6.652999999999999581e+00	1.000999999999999890e+00
1.563546363921875000e+09	6.652999999999999581e+00	1.000999999999999890e+00
1.563546364031250000e+09	6.650999999999999801e+00	1.002000000000000002e+00
1.563546364140625000e+09	6.652000000000000135e+00	1.000999999999999890e+00
1.563546364531250000e+09	6.650999999999999801e+00	1.002000000000000002e+00
1.563546364703125000e+09	6.650000000000000355e+00	1.000999999999999890e+00
1.563546364828125000e+09	6.647000000000000242e+00	1.000999999999999890e+00
1.563546364921875000e+09	6.647999999999999687e+00	1.000999999999999890e+00
1.563546365031250000e+09	6.649000000000000021e+00	1.000999999999999890e+00
1.563546365140625000e+09	6.647999999999999687e+00	1.000999999999999890e+00
1.563546365234375000e+09	6.649000000000000021e+00	1.002000000000000002e+00
1.563546365593750000e+09	6.647000000000000242e+00	1.002000000000000002e+00
1.563546365843750000e+09	6.647000000000000242e+00	1.000999999999999890e+00
1.563546366000000000e+09	6.645999999999999908e+00	1.002000000000000002e+00
1.563546366109375000e+09	6.644000000000000128e+00	1.000999999999999890e+00
1.563546366203125000e+09	6.644999999999999574e+00	1.000999999999999890e+00
1.563546366312500000e+09	6.642999999999999794e+00	1.000999999999999890e+00
1.563546366421875000e+09	6.644999999999999574e+00	1.000999999999999890e+00
1.563546366828125000e+09	6.642999999999999794e+00	1.000999999999999890e+00
1.563546367031250000e+09	6.642999999999999794e+00	1.000999999999999890e+00
1.563546367140625000e+09	6.642000000000000348e+00	1.000999999999999890e+00
1.563546367234375000e+09	6.642999999999999794e+00	1.002000000000000002e+00
1.563546367343750000e+09	6.642000000000000348e+00	1.000999999999999890e+00
1.563546367453125000e+09	6.642000000000000348e+00	1.000999999999999890e+00
1.563546367546875000e+09	6.642000000000000348e+00	1.000999999999999890e+00
1.563546367953125000e+09	6.642000000000000348e+00	1.002000000000000002e+00
1.563546368125000000e+09	6.642000000000000348e+00	1.000999999999999890e+00
1.563546368250000000e+09	6.641000000000000014e+00	1.000999999999999890e+00
1.563546368343750000e+09	6.641000000000000014e+00	1.000999999999999890e+00
1.563546368453125000e+09	6.641000000000000014e+00	1.002000000000000002e+00
1.563546368546875000e+09	6.637999999999999901e+00	1.002000000000000002e+00
1.563546368656250000e+09	6.639999999999999680e+00	1.000999999999999890e+00
1.563546368953125000e+09	6.636999999999999567e+00	1.000999999999999890e+00
1.563546369203125000e+09	6.637999999999999901e+00	1.000999999999999890e+00
1.563546369343750000e+09	6.637999999999999901e+00	1.002000000000000002e+00
1.563546369453125000e+09	6.639000000000000234e+00	1.002000000000000002e+00
1.563546369562500000e+09	6.639999999999999680e+00	1.000999999999999890e+00
1.563546369671875000e+09	6.639000000000000234e+00	1.002000000000000002e+00
1.563546369765625000e+09	6.639000000000000234e+00	1.000000000000000000e+00
1.563546370109375000e+09	6.637999999999999901e+00	1.000999999999999890e+00
1.563546370265625000e+09	6.637999999999999901e+00	1.000999999999999890e+00
1.563546370406250000e+09	6.637999999999999901e+00	1.000999999999999890e+00
1.563546370515625000e+09	6.637999999999999901e+00	1.002000000000000002e+00
1.563546370609375000e+09	6.639000000000000234e+00	1.002000000000000002e+00
1.563546370718750000e+09	6.637999999999999901e+00	1.000999999999999890e+00
1.563546370828125000e+09	6.637999999999999901e+00	1.000999999999999890e+00
1.563546371093750000e+09	6.637999999999999901e+00	1.000999999999999890e+00
1.563546371296875000e+09	6.637999999999999901e+00	1.000999999999999890e+00
1.563546371515625000e+09	6.636999999999999567e+00	1.000999999999999890e+00
1.563546371625000000e+09	6.636999999999999567e+00	1.000999999999999890e+00
1.563546371718750000e+09	6.636000000000000121e+00	1.000999999999999890e+00
1.563546371828125000e+09	6.634999999999999787e+00	1.000999999999999890e+00
1.563546371937500000e+09	6.634000000000000341e+00	1.000999999999999890e+00
1.563546372125000000e+09	6.634000000000000341e+00	1.000999999999999890e+00
1.563546372453125000e+09	6.631999999999999673e+00	1.000999999999999890e+00
1.563546372687500000e+09	6.631999999999999673e+00	1.000999999999999890e+00
1.563546372796875000e+09	6.631999999999999673e+00	1.000999999999999890e+00
1.563546372906250000e+09	6.631999999999999673e+00	1.000999999999999890e+00
1.563546373015625000e+09	6.629999999999999893e+00	1.002000000000000002e+00
1.563546373109375000e+09	6.631000000000000227e+00	1.000999999999999890e+00
1.563546373359375000e+09	6.629999999999999893e+00	1.000999999999999890e+00
1.563546373640625000e+09	6.631000000000000227e+00	1.002000000000000002e+00
1.563546373812500000e+09	6.631000000000000227e+00	1.002000000000000002e+00
1.563546373921875000e+09	6.631999999999999673e+00	1.002000000000000002e+00
1.563546374015625000e+09	6.631000000000000227e+00	1.002000000000000002e+00
1.563546374125000000e+09	6.631000000000000227e+00	1.000999999999999890e+00
1.563546374234375000e+09	6.629999999999999893e+00	1.000999999999999890e+00
1.563546374500000000e+09	6.631000000000000227e+00	1.000999999999999890e+00
1.563546374750000000e+09	6.629999999999999893e+00	1.002000000000000002e+00
1.563546374921875000e+09	6.628999999999999559e+00	1.000999999999999890e+00
1.563546375031250000e+09	6.628999999999999559e+00	1.000999999999999890e+00
1.563546375140625000e+09	6.629999999999999893e+00	1.000999999999999890e+00
1.563546375234375000e+09	6.628999999999999559e+00	1.002000000000000002e+00
1.563546375343750000e+09	6.629999999999999893e+00	1.000999999999999890e+00
1.563546375625000000e+09	6.628000000000000114e+00	1.000999999999999890e+00
1.563546375921875000e+09	6.628000000000000114e+00	1.000999999999999890e+00
1.563546376078125000e+09	6.628999999999999559e+00	1.000999999999999890e+00
1.563546376171875000e+09	6.628999999999999559e+00	1.000999999999999890e+00
1.563546376281250000e+09	6.628999999999999559e+00	1.000999999999999890e+00
1.563546376390625000e+09	6.626999999999999780e+00	1.002000000000000002e+00
1.563546376484375000e+09	6.626999999999999780e+00	1.000999999999999890e+00
1.563546376750000000e+09	6.626999999999999780e+00	1.000999999999999890e+00
1.563546376984375000e+09	6.625000000000000000e+00	1.002000000000000002e+00
1.563546377156250000e+09	6.625000000000000000e+00	1.000999999999999890e+00
1.563546377250000000e+09	6.625000000000000000e+00	1.000999999999999890e+00
1.563546377359375000e+09	6.626000000000000334e+00	1.000999999999999890e+00
1.563546377453125000e+09	6.625000000000000000e+00	1.000999999999999890e+00
1.563546377562500000e+09	6.626999999999999780e+00	1.002000000000000002e+00
1.563546377828125000e+09	6.623999999999999666e+00	1.002000000000000002e+00
1.563546378109375000e+09	6.625000000000000000e+00	1.002000000000000002e+00
1.563546378281250000e+09	6.625000000000000000e+00	1.002000000000000002e+00
1.563546378390625000e+09	6.623000000000000220e+00	1.000999999999999890e+00
1.563546378484375000e+09	6.623000000000000220e+00	1.002000000000000002e+00
1.563546378593750000e+09	6.623000000000000220e+00	1.000999999999999890e+00
1.563546378687500000e+09	6.621000000000000441e+00	1.000999999999999890e+00
1.563546378921875000e+09	6.623999999999999666e+00	1.000999999999999890e+00
1.563546379156250000e+09	6.623000000000000220e+00	1.002000000000000002e+00
1.563546379328125000e+09	6.621999999999999886e+00	1.000999999999999890e+00
1.563546379453125000e+09	6.621999999999999886e+00	1.000999999999999890e+00
1.563546379562500000e+09	6.621999999999999886e+00	1.000999999999999890e+00
1.563546379656250000e+09	6.621999999999999886e+00	1.000999999999999890e+00
1.563546379765625000e+09	6.621000000000000441e+00	1.000999999999999890e+00
1.563546379859375000e+09	6.621000000000000441e+00	1.000999999999999890e+00
1.563546380234375000e+09	6.621999999999999886e+00	1.000999999999999890e+00
1.563546380437500000e+09	6.621000000000000441e+00	1.000999999999999890e+00
1.563546380593750000e+09	6.621000000000000441e+00	1.002000000000000002e+00
1.563546380703125000e+09	6.621000000000000441e+00	1.000999999999999890e+00
1.563546380796875000e+09	6.621000000000000441e+00	1.000999999999999890e+00
1.563546380906250000e+09	6.618999999999999773e+00	1.000999999999999890e+00
1.563546381000000000e+09	6.618000000000000327e+00	1.000999999999999890e+00
1.563546381140625000e+09	6.620000000000000107e+00	1.000999999999999890e+00
1.563546381484375000e+09	6.618000000000000327e+00	1.002000000000000002e+00
1.563546381656250000e+09	6.618999999999999773e+00	1.000999999999999890e+00
1.563546381765625000e+09	6.618000000000000327e+00	1.002000000000000002e+00
1.563546381875000000e+09	6.618999999999999773e+00	1.002000000000000002e+00
1.563546381968750000e+09	6.618000000000000327e+00	1.002000000000000002e+00
1.563546382078125000e+09	6.618999999999999773e+00	1.002000000000000002e+00
1.563546382187500000e+09	6.618999999999999773e+00	1.000999999999999890e+00
1.563546382578125000e+09	6.618000000000000327e+00	1.000999999999999890e+00
1.563546382750000000e+09	6.618000000000000327e+00	1.000999999999999890e+00
1.563546382890625000e+09	6.618000000000000327e+00	1.002000000000000002e+00
1.563546383000000000e+09	6.618000000000000327e+00	1.000999999999999890e+00
1.563546383093750000e+09	6.618000000000000327e+00	1.000999999999999890e+00
1.563546383203125000e+09	6.616999999999999993e+00	1.002000000000000002e+00
1.563546383312500000e+09	6.615999999999999659e+00	1.000999999999999890e+00
1.563546383656250000e+09	6.615999999999999659e+00	1.000999999999999890e+00
1.563546383890625000e+09	6.616999999999999993e+00	1.000999999999999890e+00
1.563546384015625000e+09	6.616999999999999993e+00	1.002000000000000002e+00
1.563546384125000000e+09	6.616999999999999993e+00	1.000999999999999890e+00
1.563546384218750000e+09	6.615999999999999659e+00	1.000000000000000000e+00
1.563546384328125000e+09	6.615000000000000213e+00	1.000999999999999890e+00
1.563546384421875000e+09	6.615000000000000213e+00	1.000999999999999890e+00
1.563546384718750000e+09	6.615000000000000213e+00	1.000999999999999890e+00
1.563546384984375000e+09	6.615000000000000213e+00	1.002000000000000002e+00
1.563546385140625000e+09	6.615999999999999659e+00	1.000999999999999890e+00
1.563546385250000000e+09	6.613999999999999879e+00	1.002000000000000002e+00
1.563546385343750000e+09	6.613999999999999879e+00	1.000999999999999890e+00
1.563546385453125000e+09	6.613000000000000433e+00	1.002000000000000002e+00
1.563546385546875000e+09	6.613999999999999879e+00	1.000999999999999890e+00
1.563546385953125000e+09	6.613999999999999879e+00	1.000999999999999890e+00
1.563546386125000000e+09	6.612000000000000099e+00	1.000999999999999890e+00
1.563546386265625000e+09	6.613000000000000433e+00	1.002000000000000002e+00
1.563546386359375000e+09	6.612000000000000099e+00	1.000999999999999890e+00
1.563546386468750000e+09	6.612000000000000099e+00	1.000999999999999890e+00
1.563546386578125000e+09	6.613000000000000433e+00	1.000999999999999890e+00
1.563546386671875000e+09	6.613000000000000433e+00	1.002000000000000002e+00
1.563546387015625000e+09	6.610999999999999766e+00	1.002000000000000002e+00
1.563546387234375000e+09	6.612000000000000099e+00	1.000999999999999890e+00
1.563546387453125000e+09	6.613999999999999879e+00	1.000999999999999890e+00
1.563546387546875000e+09	6.612000000000000099e+00	1.002000000000000002e+00
1.563546387656250000e+09	6.613999999999999879e+00	1.000999999999999890e+00
1.563546387750000000e+09	6.613999999999999879e+00	1.002000000000000002e+00
1.563546387859375000e+09	6.613000000000000433e+00	1.000999999999999890e+00
1.563546388156250000e+09	6.613999999999999879e+00	1.002000000000000002e+00
1.563546388375000000e+09	6.613999999999999879e+00	1.002000000000000002e+00
1.563546388515625000e+09	6.615000000000000213e+00	1.000999999999999890e+00
1.563546388625000000e+09	6.613000000000000433e+00	1.000999999999999890e+00
1.563546388718750000e+09	6.613000000000000433e+00	1.000999999999999890e+00
1.563546388828125000e+09	6.612000000000000099e+00	1.002000000000000002e+00
1.563546388937500000e+09	6.612000000000000099e+00	1.002000000000000002e+00
1.563546389296875000e+09	6.610999999999999766e+00	1.002000000000000002e+00
1.563546389468750000e+09	6.610999999999999766e+00	1.000999999999999890e+00
1.563546389625000000e+09	6.612000000000000099e+00	1.000999999999999890e+00
1.563546389734375000e+09	6.610999999999999766e+00	1.002000000000000002e+00
1.563546389828125000e+09	6.610000000000000320e+00	1.000999999999999890e+00
1.563546389937500000e+09	6.612000000000000099e+00	1.002000000000000002e+00
1.563546390046875000e+09	6.612000000000000099e+00	1.000999999999999890e+00
1.563546390359375000e+09	6.613000000000000433e+00	1.002000000000000002e+00
1.563546390562500000e+09	6.612000000000000099e+00	1.000999999999999890e+00
1.563546390718750000e+09	6.612000000000000099e+00	1.002000000000000002e+00
1.563546390828125000e+09	6.612000000000000099e+00	1.000999999999999890e+00
1.563546390921875000e+09	6.613999999999999879e+00	1.000999999999999890e+00
1.563546391031250000e+09	6.613000000000000433e+00	1.000999999999999890e+00
1.563546391140625000e+09	6.613999999999999879e+00	1.000999999999999890e+00
1.563546391500000000e+09	6.613999999999999879e+00	1.002000000000000002e+00
1.563546391687500000e+09	6.613000000000000433e+00	1.000999999999999890e+00
1.563546391812500000e+09	6.612000000000000099e+00	1.002000000000000002e+00
1.563546391906250000e+09	6.612000000000000099e+00	1.000999999999999890e+00
1.563546392015625000e+09	6.612000000000000099e+00	1.000999999999999890e+00
1.563546392125000000e+09	6.613999999999999879e+00	1.000999999999999890e+00
1.563546392218750000e+09	6.613000000000000433e+00	1.000999999999999890e+00
1.563546392593750000e+09	6.612000000000000099e+00	1.002000000000000002e+00
1.563546392765625000e+09	6.612000000000000099e+00	1.000999999999999890e+00
1.563546392890625000e+09	6.612000000000000099e+00	1.000999999999999890e+00
1.563546392984375000e+09	6.612000000000000099e+00	1.000999999999999890e+00
1.563546393093750000e+09	6.613999999999999879e+00	1.000999999999999890e+00
1.563546393203125000e+09	6.613000000000000433e+00	1.000999999999999890e+00
1.563546393296875000e+09	6.613000000000000433e+00	1.000999999999999890e+00
1.563546393671875000e+09	6.612000000000000099e+00	1.002000000000000002e+00
1.563546393843750000e+09	6.613999999999999879e+00	1.002000000000000002e+00
1.563546393968750000e+09	6.612000000000000099e+00	1.002000000000000002e+00
1.563546394062500000e+09	6.612000000000000099e+00	1.000999999999999890e+00
1.563546394171875000e+09	6.612000000000000099e+00	1.002000000000000002e+00
1.563546394281250000e+09	6.613999999999999879e+00	1.002000000000000002e+00
1.563546394375000000e+09	6.612000000000000099e+00	1.002000000000000002e+00
1.563546394765625000e+09	6.612000000000000099e+00	1.002000000000000002e+00
1.563546394984375000e+09	6.612000000000000099e+00	1.002000000000000002e+00
1.563546395125000000e+09	6.612000000000000099e+00	1.002000000000000002e+00
1.563546395234375000e+09	6.612000000000000099e+00	1.002000000000000002e+00
1.563546395343750000e+09	6.613000000000000433e+00	1.002000000000000002e+00
1.563546395437500000e+09	6.612000000000000099e+00	1.000999999999999890e+00
1.563546395546875000e+09	6.613000000000000433e+00	1.000999999999999890e+00
1.563546395921875000e+09	6.613999999999999879e+00	1.000999999999999890e+00
1.563546396078125000e+09	6.613999999999999879e+00	1.002000000000000002e+00
1.563546396203125000e+09	6.613999999999999879e+00	1.000999999999999890e+00
1.563546396296875000e+09	6.613000000000000433e+00	1.000999999999999890e+00
1.563546396406250000e+09	6.615000000000000213e+00	1.000999999999999890e+00
1.563546396515625000e+09	6.613999999999999879e+00	1.000999999999999890e+00
1.563546396609375000e+09	6.612000000000000099e+00	1.002000000000000002e+00
1.563546396875000000e+09	6.613000000000000433e+00	1.002000000000000002e+00
1.563546397125000000e+09	6.612000000000000099e+00	1.002000000000000002e+00
1.563546397265625000e+09	6.612000000000000099e+00	1.000999999999999890e+00
1.563546397375000000e+09	6.612000000000000099e+00	1.000999999999999890e+00
1.563546397468750000e+09	6.613999999999999879e+00	1.000999999999999890e+00
1.563546397578125000e+09	6.613999999999999879e+00	1.002000000000000002e+00
1.563546397687500000e+09	6.612000000000000099e+00	1.002000000000000002e+00
1.563546397921875000e+09	6.613999999999999879e+00	1.002000000000000002e+00
1.563546398187500000e+09	6.613000000000000433e+00	1.002000000000000002e+00
1.563546398359375000e+09	6.613000000000000433e+00	1.000999999999999890e+00
1.563546398468750000e+09	6.615999999999999659e+00	1.000999999999999890e+00
1.563546398562500000e+09	6.613000000000000433e+00	1.002000000000000002e+00
1.563546398671875000e+09	6.613999999999999879e+00	1.002000000000000002e+00
1.563546398781250000e+09	6.613999999999999879e+00	1.000999999999999890e+00
1.563546399046875000e+09	6.615000000000000213e+00	1.000999999999999890e+00
1.563546399281250000e+09	6.613000000000000433e+00	1.002000000000000002e+00
1.563546399453125000e+09	6.613000000000000433e+00	1.000999999999999890e+00
1.563546399562500000e+09	6.615000000000000213e+00	1.000999999999999890e+00
1.563546399671875000e+09	6.613999999999999879e+00	1.000999999999999890e+00
1.563546399765625000e+09	6.613999999999999879e+00	1.000999999999999890e+00
1.563546399875000000e+09	6.612000000000000099e+00	1.002000000000000002e+00
1.563546400109375000e+09	6.612000000000000099e+00	1.000999999999999890e+00
1.563546400343750000e+09	6.613999999999999879e+00	1.000999999999999890e+00
1.563546400546875000e+09	6.615000000000000213e+00	1.000999999999999890e+00
1.563546400640625000e+09	6.615999999999999659e+00	1.000999999999999890e+00
1.563546400750000000e+09	6.613999999999999879e+00	1.002000000000000002e+00
1.563546400859375000e+09	6.615000000000000213e+00	1.000000000000000000e+00
1.563546400953125000e+09	6.615999999999999659e+00	1.000999999999999890e+00
1.563546401187500000e+09	6.615999999999999659e+00	1.000999999999999890e+00
1.563546401468750000e+09	6.615000000000000213e+00	1.002000000000000002e+00
1.563546401640625000e+09	6.615999999999999659e+00	1.000999999999999890e+00
1.563546401750000000e+09	6.615000000000000213e+00	1.002000000000000002e+00
1.563546401843750000e+09	6.615000000000000213e+00	1.002000000000000002e+00
1.563546401953125000e+09	6.615000000000000213e+00	1.000999999999999890e+00
1.563546402062500000e+09	6.613999999999999879e+00	1.000999999999999890e+00
1.563546402265625000e+09	6.615000000000000213e+00	1.000999999999999890e+00
1.563546402609375000e+09	6.615999999999999659e+00	1.002000000000000002e+00
1.563546402781250000e+09	6.613999999999999879e+00	1.000999999999999890e+00
1.563546402875000000e+09	6.615999999999999659e+00	1.000999999999999890e+00
1.563546402984375000e+09	6.615000000000000213e+00	1.000999999999999890e+00
1.563546403078125000e+09	6.615999999999999659e+00	1.000999999999999890e+00
1.563546403187500000e+09	6.615000000000000213e+00	1.000999999999999890e+00
1.563546403296875000e+09	6.613999999999999879e+00	1.000999999999999890e+00
1.563546403671875000e+09	6.615999999999999659e+00	1.002000000000000002e+00
1.563546403890625000e+09	6.615999999999999659e+00	1.000999999999999890e+00
1.563546404000000000e+09	6.615999999999999659e+00	1.002000000000000002e+00
1.563546404109375000e+09	6.615000000000000213e+00	1.000999999999999890e+00
1.563546404203125000e+09	6.613999999999999879e+00	1.000999999999999890e+00
1.563546404312500000e+09	6.613999999999999879e+00	1.000999999999999890e+00
1.563546404562500000e+09	6.615000000000000213e+00	1.002000000000000002e+00
1.563546404796875000e+09	6.615000000000000213e+00	1.002000000000000002e+00
1.563546405000000000e+09	6.613999999999999879e+00	1.000999999999999890e+00
1.563546405109375000e+09	6.615999999999999659e+00	1.000999999999999890e+00
1.563546405203125000e+09	6.615999999999999659e+00	1.000999999999999890e+00
1.563546405312500000e+09	6.615999999999999659e+00	1.000999999999999890e+00
1.563546405406250000e+09	6.615999999999999659e+00	1.000999999999999890e+00
1.563546405687500000e+09	6.616999999999999993e+00	1.000999999999999890e+00
1.563546405984375000e+09	6.615999999999999659e+00	1.000999999999999890e+00
1.563546406156250000e+09	6.616999999999999993e+00	1.000999999999999890e+00
1.563546406250000000e+09	6.616999999999999993e+00	1.000999999999999890e+00
1.563546406359375000e+09	6.618000000000000327e+00	1.000999999999999890e+00
1.563546406468750000e+09	6.616999999999999993e+00	1.002000000000000002e+00
1.563546406562500000e+09	6.616999999999999993e+00	1.002000000000000002e+00
1.563546406890625000e+09	6.618000000000000327e+00	1.002000000000000002e+00
1.563546407109375000e+09	6.615999999999999659e+00	1.000999999999999890e+00
1.563546407234375000e+09	6.618000000000000327e+00	1.000999999999999890e+00
1.563546407343750000e+09	6.618000000000000327e+00	1.002000000000000002e+00
1.563546407437500000e+09	6.618000000000000327e+00	1.002000000000000002e+00
1.563546407546875000e+09	6.618000000000000327e+00	1.002000000000000002e+00
1.563546407656250000e+09	6.616999999999999993e+00	1.000999999999999890e+00
1.563546408062500000e+09	6.616999999999999993e+00	1.000999999999999890e+00
1.563546408187500000e+09	6.615000000000000213e+00	1.000999999999999890e+00
1.563546408328125000e+09	6.615999999999999659e+00	1.000999999999999890e+00
1.563546408437500000e+09	6.615999999999999659e+00	1.002000000000000002e+00
1.563546408546875000e+09	6.616999999999999993e+00	1.000999999999999890e+00
1.563546408640625000e+09	6.615999999999999659e+00	1.002000000000000002e+00
1.563546408750000000e+09	6.615999999999999659e+00	1.002000000000000002e+00
1.563546409171875000e+09	6.615999999999999659e+00	1.000999999999999890e+00
1.563546409390625000e+09	6.615999999999999659e+00	1.000999999999999890e+00
1.563546409515625000e+09	6.615000000000000213e+00	1.002000000000000002e+00
1.563546409609375000e+09	6.615999999999999659e+00	1.000999999999999890e+00
1.563546409718750000e+09	6.616999999999999993e+00	1.000999999999999890e+00
1.563546409828125000e+09	6.616999999999999993e+00	1.000999999999999890e+00
1.563546409921875000e+09	6.616999999999999993e+00	1.000999999999999890e+00
1.563546410343750000e+09	6.616999999999999993e+00	1.000999999999999890e+00
1.563546410484375000e+09	6.618000000000000327e+00	1.000999999999999890e+00
1.563546410609375000e+09	6.616999999999999993e+00	1.000999999999999890e+00
1.563546410703125000e+09	6.616999999999999993e+00	1.000999999999999890e+00
1.563546410812500000e+09	6.616999999999999993e+00	1.000999999999999890e+00
1.563546410906250000e+09	6.618000000000000327e+00	1.000999999999999890e+00
1.563546411015625000e+09	6.618000000000000327e+00	1.002000000000000002e+00
1.563546411281250000e+09	6.615999999999999659e+00	1.002000000000000002e+00
1.563546411578125000e+09	6.615999999999999659e+00	1.000999999999999890e+00
1.563546411703125000e+09	6.615999999999999659e+00	1.002000000000000002e+00
1.563546411796875000e+09	6.616999999999999993e+00	1.000999999999999890e+00
1.563546411906250000e+09	6.615999999999999659e+00	1.000999999999999890e+00
1.563546412000000000e+09	6.618000000000000327e+00	1.000999999999999890e+00
1.563546412109375000e+09	6.615999999999999659e+00	1.000999999999999890e+00
1.563546412515625000e+09	6.615000000000000213e+00	1.000999999999999890e+00
1.563546412671875000e+09	6.615999999999999659e+00	1.000999999999999890e+00
1.563546412796875000e+09	6.615000000000000213e+00	1.002000000000000002e+00
1.563546412890625000e+09	6.615999999999999659e+00	1.000999999999999890e+00
1.563546413000000000e+09	6.615999999999999659e+00	1.002000000000000002e+00
1.563546413093750000e+09	6.616999999999999993e+00	1.002000000000000002e+00
1.563546413203125000e+09	6.618000000000000327e+00	1.000999999999999890e+00
1.563546413531250000e+09	6.618000000000000327e+00	1.000999999999999890e+00
1.563546413750000000e+09	6.616999999999999993e+00	1.000999999999999890e+00
1.563546413890625000e+09	6.616999999999999993e+00	1.000999999999999890e+00
1.563546413984375000e+09	6.618000000000000327e+00	1.000000000000000000e+00
1.563546414093750000e+09	6.615999999999999659e+00	1.000999999999999890e+00
1.563546414187500000e+09	6.616999999999999993e+00	1.002000000000000002e+00
1.563546414296875000e+09	6.618000000000000327e+00	1.000999999999999890e+00
1.563546414625000000e+09	6.618000000000000327e+00	1.000999999999999890e+00
1.563546414828125000e+09	6.618000000000000327e+00	1.000999999999999890e+00
1.563546414968750000e+09	6.618000000000000327e+00	1.002000000000000002e+00
1.563546415078125000e+09	6.618000000000000327e+00	1.002000000000000002e+00
1.563546415187500000e+09	6.618999999999999773e+00	1.002000000000000002e+00
1.563546415281250000e+09	6.618999999999999773e+00	1.000999999999999890e+00
1.563546415390625000e+09	6.618999999999999773e+00	1.000999999999999890e+00
1.563546415703125000e+09	6.620000000000000107e+00	1.000999999999999890e+00
1.563546415921875000e+09	6.618000000000000327e+00	1.000999999999999890e+00
1.563546416062500000e+09	6.618999999999999773e+00	1.002000000000000002e+00
1.563546416156250000e+09	6.618000000000000327e+00	1.002000000000000002e+00
1.563546416265625000e+09	6.618000000000000327e+00	1.000999999999999890e+00
1.563546416375000000e+09	6.618000000000000327e+00	1.000999999999999890e+00
1.563546416468750000e+09	6.618000000000000327e+00	1.000999999999999890e+00
1.563546416765625000e+09	6.618000000000000327e+00	1.002000000000000002e+00
1.563546417125000000e+09	6.618000000000000327e+00	1.000999999999999890e+00
1.563546417250000000e+09	6.618000000000000327e+00	1.000999999999999890e+00
1.563546417359375000e+09	6.618000000000000327e+00	1.000999999999999890e+00
1.563546417453125000e+09	6.618999999999999773e+00	1.000999999999999890e+00
1.563546417562500000e+09	6.618999999999999773e+00	1.002000000000000002e+00
1.563546417671875000e+09	6.620000000000000107e+00	1.000999999999999890e+00
1.563546418078125000e+09	6.620000000000000107e+00	1.000999999999999890e+00
1.563546418218750000e+09	6.618999999999999773e+00	1.000999999999999890e+00
1.563546418359375000e+09	6.621999999999999886e+00	1.002000000000000002e+00
1.563546418468750000e+09	6.621000000000000441e+00	1.002000000000000002e+00
1.563546418562500000e+09	6.618999999999999773e+00	1.002000000000000002e+00
1.563546418671875000e+09	6.620000000000000107e+00	1.000999999999999890e+00
1.563546418781250000e+09	6.618999999999999773e+00	1.002000000000000002e+00
1.563546419125000000e+09	6.618999999999999773e+00	1.000999999999999890e+00
1.563546419343750000e+09	6.623000000000000220e+00	1.000999999999999890e+00
1.563546419468750000e+09	6.620000000000000107e+00	1.000999999999999890e+00
1.563546419578125000e+09	6.620000000000000107e+00	1.002000000000000002e+00
1.563546419687500000e+09	6.621000000000000441e+00	1.000999999999999890e+00
1.563546419781250000e+09	6.621999999999999886e+00	1.000999999999999890e+00
1.563546419890625000e+09	6.618999999999999773e+00	1.000999999999999890e+00
1.563546420140625000e+09	6.618999999999999773e+00	1.000999999999999890e+00
1.563546420390625000e+09	6.618000000000000327e+00	1.000999999999999890e+00
1.563546420531250000e+09	6.618000000000000327e+00	1.000999999999999890e+00
1.563546420625000000e+09	6.618000000000000327e+00	1.000999999999999890e+00
1.563546420734375000e+09	6.615999999999999659e+00	1.002000000000000002e+00
1.563546420843750000e+09	6.618000000000000327e+00	1.002000000000000002e+00
1.563546420937500000e+09	6.618999999999999773e+00	1.000999999999999890e+00
1.563546421171875000e+09	6.618999999999999773e+00	1.000999999999999890e+00
1.563546421468750000e+09	6.618999999999999773e+00	1.000999999999999890e+00
1.563546421640625000e+09	6.618000000000000327e+00	1.000999999999999890e+00
1.563546421734375000e+09	6.618999999999999773e+00	1.000999999999999890e+00
1.563546421843750000e+09	6.620000000000000107e+00	1.000999999999999890e+00
1.563546421953125000e+09	6.618000000000000327e+00	1.000999999999999890e+00
1.563546422046875000e+09	6.618999999999999773e+00	1.000999999999999890e+00
1.563546422296875000e+09	6.618999999999999773e+00	1.000999999999999890e+00
1.563546422531250000e+09	6.620000000000000107e+00	1.002000000000000002e+00
1.563546422687500000e+09	6.620000000000000107e+00	1.000999999999999890e+00
1.563546422796875000e+09	6.618999999999999773e+00	1.002000000000000002e+00
1.563546422906250000e+09	6.621000000000000441e+00	1.002000000000000002e+00
1.563546423000000000e+09	6.621000000000000441e+00	1.000999999999999890e+00
1.563546423109375000e+09	6.621000000000000441e+00	1.000999999999999890e+00
1.563546423203125000e+09	6.621000000000000441e+00	1.000999999999999890e+00
1.563546423500000000e+09	6.621000000000000441e+00	1.000999999999999890e+00
1.563546423718750000e+09	6.621999999999999886e+00	1.000999999999999890e+00
1.563546423875000000e+09	6.621999999999999886e+00	1.000999999999999890e+00
1.563546423968750000e+09	6.621000000000000441e+00	1.000999999999999890e+00
1.563546424078125000e+09	6.621000000000000441e+00	1.000999999999999890e+00
1.563546424171875000e+09	6.621999999999999886e+00	1.000999999999999890e+00
1.563546424281250000e+09	6.621999999999999886e+00	1.000999999999999890e+00
1.563546424718750000e+09	6.621000000000000441e+00	1.000999999999999890e+00
1.563546424921875000e+09	6.621000000000000441e+00	1.000999999999999890e+00
1.563546425078125000e+09	6.621000000000000441e+00	1.000999999999999890e+00
1.563546425171875000e+09	6.618999999999999773e+00	1.000999999999999890e+00
1.563546425281250000e+09	6.621000000000000441e+00	1.000999999999999890e+00
1.563546425375000000e+09	6.623000000000000220e+00	1.000999999999999890e+00
1.563546425484375000e+09	6.623000000000000220e+00	1.000999999999999890e+00
1.563546425812500000e+09	6.623000000000000220e+00	1.002000000000000002e+00
1.563546426015625000e+09	6.621000000000000441e+00	1.002000000000000002e+00
1.563546426171875000e+09	6.623000000000000220e+00	1.000999999999999890e+00
1.563546426265625000e+09	6.621999999999999886e+00	1.002000000000000002e+00
1.563546426375000000e+09	6.621999999999999886e+00	1.000999999999999890e+00
1.563546426468750000e+09	6.621999999999999886e+00	1.000999999999999890e+00
1.563546426578125000e+09	6.621000000000000441e+00	1.000999999999999890e+00
1.563546426953125000e+09	6.623000000000000220e+00	1.002000000000000002e+00
1.563546427125000000e+09	6.621000000000000441e+00	1.000999999999999890e+00
1.563546427265625000e+09	6.621999999999999886e+00	1.002000000000000002e+00
1.563546427359375000e+09	6.618999999999999773e+00	1.000999999999999890e+00
1.563546427468750000e+09	6.621000000000000441e+00	1.000999999999999890e+00
1.563546427578125000e+09	6.620000000000000107e+00	1.000999999999999890e+00
1.563546427671875000e+09	6.621999999999999886e+00	1.002000000000000002e+00
1.563546427890625000e+09	6.620000000000000107e+00	1.000999999999999890e+00
1.563546428171875000e+09	6.621000000000000441e+00	1.000999999999999890e+00
1.563546428328125000e+09	6.623000000000000220e+00	1.002000000000000002e+00
1.563546428421875000e+09	6.623000000000000220e+00	1.002000000000000002e+00
1.563546428531250000e+09	6.621000000000000441e+00	1.000999999999999890e+00
1.563546428640625000e+09	6.621000000000000441e+00	1.000999999999999890e+00
1.563546428734375000e+09	6.621999999999999886e+00	1.002000000000000002e+00
1.563546429015625000e+09	6.623000000000000220e+00	1.002000000000000002e+00
1.563546429250000000e+09	6.621999999999999886e+00	1.000999999999999890e+00
1.563546429421875000e+09	6.621999999999999886e+00	1.000999999999999890e+00
1.563546429531250000e+09	6.621999999999999886e+00	1.000999999999999890e+00
1.563546429640625000e+09	6.621999999999999886e+00	1.000999999999999890e+00
1.563546429750000000e+09	6.623000000000000220e+00	1.000999999999999890e+00
1.563546429843750000e+09	6.621000000000000441e+00	1.002000000000000002e+00
1.563546430093750000e+09	6.623000000000000220e+00	1.002000000000000002e+00
1.563546430375000000e+09	6.621000000000000441e+00	1.000999999999999890e+00
1.563546430531250000e+09	6.623000000000000220e+00	1.000999999999999890e+00
1.563546430640625000e+09	6.623999999999999666e+00	1.000999999999999890e+00
1.563546430734375000e+09	6.621999999999999886e+00	1.002000000000000002e+00
1.563546430843750000e+09	6.621999999999999886e+00	1.002000000000000002e+00
1.563546430937500000e+09	6.623000000000000220e+00	1.002000000000000002e+00
1.563546431171875000e+09	6.623999999999999666e+00	1.000999999999999890e+00
1.563546431468750000e+09	6.621000000000000441e+00	1.000999999999999890e+00
1.563546431703125000e+09	6.623999999999999666e+00	1.002000000000000002e+00
1.563546431812500000e+09	6.621999999999999886e+00	1.000999999999999890e+00
1.563546431921875000e+09	6.623000000000000220e+00	1.000999999999999890e+00
1.563546432015625000e+09	6.623000000000000220e+00	1.002000000000000002e+00
1.563546432125000000e+09	6.623000000000000220e+00	1.000999999999999890e+00
1.563546432359375000e+09	6.623000000000000220e+00	1.002000000000000002e+00
1.563546432640625000e+09	6.623999999999999666e+00	1.000999999999999890e+00
1.563546432812500000e+09	6.623000000000000220e+00	1.000999999999999890e+00
1.563546432921875000e+09	6.625000000000000000e+00	1.002000000000000002e+00
1.563546433031250000e+09	6.623000000000000220e+00	1.000999999999999890e+00
1.563546433140625000e+09	6.621999999999999886e+00	1.002000000000000002e+00
1.563546433234375000e+09	6.621999999999999886e+00	1.002000000000000002e+00
1.563546433515625000e+09	6.623000000000000220e+00	1.000999999999999890e+00
1.563546433812500000e+09	6.621999999999999886e+00	1.000999999999999890e+00
1.563546433968750000e+09	6.623000000000000220e+00	1.000999999999999890e+00
1.563546434062500000e+09	6.621999999999999886e+00	1.000999999999999890e+00
1.563546434171875000e+09	6.621999999999999886e+00	1.000999999999999890e+00
1.563546434281250000e+09	6.621000000000000441e+00	1.002000000000000002e+00
1.563546434375000000e+09	6.621000000000000441e+00	1.002000000000000002e+00
1.563546434656250000e+09	6.623000000000000220e+00	1.000999999999999890e+00
1.563546434968750000e+09	6.623000000000000220e+00	1.000999999999999890e+00
1.563546435093750000e+09	6.621000000000000441e+00	1.000999999999999890e+00
1.563546435203125000e+09	6.621999999999999886e+00	1.000999999999999890e+00
1.563546435296875000e+09	6.623999999999999666e+00	1.000999999999999890e+00
1.563546435406250000e+09	6.621999999999999886e+00	1.002000000000000002e+00
1.563546435515625000e+09	6.623000000000000220e+00	1.000999999999999890e+00
1.563546435875000000e+09	6.623000000000000220e+00	1.000999999999999890e+00
1.563546436062500000e+09	6.623000000000000220e+00	1.000999999999999890e+00
1.563546436187500000e+09	6.625000000000000000e+00	1.000999999999999890e+00
1.563546436281250000e+09	6.623000000000000220e+00	1.000999999999999890e+00
1.563546436390625000e+09	6.623999999999999666e+00	1.000999999999999890e+00
1.563546436500000000e+09	6.623000000000000220e+00	1.000999999999999890e+00
1.563546436593750000e+09	6.623000000000000220e+00	1.002000000000000002e+00
1.563546436921875000e+09	6.623000000000000220e+00	1.002000000000000002e+00
1.563546437125000000e+09	6.623999999999999666e+00	1.000999999999999890e+00
1.563546437265625000e+09	6.621999999999999886e+00	1.002000000000000002e+00
1.563546437375000000e+09	6.623000000000000220e+00	1.000999999999999890e+00
1.563546437484375000e+09	6.621999999999999886e+00	1.000999999999999890e+00
1.563546437578125000e+09	6.623000000000000220e+00	1.000999999999999890e+00
1.563546437687500000e+09	6.623999999999999666e+00	1.002000000000000002e+00
1.563546437859375000e+09	6.623000000000000220e+00	1.002000000000000002e+00
1.563546438203125000e+09	6.623000000000000220e+00	1.002000000000000002e+00
1.563546438375000000e+09	6.623000000000000220e+00	1.002000000000000002e+00
1.563546438468750000e+09	6.623000000000000220e+00	1.000999999999999890e+00
1.563546438578125000e+09	6.623999999999999666e+00	1.002000000000000002e+00
1.563546438671875000e+09	6.625000000000000000e+00	1.000999999999999890e+00
1.563546438781250000e+09	6.623999999999999666e+00	1.000999999999999890e+00
1.563546438906250000e+09	6.621999999999999886e+00	1.000999999999999890e+00
1.563546439281250000e+09	6.623000000000000220e+00	1.002000000000000002e+00
1.563546439484375000e+09	6.623999999999999666e+00	1.000999999999999890e+00
1.563546439625000000e+09	6.623999999999999666e+00	1.000999999999999890e+00
1.563546439718750000e+09	6.623999999999999666e+00	1.000999999999999890e+00
1.563546439828125000e+09	6.625000000000000000e+00	1.000999999999999890e+00
1.563546439921875000e+09	6.626000000000000334e+00	1.000999999999999890e+00
1.563546440031250000e+09	6.626999999999999780e+00	1.000999999999999890e+00
1.563546440359375000e+09	6.625000000000000000e+00	1.002000000000000002e+00
1.563546440546875000e+09	6.626000000000000334e+00	1.000999999999999890e+00
1.563546440703125000e+09	6.625000000000000000e+00	1.002000000000000002e+00
1.563546440796875000e+09	6.625000000000000000e+00	1.002000000000000002e+00
1.563546440906250000e+09	6.625000000000000000e+00	1.000999999999999890e+00
1.563546441000000000e+09	6.626000000000000334e+00	1.002000000000000002e+00
1.563546441109375000e+09	6.625000000000000000e+00	1.002000000000000002e+00
1.563546441343750000e+09	6.625000000000000000e+00	1.002000000000000002e+00
1.563546441703125000e+09	6.625000000000000000e+00	1.000999999999999890e+00
1.563546441859375000e+09	6.625000000000000000e+00	1.000999999999999890e+00
1.563546441968750000e+09	6.626999999999999780e+00	1.000999999999999890e+00
1.563546442078125000e+09	6.625000000000000000e+00	1.000999999999999890e+00
1.563546442171875000e+09	6.623999999999999666e+00	1.000999999999999890e+00
1.563546442281250000e+09	6.623999999999999666e+00	1.000999999999999890e+00
1.563546442656250000e+09	6.623999999999999666e+00	1.002000000000000002e+00
1.563546442843750000e+09	6.625000000000000000e+00	1.000999999999999890e+00
1.563546442968750000e+09	6.625000000000000000e+00	1.000999999999999890e+00
1.563546443078125000e+09	6.625000000000000000e+00	1.000999999999999890e+00
1.563546443187500000e+09	6.625000000000000000e+00	1.000999999999999890e+00
1.563546443281250000e+09	6.626999999999999780e+00	1.002000000000000002e+00
1.563546443390625000e+09	6.626000000000000334e+00	1.002000000000000002e+00
1.563546443765625000e+09	6.626999999999999780e+00	1.002000000000000002e+00
1.563546443937500000e+09	6.625000000000000000e+00	1.002000000000000002e+00
1.563546444093750000e+09	6.625000000000000000e+00	1.002000000000000002e+00
1.563546444187500000e+09	6.626000000000000334e+00	1.000999999999999890e+00
1.563546444296875000e+09	6.626999999999999780e+00	1.002000000000000002e+00
1.563546444390625000e+09	6.623999999999999666e+00	1.000999999999999890e+00
1.563546444500000000e+09	6.626000000000000334e+00	1.000999999999999890e+00
1.563546444796875000e+09	6.625000000000000000e+00	1.000999999999999890e+00
1.563546445000000000e+09	6.625000000000000000e+00	1.002000000000000002e+00
1.563546445125000000e+09	6.623999999999999666e+00	1.002000000000000002e+00
1.563546445234375000e+09	6.625000000000000000e+00	1.000999999999999890e+00
1.563546445343750000e+09	6.623999999999999666e+00	1.002000000000000002e+00
1.563546445437500000e+09	6.625000000000000000e+00	1.000999999999999890e+00
1.563546445546875000e+09	6.625000000000000000e+00	1.002000000000000002e+00
1.563546445796875000e+09	6.625000000000000000e+00	1.002000000000000002e+00
1.563546446093750000e+09	6.626000000000000334e+00	1.002000000000000002e+00
1.563546446250000000e+09	6.623999999999999666e+00	1.000999999999999890e+00
1.563546446343750000e+09	6.625000000000000000e+00	1.000999999999999890e+00
1.563546446453125000e+09	6.626999999999999780e+00	1.000999999999999890e+00
1.563546446562500000e+09	6.625000000000000000e+00	1.000999999999999890e+00
1.563546446656250000e+09	6.626000000000000334e+00	1.000999999999999890e+00
1.563546446968750000e+09	6.626999999999999780e+00	1.000999999999999890e+00
1.563546447234375000e+09	6.626000000000000334e+00	1.000999999999999890e+00
1.563546447406250000e+09	6.626999999999999780e+00	1.000999999999999890e+00
1.563546447500000000e+09	6.628000000000000114e+00	1.000999999999999890e+00
1.563546447609375000e+09	6.626999999999999780e+00	1.000999999999999890e+00
1.563546447703125000e+09	6.626000000000000334e+00	1.000999999999999890e+00
1.563546447812500000e+09	6.626999999999999780e+00	1.000999999999999890e+00
1.563546447921875000e+09	6.626999999999999780e+00	1.002000000000000002e+00
1.563546448328125000e+09	6.626000000000000334e+00	1.002000000000000002e+00
1.563546448468750000e+09	6.626999999999999780e+00	1.000000000000000000e+00
1.563546448609375000e+09	6.628000000000000114e+00	1.002000000000000002e+00
1.563546448703125000e+09	6.626999999999999780e+00	1.002000000000000002e+00
1.563546448812500000e+09	6.626000000000000334e+00	1.002000000000000002e+00
1.563546448906250000e+09	6.626999999999999780e+00	1.000999999999999890e+00
1.563546449015625000e+09	6.626999999999999780e+00	1.000999999999999890e+00
1.563546449375000000e+09	6.626999999999999780e+00	1.002000000000000002e+00
1.563546449531250000e+09	6.626999999999999780e+00	1.000999999999999890e+00
1.563546449671875000e+09	6.626000000000000334e+00	1.002000000000000002e+00
1.563546449781250000e+09	6.626000000000000334e+00	1.000999999999999890e+00
1.563546449890625000e+09	6.626000000000000334e+00	1.002000000000000002e+00
1.563546449984375000e+09	6.626999999999999780e+00	1.000999999999999890e+00
1.563546450093750000e+09	6.626000000000000334e+00	1.000999999999999890e+00
1.563546450312500000e+09	6.625000000000000000e+00	1.000999999999999890e+00
1.563546450593750000e+09	6.626000000000000334e+00	1.000999999999999890e+00
1.563546450781250000e+09	6.628000000000000114e+00	1.002000000000000002e+00
1.563546450890625000e+09	6.626999999999999780e+00	1.002000000000000002e+00
1.563546451000000000e+09	6.626000000000000334e+00	1.002000000000000002e+00
1.563546451093750000e+09	6.626000000000000334e+00	1.002000000000000002e+00
1.563546451203125000e+09	6.626000000000000334e+00	1.002000000000000002e+00
1.563546451453125000e+09	6.625000000000000000e+00	1.002000000000000002e+00
1.563546451750000000e+09	6.628999999999999559e+00	1.000999999999999890e+00
1.563546451890625000e+09	6.626999999999999780e+00	1.000999999999999890e+00
1.563546452000000000e+09	6.626999999999999780e+00	1.002000000000000002e+00
1.563546452109375000e+09	6.628999999999999559e+00	1.002000000000000002e+00
1.563546452203125000e+09	6.626999999999999780e+00	1.000999999999999890e+00
1.563546452312500000e+09	6.626999999999999780e+00	1.000999999999999890e+00
1.563546452609375000e+09	6.626999999999999780e+00	1.000999999999999890e+00
1.563546452781250000e+09	6.626999999999999780e+00	1.000999999999999890e+00
1.563546453000000000e+09	6.625000000000000000e+00	1.000999999999999890e+00
1.563546453109375000e+09	6.626999999999999780e+00	1.000999999999999890e+00
1.563546453218750000e+09	6.626999999999999780e+00	1.000999999999999890e+00
1.563546453312500000e+09	6.626999999999999780e+00	1.000999999999999890e+00
1.563546453421875000e+09	6.625000000000000000e+00	1.000999999999999890e+00
1.563546453703125000e+09	6.626999999999999780e+00	1.000999999999999890e+00
1.563546453984375000e+09	6.626999999999999780e+00	1.000999999999999890e+00
1.563546454125000000e+09	6.626000000000000334e+00	1.000999999999999890e+00
1.563546454250000000e+09	6.626000000000000334e+00	1.000999999999999890e+00
1.563546454359375000e+09	6.625000000000000000e+00	1.000999999999999890e+00
1.563546454453125000e+09	6.625000000000000000e+00	1.000999999999999890e+00
1.563546454562500000e+09	6.626000000000000334e+00	1.002000000000000002e+00
1.563546454656250000e+09	6.625000000000000000e+00	1.002000000000000002e+00
1.563546455000000000e+09	6.626999999999999780e+00	1.002000000000000002e+00
1.563546455218750000e+09	6.626999999999999780e+00	1.000999999999999890e+00
1.563546455375000000e+09	6.628999999999999559e+00	1.002000000000000002e+00
1.563546455468750000e+09	6.628999999999999559e+00	1.000999999999999890e+00
1.563546455578125000e+09	6.628999999999999559e+00	1.000999999999999890e+00
1.563546455687500000e+09	6.628000000000000114e+00	1.000999999999999890e+00
1.563546455781250000e+09	6.628999999999999559e+00	1.002000000000000002e+00
1.563546456078125000e+09	6.629999999999999893e+00	1.002000000000000002e+00
1.563546456265625000e+09	6.626999999999999780e+00	1.002000000000000002e+00
1.563546456437500000e+09	6.628999999999999559e+00	1.000999999999999890e+00
1.563546456531250000e+09	6.628999999999999559e+00	1.000999999999999890e+00
1.563546456640625000e+09	6.629999999999999893e+00	1.002000000000000002e+00
1.563546456750000000e+09	6.628000000000000114e+00	1.000999999999999890e+00
1.563546456843750000e+09	6.628999999999999559e+00	1.002000000000000002e+00
1.563546457078125000e+09	6.629999999999999893e+00	1.002000000000000002e+00
1.563546457328125000e+09	6.628999999999999559e+00	1.000999999999999890e+00
1.563546457484375000e+09	6.628999999999999559e+00	1.002000000000000002e+00
1.563546457609375000e+09	6.628999999999999559e+00	1.000999999999999890e+00
1.563546457718750000e+09	6.628999999999999559e+00	1.002000000000000002e+00
1.563546457812500000e+09	6.628000000000000114e+00	1.000999999999999890e+00
1.563546457921875000e+09	6.628000000000000114e+00	1.002000000000000002e+00
1.563546458031250000e+09	6.628000000000000114e+00	1.002000000000000002e+00
1.563546458343750000e+09	6.628999999999999559e+00	1.002000000000000002e+00
1.563546458562500000e+09	6.628999999999999559e+00	1.000999999999999890e+00
1.563546458687500000e+09	6.628999999999999559e+00	1.002000000000000002e+00
1.563546458796875000e+09	6.628999999999999559e+00	1.000999999999999890e+00
1.563546458906250000e+09	6.629999999999999893e+00	1.000999999999999890e+00
1.563546459000000000e+09	6.626999999999999780e+00	1.000999999999999890e+00
1.563546459109375000e+09	6.626999999999999780e+00	1.000999999999999890e+00
1.563546459359375000e+09	6.628999999999999559e+00	1.000999999999999890e+00
1.563546459578125000e+09	6.626999999999999780e+00	1.002000000000000002e+00
1.563546459812500000e+09	6.628999999999999559e+00	1.002000000000000002e+00
1.563546459921875000e+09	6.629999999999999893e+00	1.000999999999999890e+00
1.563546460015625000e+09	6.628999999999999559e+00	1.000999999999999890e+00
1.563546460125000000e+09	6.628000000000000114e+00	1.000999999999999890e+00
1.563546460218750000e+09	6.628000000000000114e+00	1.000999999999999890e+00
1.563546460484375000e+09	6.631000000000000227e+00	1.002000000000000002e+00
1.563546460765625000e+09	6.626999999999999780e+00	1.002000000000000002e+00
1.563546460921875000e+09	6.626999999999999780e+00	1.000999999999999890e+00
1.563546461031250000e+09	6.626000000000000334e+00	1.002000000000000002e+00
1.563546461140625000e+09	6.626999999999999780e+00	1.000999999999999890e+00
1.563546461234375000e+09	6.626999999999999780e+00	1.002000000000000002e+00
1.563546461343750000e+09	6.626999999999999780e+00	1.000999999999999890e+00
1.563546461609375000e+09	6.628000000000000114e+00	1.000999999999999890e+00
1.563546461906250000e+09	6.628999999999999559e+00	1.002000000000000002e+00
1.563546462062500000e+09	6.629999999999999893e+00	1.002000000000000002e+00
1.563546462187500000e+09	6.629999999999999893e+00	1.002000000000000002e+00
1.563546462281250000e+09	6.628999999999999559e+00	1.002000000000000002e+00
1.563546462390625000e+09	6.628000000000000114e+00	1.002000000000000002e+00
1.563546462500000000e+09	6.626999999999999780e+00	1.000999999999999890e+00
1.563546462593750000e+09	6.626999999999999780e+00	1.000999999999999890e+00
1.563546462984375000e+09	6.628999999999999559e+00	1.000999999999999890e+00
1.563546463140625000e+09	6.628999999999999559e+00	1.000999999999999890e+00
1.563546463296875000e+09	6.626999999999999780e+00	1.002000000000000002e+00
1.563546463406250000e+09	6.628999999999999559e+00	1.000999999999999890e+00
1.563546463515625000e+09	6.631000000000000227e+00	1.000999999999999890e+00
1.563546463609375000e+09	6.629999999999999893e+00	1.000999999999999890e+00
1.563546463718750000e+09	6.631999999999999673e+00	1.000999999999999890e+00
1.563546464093750000e+09	6.631000000000000227e+00	1.002000000000000002e+00
1.563546464296875000e+09	6.631999999999999673e+00	1.002000000000000002e+00
1.563546464437500000e+09	6.631999999999999673e+00	1.000999999999999890e+00
1.563546464546875000e+09	6.631000000000000227e+00	1.002000000000000002e+00
1.563546464640625000e+09	6.631000000000000227e+00	1.000999999999999890e+00
1.563546464750000000e+09	6.631999999999999673e+00	1.000999999999999890e+00
1.563546464859375000e+09	6.631999999999999673e+00	1.000999999999999890e+00
1.563546465125000000e+09	6.631000000000000227e+00	1.000999999999999890e+00
1.563546465359375000e+09	6.631000000000000227e+00	1.000999999999999890e+00
1.563546465515625000e+09	6.629999999999999893e+00	1.000999999999999890e+00
1.563546465609375000e+09	6.631000000000000227e+00	1.000999999999999890e+00
1.563546465718750000e+09	6.631000000000000227e+00	1.002000000000000002e+00
1.563546465828125000e+09	6.628999999999999559e+00	1.002000000000000002e+00
1.563546465921875000e+09	6.629999999999999893e+00	1.000999999999999890e+00
1.563546466171875000e+09	6.631000000000000227e+00	1.000999999999999890e+00
1.563546466421875000e+09	6.631000000000000227e+00	1.000999999999999890e+00
1.563546466578125000e+09	6.628999999999999559e+00	1.000999999999999890e+00
1.563546466703125000e+09	6.628999999999999559e+00	1.002000000000000002e+00
1.563546466812500000e+09	6.629999999999999893e+00	1.002000000000000002e+00
1.563546466906250000e+09	6.628999999999999559e+00	1.000999999999999890e+00
1.563546467015625000e+09	6.628999999999999559e+00	1.000999999999999890e+00
1.563546467125000000e+09	6.628999999999999559e+00	1.002000000000000002e+00
1.563546467453125000e+09	6.631000000000000227e+00	1.002000000000000002e+00
1.563546467593750000e+09	6.629999999999999893e+00	1.000999999999999890e+00
1.563546467765625000e+09	6.628999999999999559e+00	1.000999999999999890e+00
1.563546467875000000e+09	6.629999999999999893e+00	1.002000000000000002e+00
1.563546467968750000e+09	6.628999999999999559e+00	1.002000000000000002e+00
1.563546468078125000e+09	6.631000000000000227e+00	1.000999999999999890e+00
1.563546468171875000e+09	6.631000000000000227e+00	1.000999999999999890e+00
1.563546468468750000e+09	6.628999999999999559e+00	1.000999999999999890e+00
1.563546468750000000e+09	6.628000000000000114e+00	1.000999999999999890e+00
1.563546468906250000e+09	6.631000000000000227e+00	1.000999999999999890e+00
1.563546469031250000e+09	6.628999999999999559e+00	1.002000000000000002e+00
1.563546469125000000e+09	6.631999999999999673e+00	1.002000000000000002e+00
1.563546469234375000e+09	6.631999999999999673e+00	1.002000000000000002e+00
1.563546469343750000e+09	6.631000000000000227e+00	1.000999999999999890e+00
1.563546469437500000e+09	6.631000000000000227e+00	1.000999999999999890e+00
1.563546469718750000e+09	6.631000000000000227e+00	1.002000000000000002e+00
1.563546469921875000e+09	6.631999999999999673e+00	1.000999999999999890e+00
1.563546470078125000e+09	6.629999999999999893e+00	1.002000000000000002e+00
1.563546470187500000e+09	6.631999999999999673e+00	1.000999999999999890e+00
1.563546470296875000e+09	6.631000000000000227e+00	1.000999999999999890e+00
1.563546470390625000e+09	6.631000000000000227e+00	1.000999999999999890e+00
1.563546470500000000e+09	6.631000000000000227e+00	1.000999999999999890e+00
1.563546470687500000e+09	6.631000000000000227e+00	1.000999999999999890e+00
1.563546470937500000e+09	6.629999999999999893e+00	1.000999999999999890e+00
1.563546471140625000e+09	6.631000000000000227e+00	1.000999999999999890e+00
1.563546471265625000e+09	6.628999999999999559e+00	1.002000000000000002e+00
1.563546471375000000e+09	6.631999999999999673e+00	1.002000000000000002e+00
1.563546471484375000e+09	6.629999999999999893e+00	1.002000000000000002e+00
1.563546471578125000e+09	6.631000000000000227e+00	1.000999999999999890e+00
1.563546471687500000e+09	6.631000000000000227e+00	1.002000000000000002e+00
1.563546472093750000e+09	6.631999999999999673e+00	1.000999999999999890e+00
1.563546472265625000e+09	6.631000000000000227e+00	1.000999999999999890e+00
1.563546472390625000e+09	6.633000000000000007e+00	1.002000000000000002e+00
1.563546472500000000e+09	6.631999999999999673e+00	1.000999999999999890e+00
1.563546472609375000e+09	6.628999999999999559e+00	1.000999999999999890e+00
1.563546472703125000e+09	6.629999999999999893e+00	1.002000000000000002e+00
1.563546472812500000e+09	6.633000000000000007e+00	1.002000000000000002e+00
1.563546473156250000e+09	6.631999999999999673e+00	1.000999999999999890e+00
1.563546473328125000e+09	6.631000000000000227e+00	1.000999999999999890e+00
1.563546473468750000e+09	6.631999999999999673e+00	1.000999999999999890e+00
1.563546473578125000e+09	6.634000000000000341e+00	1.002000000000000002e+00
1.563546473671875000e+09	6.634000000000000341e+00	1.000999999999999890e+00
1.563546473781250000e+09	6.633000000000000007e+00	1.002000000000000002e+00
1.563546473890625000e+09	6.633000000000000007e+00	1.000999999999999890e+00
1.563546474125000000e+09	6.631999999999999673e+00	1.000999999999999890e+00
1.563546474359375000e+09	6.631999999999999673e+00	1.000999999999999890e+00
1.563546474500000000e+09	6.631999999999999673e+00	1.002000000000000002e+00
1.563546474640625000e+09	6.631999999999999673e+00	1.000999999999999890e+00
1.563546474750000000e+09	6.631000000000000227e+00	1.000999999999999890e+00
1.563546474843750000e+09	6.631000000000000227e+00	1.002000000000000002e+00
1.563546474953125000e+09	6.631000000000000227e+00	1.002000000000000002e+00
1.563546475046875000e+09	6.631000000000000227e+00	1.000999999999999890e+00
1.563546475468750000e+09	6.631000000000000227e+00	1.000999999999999890e+00
1.563546475625000000e+09	6.631999999999999673e+00	1.000999999999999890e+00
1.563546475765625000e+09	6.631999999999999673e+00	1.000999999999999890e+00
1.563546475859375000e+09	6.628999999999999559e+00	1.000999999999999890e+00
1.563546475968750000e+09	6.631999999999999673e+00	1.000999999999999890e+00
1.563546476078125000e+09	6.631999999999999673e+00	1.000999999999999890e+00
1.563546476171875000e+09	6.631999999999999673e+00	1.000999999999999890e+00
1.563546476609375000e+09	6.634000000000000341e+00	1.000999999999999890e+00
1.563546476812500000e+09	6.633000000000000007e+00	1.000999999999999890e+00
1.563546476937500000e+09	6.633000000000000007e+00	1.002000000000000002e+00
1.563546477046875000e+09	6.631999999999999673e+00	1.002000000000000002e+00
1.563546477140625000e+09	6.634000000000000341e+00	1.000999999999999890e+00
1.563546477250000000e+09	6.631999999999999673e+00	1.002000000000000002e+00
1.563546477343750000e+09	6.631000000000000227e+00	1.002000000000000002e+00
1.563546477656250000e+09	6.631000000000000227e+00	1.002000000000000002e+00
1.563546477875000000e+09	6.631999999999999673e+00	1.000999999999999890e+00
1.563546478031250000e+09	6.631999999999999673e+00	1.000000000000000000e+00
1.563546478125000000e+09	6.631999999999999673e+00	1.000999999999999890e+00
1.563546478234375000e+09	6.631999999999999673e+00	1.002000000000000002e+00
1.563546478328125000e+09	6.631999999999999673e+00	1.000999999999999890e+00
1.563546478437500000e+09	6.633000000000000007e+00	1.000999999999999890e+00
1.563546478750000000e+09	6.629999999999999893e+00	1.002000000000000002e+00
1.563546478953125000e+09	6.633000000000000007e+00	1.002000000000000002e+00
1.563546479093750000e+09	6.631999999999999673e+00	1.000999999999999890e+00
1.563546479203125000e+09	6.633000000000000007e+00	1.000999999999999890e+00
1.563546479296875000e+09	6.631999999999999673e+00	1.000999999999999890e+00
1.563546479406250000e+09	6.629999999999999893e+00	1.000999999999999890e+00
1.563546479515625000e+09	6.631000000000000227e+00	1.000999999999999890e+00
1.563546479828125000e+09	6.631000000000000227e+00	1.002000000000000002e+00
1.563546480031250000e+09	6.631999999999999673e+00	1.002000000000000002e+00
1.563546480140625000e+09	6.633000000000000007e+00	1.002000000000000002e+00
1.563546480234375000e+09	6.631999999999999673e+00	1.000999999999999890e+00
1.563546480343750000e+09	6.631999999999999673e+00	1.002000000000000002e+00
1.563546480453125000e+09	6.633000000000000007e+00	1.002000000000000002e+00
1.563546480546875000e+09	6.631999999999999673e+00	1.002000000000000002e+00
1.563546480828125000e+09	6.631000000000000227e+00	1.002000000000000002e+00
1.563546481125000000e+09	6.634000000000000341e+00	1.000999999999999890e+00
1.563546481265625000e+09	6.631999999999999673e+00	1.000999999999999890e+00
1.563546481375000000e+09	6.631999999999999673e+00	1.000999999999999890e+00
1.563546481468750000e+09	6.629999999999999893e+00	1.000999999999999890e+00
1.563546481578125000e+09	6.631999999999999673e+00	1.000999999999999890e+00
1.563546481687500000e+09	6.631999999999999673e+00	1.000999999999999890e+00
1.563546482062500000e+09	6.629999999999999893e+00	1.000999999999999890e+00
1.563546482203125000e+09	6.633000000000000007e+00	1.002000000000000002e+00
1.563546482328125000e+09	6.631999999999999673e+00	1.000999999999999890e+00
1.563546482437500000e+09	6.634000000000000341e+00	1.000999999999999890e+00
1.563546482546875000e+09	6.633000000000000007e+00	1.000999999999999890e+00
1.563546482640625000e+09	6.633000000000000007e+00	1.000999999999999890e+00
1.563546482750000000e+09	6.631000000000000227e+00	1.000999999999999890e+00
1.563546483093750000e+09	6.633000000000000007e+00	1.002000000000000002e+00
1.563546483312500000e+09	6.633000000000000007e+00	1.000999999999999890e+00
1.563546483453125000e+09	6.631999999999999673e+00	1.002000000000000002e+00
1.563546483562500000e+09	6.634000000000000341e+00	1.002000000000000002e+00
1.563546483656250000e+09	6.633000000000000007e+00	1.002000000000000002e+00
1.563546483765625000e+09	6.631000000000000227e+00	1.002000000000000002e+00
1.563546483875000000e+09	6.631999999999999673e+00	1.000999999999999890e+00
1.563546484093750000e+09	6.634000000000000341e+00	1.000999999999999890e+00
1.563546484343750000e+09	6.634000000000000341e+00	1.002000000000000002e+00
1.563546484531250000e+09	6.631999999999999673e+00	1.002000000000000002e+00
1.563546484640625000e+09	6.634000000000000341e+00	1.000999999999999890e+00
1.563546484734375000e+09	6.634000000000000341e+00	1.002000000000000002e+00
1.563546484843750000e+09	6.634000000000000341e+00	1.000999999999999890e+00
1.563546484937500000e+09	6.633000000000000007e+00	1.002000000000000002e+00
1.563546485140625000e+09	6.633000000000000007e+00	1.002000000000000002e+00
1.563546485421875000e+09	6.634999999999999787e+00	1.002000000000000002e+00
1.563546485609375000e+09	6.631999999999999673e+00	1.000999999999999890e+00
1.563546485718750000e+09	6.634000000000000341e+00	1.000999999999999890e+00
1.563546485828125000e+09	6.631999999999999673e+00	1.000999999999999890e+00
1.563546485921875000e+09	6.633000000000000007e+00	1.000999999999999890e+00
1.563546486031250000e+09	6.631999999999999673e+00	1.002000000000000002e+00
1.563546486218750000e+09	6.631000000000000227e+00	1.002000000000000002e+00
1.563546486515625000e+09	6.631000000000000227e+00	1.000999999999999890e+00
1.563546486703125000e+09	6.631999999999999673e+00	1.002000000000000002e+00
1.563546486796875000e+09	6.633000000000000007e+00	1.000999999999999890e+00
1.563546486906250000e+09	6.629999999999999893e+00	1.000999999999999890e+00
1.563546487015625000e+09	6.634000000000000341e+00	1.002000000000000002e+00
1.563546487109375000e+09	6.631999999999999673e+00	1.000999999999999890e+00
1.563546487250000000e+09	6.631999999999999673e+00	1.002000000000000002e+00
1.563546487593750000e+09	6.633000000000000007e+00	1.000999999999999890e+00
1.563546487781250000e+09	6.631999999999999673e+00	1.000999999999999890e+00
1.563546487890625000e+09	6.633000000000000007e+00	1.002000000000000002e+00
1.563546488000000000e+09	6.631999999999999673e+00	1.002000000000000002e+00
1.563546488093750000e+09	6.633000000000000007e+00	1.000999999999999890e+00
1.563546488203125000e+09	6.631999999999999673e+00	1.000999999999999890e+00
1.563546488421875000e+09	6.629999999999999893e+00	1.002000000000000002e+00
1.563546488671875000e+09	6.631999999999999673e+00	1.000999999999999890e+00
1.563546488843750000e+09	6.631000000000000227e+00	1.002000000000000002e+00
1.563546488937500000e+09	6.631999999999999673e+00	1.002000000000000002e+00
1.563546489046875000e+09	6.631999999999999673e+00	1.000999999999999890e+00
1.563546489140625000e+09	6.631999999999999673e+00	1.000999999999999890e+00
1.563546489250000000e+09	6.633000000000000007e+00	1.000999999999999890e+00
1.563546489468750000e+09	6.634000000000000341e+00	1.000999999999999890e+00
1.563546489734375000e+09	6.634000000000000341e+00	1.000999999999999890e+00
1.563546489921875000e+09	6.631000000000000227e+00	1.000999999999999890e+00
1.563546490031250000e+09	6.631999999999999673e+00	1.002000000000000002e+00
1.563546490140625000e+09	6.631000000000000227e+00	1.002000000000000002e+00
1.563546490234375000e+09	6.631999999999999673e+00	1.000999999999999890e+00
1.563546490343750000e+09	6.631000000000000227e+00	1.000999999999999890e+00
1.563546490578125000e+09	6.631000000000000227e+00	1.000999999999999890e+00
1.563546490906250000e+09	6.631000000000000227e+00	1.000999999999999890e+00
1.563546491031250000e+09	6.631000000000000227e+00	1.000999999999999890e+00
1.563546491156250000e+09	6.631999999999999673e+00	1.002000000000000002e+00
1.563546491265625000e+09	6.631000000000000227e+00	1.000999999999999890e+00
1.563546491359375000e+09	6.631999999999999673e+00	1.000999999999999890e+00
1.563546491468750000e+09	6.629999999999999893e+00	1.000999999999999890e+00
1.563546491578125000e+09	6.631999999999999673e+00	1.000999999999999890e+00
1.563546491875000000e+09	6.629999999999999893e+00	1.002000000000000002e+00
1.563546492109375000e+09	6.631000000000000227e+00	1.000999999999999890e+00
1.563546492250000000e+09	6.631000000000000227e+00	1.002000000000000002e+00
1.563546492359375000e+09	6.631999999999999673e+00	1.000999999999999890e+00
1.563546492453125000e+09	6.633000000000000007e+00	1.000999999999999890e+00
1.563546492562500000e+09	6.631999999999999673e+00	1.002000000000000002e+00
1.563546492656250000e+09	6.631000000000000227e+00	1.000999999999999890e+00
1.563546492968750000e+09	6.631999999999999673e+00	1.000999999999999890e+00
1.563546493187500000e+09	6.631999999999999673e+00	1.000999999999999890e+00
1.563546493328125000e+09	6.631999999999999673e+00	1.000999999999999890e+00
1.563546493437500000e+09	6.631999999999999673e+00	1.000000000000000000e+00
1.563546493546875000e+09	6.631999999999999673e+00	1.002000000000000002e+00
1.563546493640625000e+09	6.631999999999999673e+00	1.002000000000000002e+00
1.563546493750000000e+09	6.629999999999999893e+00	1.000999999999999890e+00
1.563546494140625000e+09	6.633000000000000007e+00	1.002000000000000002e+00
1.563546494359375000e+09	6.629999999999999893e+00	1.002000000000000002e+00
1.563546494453125000e+09	6.631000000000000227e+00	1.000999999999999890e+00
1.563546494562500000e+09	6.631999999999999673e+00	1.000999999999999890e+00
1.563546494671875000e+09	6.631999999999999673e+00	1.000999999999999890e+00
1.563546494765625000e+09	6.633000000000000007e+00	1.000999999999999890e+00
1.563546495000000000e+09	6.631999999999999673e+00	1.000000000000000000e+00
1.563546495250000000e+09	6.629999999999999893e+00	1.000999999999999890e+00
1.563546495437500000e+09	6.628999999999999559e+00	1.000999999999999890e+00
1.563546495546875000e+09	6.629999999999999893e+00	1.000999999999999890e+00
1.563546495640625000e+09	6.631000000000000227e+00	1.002000000000000002e+00
1.563546495750000000e+09	6.629999999999999893e+00	1.000999999999999890e+00
1.563546495859375000e+09	6.628999999999999559e+00	1.002000000000000002e+00
1.563546496093750000e+09	6.628000000000000114e+00	1.000999999999999890e+00
1.563546496296875000e+09	6.628999999999999559e+00	1.000999999999999890e+00
1.563546496531250000e+09	6.628000000000000114e+00	1.000999999999999890e+00
1.563546496625000000e+09	6.626999999999999780e+00	1.002000000000000002e+00
1.563546496734375000e+09	6.628999999999999559e+00	1.000999999999999890e+00
1.563546496828125000e+09	6.628999999999999559e+00	1.000999999999999890e+00
1.563546496937500000e+09	6.628999999999999559e+00	1.000999999999999890e+00
1.563546497156250000e+09	6.628999999999999559e+00	1.000999999999999890e+00
1.563546497421875000e+09	6.628999999999999559e+00	1.000999999999999890e+00
1.563546497609375000e+09	6.628999999999999559e+00	1.002000000000000002e+00
1.563546497703125000e+09	6.631000000000000227e+00	1.002000000000000002e+00
1.563546497812500000e+09	6.631999999999999673e+00	1.002000000000000002e+00
1.563546497906250000e+09	6.631999999999999673e+00	1.000999999999999890e+00
1.563546498015625000e+09	6.631999999999999673e+00	1.000999999999999890e+00
1.563546498140625000e+09	6.628999999999999559e+00	1.002000000000000002e+00
1.563546498500000000e+09	6.631000000000000227e+00	1.002000000000000002e+00
1.563546498687500000e+09	6.628999999999999559e+00	1.000999999999999890e+00
1.563546498843750000e+09	6.631000000000000227e+00	1.000999999999999890e+00
1.563546498937500000e+09	6.631999999999999673e+00	1.002000000000000002e+00
1.563546499046875000e+09	6.631000000000000227e+00	1.002000000000000002e+00
1.563546499140625000e+09	6.631000000000000227e+00	1.002000000000000002e+00
1.563546499250000000e+09	6.631999999999999673e+00	1.000999999999999890e+00
1.563546499625000000e+09	6.631999999999999673e+00	1.000999999999999890e+00
1.563546499796875000e+09	6.631000000000000227e+00	1.002000000000000002e+00
1.563546499921875000e+09	6.631999999999999673e+00	1.000999999999999890e+00
1.563546500031250000e+09	6.633000000000000007e+00	1.000999999999999890e+00
1.563546500140625000e+09	6.631999999999999673e+00	1.000999999999999890e+00
1.563546500234375000e+09	6.631999999999999673e+00	1.000999999999999890e+00
1.563546500343750000e+09	6.631999999999999673e+00	1.002000000000000002e+00
1.563546500671875000e+09	6.631999999999999673e+00	1.002000000000000002e+00
1.563546500875000000e+09	6.631999999999999673e+00	1.002000000000000002e+00
1.563546501015625000e+09	6.631999999999999673e+00	1.002000000000000002e+00
1.563546501125000000e+09	6.633000000000000007e+00	1.000999999999999890e+00
1.563546501218750000e+09	6.631000000000000227e+00	1.002000000000000002e+00
1.563546501328125000e+09	6.631999999999999673e+00	1.002000000000000002e+00
1.563546501421875000e+09	6.631999999999999673e+00	1.002000000000000002e+00
1.563546501734375000e+09	6.629999999999999893e+00	1.002000000000000002e+00
1.563546501984375000e+09	6.633000000000000007e+00	1.002000000000000002e+00
1.563546502187500000e+09	-0.000000000000000000e+00	1.200000000000000025e-02
1.563546502296875000e+09	-0.000000000000000000e+00	8.999999999999999320e-03
1.563546502406250000e+09	-0.000000000000000000e+00	8.999999999999999320e-03
1.563546502515625000e+09	-0.000000000000000000e+00	8.000000000000000167e-03
1.563546502718750000e+09	-0.000000000000000000e+00	7.000000000000000146e-03
1.563546502953125000e+09	-0.000000000000000000e+00	7.000000000000000146e-03
1.563546503140625000e+09	-0.000000000000000000e+00	7.000000000000000146e-03
1.563546503250000000e+09	-0.000000000000000000e+00	7.000000000000000146e-03
1.563546503343750000e+09	-0.000000000000000000e+00	6.000000000000000125e-03
1.563546503453125000e+09	-0.000000000000000000e+00	7.000000000000000146e-03
1.563546503562500000e+09	-0.000000000000000000e+00	6.000000000000000125e-03
1.563546503796875000e+09	-0.000000000000000000e+00	6.000000000000000125e-03
1.563546504046875000e+09	-0.000000000000000000e+00	6.000000000000000125e-03
1.563546504203125000e+09	-0.000000000000000000e+00	6.000000000000000125e-03
1.563546504328125000e+09	-0.000000000000000000e+00	6.000000000000000125e-03
1.563546504437500000e+09	-0.000000000000000000e+00	6.000000000000000125e-03
1.563546504546875000e+09	-0.000000000000000000e+00	6.000000000000000125e-03
1.563546504671875000e+09	-0.000000000000000000e+00	6.000000000000000125e-03
1.563546504765625000e+09	-0.000000000000000000e+00	6.000000000000000125e-03
1.563546505093750000e+09	-0.000000000000000000e+00	6.000000000000000125e-03
