# UNIX time, Current (A), PS Voltage (V), REF Voltage (V)
# SAMPLE_SURFACE = 15.7
# SAMPLE_NAME = Arnold2_uncoatig
# COATING_STEP = 2
1.562936260875000000e+09	-0.000000000000000000e+00	5.000000000000000104e-03
1.562936260984375000e+09	-0.000000000000000000e+00	5.000000000000000104e-03
1.562936261093750000e+09	-0.000000000000000000e+00	5.000000000000000104e-03
1.562936261203125000e+09	-0.000000000000000000e+00	5.000000000000000104e-03
1.562936261296875000e+09	-0.000000000000000000e+00	6.000000000000000125e-03
1.562936261406250000e+09	-0.000000000000000000e+00	6.000000000000000125e-03
1.562936261625000000e+09	-0.000000000000000000e+00	6.000000000000000125e-03
1.562936261906250000e+09	-0.000000000000000000e+00	5.000000000000000104e-03
1.562936262015625000e+09	-0.000000000000000000e+00	5.000000000000000104e-03
1.562936262125000000e+09	-0.000000000000000000e+00	5.000000000000000104e-03
1.562936262234375000e+09	-0.000000000000000000e+00	5.000000000000000104e-03
1.562936262328125000e+09	-0.000000000000000000e+00	5.000000000000000104e-03
1.562936262437500000e+09	-0.000000000000000000e+00	5.000000000000000104e-03
1.562936262781250000e+09	-0.000000000000000000e+00	5.000000000000000104e-03
1.562936262968750000e+09	-0.000000000000000000e+00	5.000000000000000104e-03
1.562936263109375000e+09	-0.000000000000000000e+00	5.000000000000000104e-03
1.562936263421875000e+09	1.429999999999999882e-01	2.010000000000000120e-01
1.562936263531250000e+09	1.449999999999999900e-01	2.010000000000000120e-01
1.562936263968750000e+09	1.449999999999999900e-01	2.020000000000000129e-01
1.562936264125000000e+09	1.479999999999999927e-01	2.010000000000000120e-01
1.562936264234375000e+09	1.479999999999999927e-01	2.020000000000000129e-01
1.562936264343750000e+09	1.459999999999999909e-01	2.010000000000000120e-01
1.562936264453125000e+09	1.479999999999999927e-01	2.010000000000000120e-01
1.562936264562500000e+09	1.489999999999999936e-01	2.010000000000000120e-01
1.562936264781250000e+09	1.479999999999999927e-01	2.020000000000000129e-01
1.562936265171875000e+09	1.489999999999999936e-01	2.010000000000000120e-01
1.562936265281250000e+09	1.459999999999999909e-01	2.010000000000000120e-01
1.562936265375000000e+09	1.499999999999999944e-01	2.010000000000000120e-01
1.562936265484375000e+09	1.489999999999999936e-01	2.020000000000000129e-01
1.562936265593750000e+09	1.519999999999999962e-01	2.020000000000000129e-01
1.562936265953125000e+09	1.489999999999999936e-01	2.020000000000000129e-01
1.562936266250000000e+09	1.489999999999999936e-01	2.020000000000000129e-01
1.562936266421875000e+09	1.519999999999999962e-01	2.010000000000000120e-01
1.562936266531250000e+09	1.479999999999999927e-01	2.010000000000000120e-01
1.562936266640625000e+09	1.519999999999999962e-01	2.020000000000000129e-01
1.562936266750000000e+09	1.519999999999999962e-01	2.020000000000000129e-01
1.562936267015625000e+09	1.499999999999999944e-01	2.020000000000000129e-01
1.562936267296875000e+09	1.529999999999999971e-01	2.020000000000000129e-01
1.562936267437500000e+09	1.499999999999999944e-01	2.010000000000000120e-01
1.562936267546875000e+09	1.509999999999999953e-01	2.010000000000000120e-01
1.562936267656250000e+09	1.509999999999999953e-01	2.020000000000000129e-01
1.562936267750000000e+09	1.499999999999999944e-01	2.010000000000000120e-01
1.562936267859375000e+09	1.519999999999999962e-01	2.020000000000000129e-01
1.562936268250000000e+09	1.509999999999999953e-01	2.020000000000000129e-01
1.562936268468750000e+09	1.509999999999999953e-01	2.020000000000000129e-01
1.562936268578125000e+09	1.509999999999999953e-01	2.010000000000000120e-01
1.562936268687500000e+09	1.509999999999999953e-01	2.020000000000000129e-01
1.562936268796875000e+09	1.529999999999999971e-01	2.010000000000000120e-01
1.562936268906250000e+09	1.509999999999999953e-01	2.020000000000000129e-01
1.562936269171875000e+09	1.509999999999999953e-01	2.010000000000000120e-01
1.562936269453125000e+09	1.509999999999999953e-01	2.020000000000000129e-01
1.562936269609375000e+09	1.509999999999999953e-01	2.020000000000000129e-01
1.562936269718750000e+09	1.519999999999999962e-01	2.010000000000000120e-01
1.562936269828125000e+09	1.539999999999999980e-01	2.030000000000000138e-01
1.562936269937500000e+09	1.529999999999999971e-01	2.020000000000000129e-01
1.562936270046875000e+09	1.499999999999999944e-01	2.010000000000000120e-01
1.562936270390625000e+09	1.519999999999999962e-01	2.020000000000000129e-01
1.562936270640625000e+09	1.509999999999999953e-01	2.020000000000000129e-01
1.562936270750000000e+09	1.529999999999999971e-01	2.010000000000000120e-01
1.562936270859375000e+09	1.509999999999999953e-01	2.010000000000000120e-01
1.562936270968750000e+09	1.529999999999999971e-01	2.020000000000000129e-01
1.562936271078125000e+09	1.519999999999999962e-01	2.020000000000000129e-01
1.562936271343750000e+09	1.509999999999999953e-01	2.020000000000000129e-01
1.562936271656250000e+09	1.529999999999999971e-01	2.020000000000000129e-01
1.562936271765625000e+09	1.539999999999999980e-01	2.020000000000000129e-01
1.562936271875000000e+09	1.519999999999999962e-01	2.010000000000000120e-01
1.562936271984375000e+09	1.539999999999999980e-01	2.010000000000000120e-01
1.562936272093750000e+09	1.539999999999999980e-01	2.020000000000000129e-01
1.562936272328125000e+09	1.509999999999999953e-01	2.020000000000000129e-01
1.562936272656250000e+09	1.519999999999999962e-01	2.010000000000000120e-01
1.562936272796875000e+09	1.539999999999999980e-01	2.020000000000000129e-01
1.562936272906250000e+09	1.519999999999999962e-01	2.020000000000000129e-01
1.562936273015625000e+09	1.509999999999999953e-01	2.010000000000000120e-01
1.562936273125000000e+09	1.539999999999999980e-01	2.020000000000000129e-01
1.562936273234375000e+09	1.529999999999999971e-01	2.030000000000000138e-01
1.562936273593750000e+09	1.539999999999999980e-01	2.010000000000000120e-01
1.562936273890625000e+09	1.539999999999999980e-01	2.020000000000000129e-01
1.562936274000000000e+09	1.539999999999999980e-01	2.030000000000000138e-01
1.562936274109375000e+09	1.519999999999999962e-01	2.020000000000000129e-01
1.562936274218750000e+09	1.509999999999999953e-01	2.020000000000000129e-01
1.562936274328125000e+09	1.529999999999999971e-01	2.010000000000000120e-01
1.562936274546875000e+09	1.519999999999999962e-01	2.020000000000000129e-01
1.562936274890625000e+09	1.539999999999999980e-01	2.020000000000000129e-01
1.562936275015625000e+09	1.519999999999999962e-01	2.010000000000000120e-01
1.562936275125000000e+09	1.519999999999999962e-01	2.010000000000000120e-01
1.562936275234375000e+09	1.539999999999999980e-01	2.020000000000000129e-01
1.562936275343750000e+09	1.519999999999999962e-01	2.010000000000000120e-01
1.562936275593750000e+09	1.529999999999999971e-01	2.030000000000000138e-01
1.562936275968750000e+09	1.529999999999999971e-01	2.010000000000000120e-01
1.562936276078125000e+09	1.529999999999999971e-01	2.010000000000000120e-01
1.562936276187500000e+09	1.559999999999999998e-01	2.010000000000000120e-01
1.562936276296875000e+09	1.549999999999999989e-01	2.020000000000000129e-01
1.562936276406250000e+09	1.539999999999999980e-01	2.020000000000000129e-01
1.562936276515625000e+09	1.539999999999999980e-01	2.010000000000000120e-01
1.562936276968750000e+09	1.539999999999999980e-01	2.020000000000000129e-01
1.562936277156250000e+09	1.529999999999999971e-01	2.020000000000000129e-01
1.562936277265625000e+09	1.559999999999999998e-01	2.020000000000000129e-01
1.562936277375000000e+09	1.539999999999999980e-01	2.020000000000000129e-01
1.562936277484375000e+09	1.539999999999999980e-01	2.020000000000000129e-01
1.562936277593750000e+09	1.529999999999999971e-01	2.010000000000000120e-01
1.562936277984375000e+09	1.549999999999999989e-01	2.020000000000000129e-01
1.562936278171875000e+09	1.549999999999999989e-01	2.010000000000000120e-01
1.562936278281250000e+09	1.529999999999999971e-01	2.010000000000000120e-01
1.562936278390625000e+09	1.549999999999999989e-01	2.020000000000000129e-01
1.562936278500000000e+09	1.549999999999999989e-01	2.020000000000000129e-01
1.562936278609375000e+09	1.559999999999999998e-01	2.020000000000000129e-01
1.562936278843750000e+09	1.539999999999999980e-01	2.010000000000000120e-01
1.562936279125000000e+09	1.580000000000000016e-01	2.020000000000000129e-01
1.562936279328125000e+09	1.559999999999999998e-01	2.010000000000000120e-01
1.562936279437500000e+09	1.559999999999999998e-01	2.020000000000000129e-01
1.562936279546875000e+09	1.549999999999999989e-01	2.010000000000000120e-01
1.562936279656250000e+09	1.559999999999999998e-01	2.010000000000000120e-01
1.562936279890625000e+09	1.559999999999999998e-01	2.010000000000000120e-01
1.562936280203125000e+09	1.559999999999999998e-01	2.010000000000000120e-01
1.562936280359375000e+09	1.559999999999999998e-01	2.010000000000000120e-01
1.562936280468750000e+09	1.549999999999999989e-01	2.010000000000000120e-01
1.562936280578125000e+09	1.559999999999999998e-01	2.010000000000000120e-01
1.562936280687500000e+09	1.549999999999999989e-01	2.010000000000000120e-01
1.562936280796875000e+09	1.580000000000000016e-01	2.030000000000000138e-01
1.562936281187500000e+09	1.559999999999999998e-01	2.010000000000000120e-01
1.562936281437500000e+09	1.559999999999999998e-01	2.010000000000000120e-01
1.562936281546875000e+09	1.580000000000000016e-01	2.020000000000000129e-01
1.562936281656250000e+09	1.539999999999999980e-01	2.020000000000000129e-01
1.562936281765625000e+09	1.580000000000000016e-01	2.020000000000000129e-01
1.562936281875000000e+09	1.580000000000000016e-01	2.010000000000000120e-01
1.562936282171875000e+09	1.559999999999999998e-01	2.020000000000000129e-01
1.562936282437500000e+09	1.580000000000000016e-01	2.020000000000000129e-01
1.562936282546875000e+09	1.590000000000000024e-01	2.020000000000000129e-01
1.562936282656250000e+09	1.549999999999999989e-01	2.020000000000000129e-01
1.562936282765625000e+09	1.559999999999999998e-01	2.020000000000000129e-01
1.562936282875000000e+09	1.559999999999999998e-01	2.020000000000000129e-01
1.562936283156250000e+09	1.559999999999999998e-01	2.010000000000000120e-01
1.562936283453125000e+09	1.580000000000000016e-01	2.020000000000000129e-01
1.562936283593750000e+09	1.559999999999999998e-01	2.020000000000000129e-01
1.562936283703125000e+09	1.580000000000000016e-01	2.020000000000000129e-01
1.562936283812500000e+09	1.559999999999999998e-01	2.020000000000000129e-01
1.562936283921875000e+09	1.590000000000000024e-01	2.020000000000000129e-01
1.562936284156250000e+09	1.559999999999999998e-01	2.020000000000000129e-01
1.562936284453125000e+09	1.559999999999999998e-01	2.020000000000000129e-01
1.562936284640625000e+09	1.559999999999999998e-01	2.010000000000000120e-01
1.562936284750000000e+09	1.600000000000000033e-01	2.020000000000000129e-01
1.562936284859375000e+09	1.580000000000000016e-01	2.010000000000000120e-01
1.562936284968750000e+09	1.570000000000000007e-01	2.020000000000000129e-01
1.562936285250000000e+09	1.590000000000000024e-01	2.020000000000000129e-01
1.562936285515625000e+09	1.580000000000000016e-01	2.020000000000000129e-01
1.562936285687500000e+09	1.580000000000000016e-01	2.010000000000000120e-01
1.562936285796875000e+09	1.580000000000000016e-01	2.020000000000000129e-01
1.562936285906250000e+09	1.580000000000000016e-01	2.010000000000000120e-01
1.562936286015625000e+09	1.600000000000000033e-01	2.020000000000000129e-01
1.562936286234375000e+09	1.580000000000000016e-01	2.010000000000000120e-01
1.562936286531250000e+09	1.600000000000000033e-01	2.010000000000000120e-01
1.562936286718750000e+09	1.559999999999999998e-01	2.020000000000000129e-01
1.562936286828125000e+09	1.600000000000000033e-01	2.010000000000000120e-01
1.562936286937500000e+09	1.580000000000000016e-01	2.020000000000000129e-01
1.562936287046875000e+09	1.559999999999999998e-01	2.020000000000000129e-01
1.562936287156250000e+09	1.600000000000000033e-01	2.020000000000000129e-01
1.562936287390625000e+09	1.559999999999999998e-01	2.010000000000000120e-01
1.562936287656250000e+09	1.559999999999999998e-01	2.010000000000000120e-01
1.562936287796875000e+09	1.610000000000000042e-01	2.020000000000000129e-01
1.562936287906250000e+09	1.570000000000000007e-01	2.010000000000000120e-01
1.562936288015625000e+09	1.600000000000000033e-01	2.010000000000000120e-01
1.562936288125000000e+09	1.590000000000000024e-01	2.020000000000000129e-01
1.562936288375000000e+09	1.580000000000000016e-01	2.010000000000000120e-01
1.562936288546875000e+09	1.580000000000000016e-01	2.020000000000000129e-01
1.562936288796875000e+09	1.580000000000000016e-01	2.000000000000000111e-01
1.562936288937500000e+09	1.610000000000000042e-01	2.010000000000000120e-01
1.562936289046875000e+09	1.600000000000000033e-01	2.020000000000000129e-01
1.562936289156250000e+09	1.590000000000000024e-01	2.010000000000000120e-01
1.562936289265625000e+09	1.600000000000000033e-01	2.020000000000000129e-01
1.562936289375000000e+09	1.600000000000000033e-01	2.020000000000000129e-01
1.562936289656250000e+09	1.580000000000000016e-01	2.000000000000000111e-01
1.562936289890625000e+09	1.600000000000000033e-01	2.020000000000000129e-01
1.562936290000000000e+09	1.610000000000000042e-01	2.020000000000000129e-01
1.562936290109375000e+09	1.600000000000000033e-01	2.010000000000000120e-01
1.562936290218750000e+09	1.600000000000000033e-01	2.010000000000000120e-01
1.562936290328125000e+09	1.600000000000000033e-01	2.020000000000000129e-01
1.562936290437500000e+09	1.600000000000000033e-01	2.030000000000000138e-01
1.562936290828125000e+09	1.590000000000000024e-01	2.010000000000000120e-01
1.562936291015625000e+09	1.590000000000000024e-01	2.020000000000000129e-01
1.562936291125000000e+09	1.600000000000000033e-01	2.010000000000000120e-01
1.562936291234375000e+09	1.590000000000000024e-01	2.020000000000000129e-01
1.562936291343750000e+09	1.590000000000000024e-01	2.010000000000000120e-01
1.562936291453125000e+09	1.590000000000000024e-01	2.020000000000000129e-01
1.562936291687500000e+09	1.600000000000000033e-01	2.020000000000000129e-01
1.562936291968750000e+09	1.610000000000000042e-01	2.020000000000000129e-01
1.562936292140625000e+09	1.600000000000000033e-01	2.020000000000000129e-01
1.562936292250000000e+09	1.600000000000000033e-01	2.010000000000000120e-01
1.562936292359375000e+09	1.620000000000000051e-01	2.020000000000000129e-01
1.562936292468750000e+09	1.580000000000000016e-01	2.010000000000000120e-01
1.562936292718750000e+09	1.610000000000000042e-01	2.020000000000000129e-01
1.562936293093750000e+09	1.600000000000000033e-01	2.020000000000000129e-01
1.562936293203125000e+09	1.580000000000000016e-01	2.020000000000000129e-01
1.562936293312500000e+09	1.600000000000000033e-01	2.010000000000000120e-01
1.562936293421875000e+09	1.600000000000000033e-01	2.020000000000000129e-01
1.562936293531250000e+09	1.600000000000000033e-01	2.020000000000000129e-01
1.562936293812500000e+09	1.620000000000000051e-01	2.020000000000000129e-01
1.562936294078125000e+09	1.590000000000000024e-01	2.020000000000000129e-01
1.562936294265625000e+09	1.610000000000000042e-01	2.020000000000000129e-01
1.562936294375000000e+09	1.620000000000000051e-01	2.000000000000000111e-01
1.562936294484375000e+09	1.600000000000000033e-01	2.020000000000000129e-01
1.562936294578125000e+09	1.600000000000000033e-01	2.020000000000000129e-01
1.562936294687500000e+09	1.600000000000000033e-01	2.020000000000000129e-01
1.562936295093750000e+09	1.610000000000000042e-01	2.010000000000000120e-01
1.562936295312500000e+09	1.600000000000000033e-01	2.020000000000000129e-01
1.562936295421875000e+09	1.590000000000000024e-01	2.010000000000000120e-01
1.562936295531250000e+09	1.610000000000000042e-01	2.020000000000000129e-01
1.562936295640625000e+09	1.590000000000000024e-01	2.010000000000000120e-01
1.562936295750000000e+09	1.600000000000000033e-01	2.010000000000000120e-01
1.562936296250000000e+09	1.600000000000000033e-01	2.020000000000000129e-01
1.562936296421875000e+09	1.610000000000000042e-01	2.020000000000000129e-01
1.562936296531250000e+09	1.600000000000000033e-01	2.020000000000000129e-01
1.562936296640625000e+09	1.580000000000000016e-01	2.010000000000000120e-01
1.562936296750000000e+09	1.610000000000000042e-01	2.010000000000000120e-01
1.562936296859375000e+09	1.600000000000000033e-01	2.010000000000000120e-01
1.562936297093750000e+09	1.600000000000000033e-01	2.020000000000000129e-01
1.562936297359375000e+09	1.580000000000000016e-01	2.010000000000000120e-01
1.562936297546875000e+09	1.580000000000000016e-01	2.010000000000000120e-01
1.562936297656250000e+09	1.590000000000000024e-01	2.010000000000000120e-01
1.562936297765625000e+09	1.610000000000000042e-01	2.010000000000000120e-01
1.562936297875000000e+09	1.600000000000000033e-01	2.020000000000000129e-01
1.562936297984375000e+09	1.620000000000000051e-01	2.020000000000000129e-01
1.562936298375000000e+09	1.610000000000000042e-01	2.010000000000000120e-01
1.562936298578125000e+09	1.600000000000000033e-01	2.020000000000000129e-01
1.562936298687500000e+09	1.600000000000000033e-01	2.020000000000000129e-01
1.562936298796875000e+09	1.590000000000000024e-01	2.010000000000000120e-01
1.562936298906250000e+09	1.600000000000000033e-01	2.020000000000000129e-01
1.562936299015625000e+09	1.590000000000000024e-01	2.010000000000000120e-01
1.562936299234375000e+09	1.600000000000000033e-01	2.020000000000000129e-01
1.562936299500000000e+09	1.600000000000000033e-01	2.020000000000000129e-01
1.562936299671875000e+09	1.600000000000000033e-01	2.020000000000000129e-01
1.562936299781250000e+09	1.610000000000000042e-01	2.020000000000000129e-01
1.562936299890625000e+09	1.600000000000000033e-01	2.010000000000000120e-01
1.562936300000000000e+09	1.620000000000000051e-01	2.020000000000000129e-01
1.562936300109375000e+09	1.590000000000000024e-01	2.010000000000000120e-01
1.562936300390625000e+09	1.620000000000000051e-01	2.010000000000000120e-01
1.562936300656250000e+09	1.620000000000000051e-01	2.020000000000000129e-01
1.562936300781250000e+09	1.600000000000000033e-01	2.020000000000000129e-01
1.562936300890625000e+09	1.600000000000000033e-01	2.010000000000000120e-01
1.562936301000000000e+09	1.620000000000000051e-01	2.010000000000000120e-01
1.562936301109375000e+09	1.620000000000000051e-01	2.020000000000000129e-01
1.562936301218750000e+09	1.600000000000000033e-01	2.020000000000000129e-01
1.562936301609375000e+09	1.610000000000000042e-01	2.010000000000000120e-01
1.562936301812500000e+09	1.590000000000000024e-01	2.010000000000000120e-01
1.562936301921875000e+09	1.590000000000000024e-01	2.010000000000000120e-01
1.562936302031250000e+09	1.620000000000000051e-01	2.020000000000000129e-01
1.562936302140625000e+09	1.580000000000000016e-01	2.020000000000000129e-01
1.562936302250000000e+09	1.610000000000000042e-01	2.010000000000000120e-01
1.562936302531250000e+09	1.600000000000000033e-01	2.020000000000000129e-01
1.562936302750000000e+09	1.600000000000000033e-01	2.020000000000000129e-01
1.562936302906250000e+09	1.590000000000000024e-01	2.010000000000000120e-01
1.562936303015625000e+09	1.600000000000000033e-01	2.020000000000000129e-01
1.562936303109375000e+09	1.600000000000000033e-01	2.010000000000000120e-01
1.562936303218750000e+09	1.600000000000000033e-01	2.020000000000000129e-01
1.562936303328125000e+09	1.600000000000000033e-01	2.020000000000000129e-01
1.562936303734375000e+09	1.600000000000000033e-01	2.010000000000000120e-01
1.562936304000000000e+09	1.620000000000000051e-01	2.020000000000000129e-01
1.562936304109375000e+09	1.600000000000000033e-01	2.010000000000000120e-01
1.562936304218750000e+09	1.600000000000000033e-01	2.020000000000000129e-01
1.562936304328125000e+09	1.600000000000000033e-01	2.010000000000000120e-01
1.562936304437500000e+09	1.600000000000000033e-01	2.020000000000000129e-01
1.562936304546875000e+09	1.620000000000000051e-01	2.020000000000000129e-01
1.562936304937500000e+09	1.600000000000000033e-01	2.020000000000000129e-01
1.562936305156250000e+09	1.610000000000000042e-01	2.020000000000000129e-01
1.562936305265625000e+09	1.610000000000000042e-01	2.010000000000000120e-01
1.562936305375000000e+09	1.620000000000000051e-01	2.030000000000000138e-01
1.562936305468750000e+09	1.600000000000000033e-01	2.000000000000000111e-01
1.562936305578125000e+09	1.600000000000000033e-01	2.020000000000000129e-01
1.562936305984375000e+09	1.590000000000000024e-01	2.010000000000000120e-01
1.562936306156250000e+09	1.590000000000000024e-01	2.020000000000000129e-01
1.562936306281250000e+09	1.590000000000000024e-01	2.010000000000000120e-01
1.562936306390625000e+09	1.610000000000000042e-01	2.010000000000000120e-01
1.562936306500000000e+09	1.610000000000000042e-01	2.020000000000000129e-01
1.562936306609375000e+09	1.610000000000000042e-01	2.020000000000000129e-01
1.562936306859375000e+09	1.600000000000000033e-01	2.020000000000000129e-01
1.562936307109375000e+09	1.600000000000000033e-01	2.020000000000000129e-01
1.562936307281250000e+09	1.600000000000000033e-01	2.020000000000000129e-01
1.562936307390625000e+09	1.600000000000000033e-01	2.010000000000000120e-01
1.562936307500000000e+09	1.590000000000000024e-01	2.010000000000000120e-01
1.562936307609375000e+09	1.590000000000000024e-01	2.020000000000000129e-01
1.562936307718750000e+09	1.600000000000000033e-01	2.020000000000000129e-01
1.562936308109375000e+09	1.590000000000000024e-01	2.020000000000000129e-01
1.562936308328125000e+09	1.610000000000000042e-01	2.010000000000000120e-01
1.562936308437500000e+09	1.600000000000000033e-01	2.020000000000000129e-01
1.562936308546875000e+09	1.620000000000000051e-01	2.020000000000000129e-01
1.562936308656250000e+09	1.600000000000000033e-01	2.020000000000000129e-01
1.562936308750000000e+09	1.600000000000000033e-01	2.020000000000000129e-01
1.562936309046875000e+09	1.590000000000000024e-01	2.010000000000000120e-01
1.562936309296875000e+09	1.600000000000000033e-01	2.010000000000000120e-01
1.562936309421875000e+09	1.600000000000000033e-01	2.010000000000000120e-01
1.562936309531250000e+09	1.600000000000000033e-01	2.020000000000000129e-01
1.562936309640625000e+09	1.590000000000000024e-01	2.020000000000000129e-01
1.562936309750000000e+09	1.600000000000000033e-01	2.020000000000000129e-01
1.562936309859375000e+09	1.580000000000000016e-01	2.020000000000000129e-01
1.562936310250000000e+09	1.600000000000000033e-01	2.010000000000000120e-01
1.562936310421875000e+09	1.600000000000000033e-01	2.020000000000000129e-01
1.562936310531250000e+09	1.600000000000000033e-01	2.020000000000000129e-01
1.562936310640625000e+09	1.620000000000000051e-01	2.020000000000000129e-01
1.562936310750000000e+09	1.600000000000000033e-01	2.020000000000000129e-01
1.562936310859375000e+09	1.580000000000000016e-01	2.020000000000000129e-01
1.562936311265625000e+09	1.600000000000000033e-01	2.020000000000000129e-01
1.562936311500000000e+09	1.600000000000000033e-01	2.010000000000000120e-01
1.562936311609375000e+09	1.620000000000000051e-01	2.010000000000000120e-01
1.562936311718750000e+09	1.620000000000000051e-01	2.020000000000000129e-01
1.562936311828125000e+09	1.600000000000000033e-01	2.020000000000000129e-01
1.562936311937500000e+09	1.610000000000000042e-01	2.020000000000000129e-01
1.562936312046875000e+09	1.610000000000000042e-01	2.020000000000000129e-01
1.562936312406250000e+09	1.590000000000000024e-01	2.020000000000000129e-01
1.562936312625000000e+09	1.600000000000000033e-01	2.010000000000000120e-01
1.562936312734375000e+09	1.610000000000000042e-01	2.020000000000000129e-01
1.562936312843750000e+09	1.610000000000000042e-01	2.020000000000000129e-01
1.562936312953125000e+09	1.580000000000000016e-01	2.010000000000000120e-01
1.562936313062500000e+09	1.610000000000000042e-01	2.010000000000000120e-01
1.562936313390625000e+09	1.600000000000000033e-01	2.020000000000000129e-01
1.562936313625000000e+09	1.580000000000000016e-01	2.020000000000000129e-01
1.562936313750000000e+09	1.610000000000000042e-01	2.010000000000000120e-01
1.562936313859375000e+09	1.610000000000000042e-01	2.020000000000000129e-01
1.562936313968750000e+09	1.590000000000000024e-01	2.020000000000000129e-01
1.562936314078125000e+09	1.610000000000000042e-01	2.020000000000000129e-01
1.562936314328125000e+09	1.590000000000000024e-01	2.020000000000000129e-01
1.562936314546875000e+09	1.580000000000000016e-01	2.010000000000000120e-01
1.562936314734375000e+09	1.600000000000000033e-01	2.010000000000000120e-01
1.562936314843750000e+09	1.590000000000000024e-01	2.010000000000000120e-01
1.562936314953125000e+09	1.590000000000000024e-01	2.010000000000000120e-01
1.562936315062500000e+09	1.580000000000000016e-01	2.020000000000000129e-01
1.562936315171875000e+09	1.590000000000000024e-01	2.010000000000000120e-01
1.562936315406250000e+09	1.600000000000000033e-01	2.020000000000000129e-01
1.562936315687500000e+09	1.580000000000000016e-01	2.010000000000000120e-01
1.562936315843750000e+09	1.580000000000000016e-01	2.020000000000000129e-01
1.562936315953125000e+09	1.590000000000000024e-01	2.020000000000000129e-01
1.562936316062500000e+09	1.580000000000000016e-01	2.010000000000000120e-01
1.562936316171875000e+09	1.580000000000000016e-01	2.010000000000000120e-01
1.562936316281250000e+09	1.580000000000000016e-01	2.010000000000000120e-01
1.562936316578125000e+09	1.620000000000000051e-01	2.010000000000000120e-01
1.562936316843750000e+09	1.590000000000000024e-01	2.020000000000000129e-01
1.562936316968750000e+09	1.570000000000000007e-01	2.020000000000000129e-01
1.562936317078125000e+09	1.600000000000000033e-01	2.020000000000000129e-01
1.562936317187500000e+09	1.580000000000000016e-01	2.020000000000000129e-01
1.562936317281250000e+09	1.600000000000000033e-01	2.020000000000000129e-01
1.562936317515625000e+09	1.600000000000000033e-01	2.020000000000000129e-01
1.562936317828125000e+09	1.580000000000000016e-01	2.020000000000000129e-01
1.562936317984375000e+09	1.590000000000000024e-01	2.010000000000000120e-01
1.562936318093750000e+09	1.590000000000000024e-01	2.020000000000000129e-01
1.562936318203125000e+09	1.600000000000000033e-01	2.020000000000000129e-01
1.562936318312500000e+09	1.600000000000000033e-01	2.020000000000000129e-01
1.562936318421875000e+09	1.610000000000000042e-01	2.020000000000000129e-01
1.562936318875000000e+09	1.600000000000000033e-01	2.020000000000000129e-01
1.562936319078125000e+09	1.600000000000000033e-01	2.020000000000000129e-01
1.562936319187500000e+09	1.580000000000000016e-01	2.020000000000000129e-01
1.562936319296875000e+09	1.580000000000000016e-01	2.020000000000000129e-01
1.562936319406250000e+09	1.580000000000000016e-01	2.020000000000000129e-01
1.562936319515625000e+09	1.570000000000000007e-01	2.020000000000000129e-01
1.562936319921875000e+09	1.580000000000000016e-01	2.020000000000000129e-01
1.562936320093750000e+09	1.559999999999999998e-01	2.020000000000000129e-01
1.562936320203125000e+09	1.600000000000000033e-01	2.020000000000000129e-01
1.562936320312500000e+09	1.580000000000000016e-01	2.020000000000000129e-01
1.562936320421875000e+09	1.590000000000000024e-01	2.020000000000000129e-01
1.562936320531250000e+09	1.570000000000000007e-01	2.020000000000000129e-01
1.562936320828125000e+09	1.580000000000000016e-01	2.010000000000000120e-01
1.562936321156250000e+09	1.559999999999999998e-01	2.020000000000000129e-01
1.562936321265625000e+09	1.590000000000000024e-01	2.010000000000000120e-01
1.562936321375000000e+09	1.590000000000000024e-01	2.020000000000000129e-01
1.562936321484375000e+09	1.590000000000000024e-01	2.020000000000000129e-01
1.562936321593750000e+09	1.580000000000000016e-01	2.020000000000000129e-01
1.562936321828125000e+09	1.580000000000000016e-01	2.020000000000000129e-01
1.562936322140625000e+09	1.580000000000000016e-01	2.020000000000000129e-01
1.562936322281250000e+09	1.580000000000000016e-01	2.010000000000000120e-01
1.562936322390625000e+09	1.559999999999999998e-01	2.010000000000000120e-01
1.562936322500000000e+09	1.580000000000000016e-01	2.010000000000000120e-01
1.562936322609375000e+09	1.580000000000000016e-01	2.020000000000000129e-01
1.562936322718750000e+09	1.580000000000000016e-01	2.020000000000000129e-01
1.562936322984375000e+09	1.570000000000000007e-01	2.020000000000000129e-01
1.562936323265625000e+09	1.559999999999999998e-01	2.010000000000000120e-01
1.562936323406250000e+09	1.580000000000000016e-01	2.010000000000000120e-01
1.562936323515625000e+09	1.559999999999999998e-01	2.020000000000000129e-01
1.562936323625000000e+09	1.549999999999999989e-01	2.020000000000000129e-01
1.562936323734375000e+09	1.549999999999999989e-01	2.010000000000000120e-01
1.562936323968750000e+09	1.580000000000000016e-01	2.010000000000000120e-01
1.562936324265625000e+09	1.559999999999999998e-01	2.010000000000000120e-01
1.562936324421875000e+09	1.580000000000000016e-01	2.020000000000000129e-01
1.562936324531250000e+09	1.570000000000000007e-01	2.010000000000000120e-01
1.562936324640625000e+09	1.549999999999999989e-01	2.020000000000000129e-01
1.562936324750000000e+09	1.549999999999999989e-01	2.010000000000000120e-01
1.562936324859375000e+09	1.580000000000000016e-01	2.010000000000000120e-01
1.562936325250000000e+09	1.570000000000000007e-01	2.020000000000000129e-01
1.562936325468750000e+09	1.559999999999999998e-01	2.010000000000000120e-01
1.562936325578125000e+09	1.559999999999999998e-01	2.010000000000000120e-01
1.562936325687500000e+09	1.559999999999999998e-01	2.010000000000000120e-01
1.562936325796875000e+09	1.559999999999999998e-01	2.020000000000000129e-01
1.562936325906250000e+09	1.559999999999999998e-01	2.010000000000000120e-01
1.562936326171875000e+09	1.559999999999999998e-01	2.020000000000000129e-01
1.562936326484375000e+09	1.570000000000000007e-01	2.020000000000000129e-01
1.562936326640625000e+09	1.559999999999999998e-01	2.020000000000000129e-01
1.562936326750000000e+09	1.549999999999999989e-01	2.020000000000000129e-01
1.562936326859375000e+09	1.559999999999999998e-01	2.010000000000000120e-01
1.562936326968750000e+09	1.559999999999999998e-01	2.010000000000000120e-01
1.562936327078125000e+09	1.559999999999999998e-01	2.020000000000000129e-01
1.562936327359375000e+09	1.549999999999999989e-01	2.010000000000000120e-01
1.562936327656250000e+09	1.549999999999999989e-01	2.020000000000000129e-01
1.562936327765625000e+09	1.549999999999999989e-01	2.010000000000000120e-01
1.562936327875000000e+09	1.529999999999999971e-01	2.010000000000000120e-01
1.562936327984375000e+09	1.559999999999999998e-01	2.000000000000000111e-01
1.562936328093750000e+09	1.559999999999999998e-01	2.010000000000000120e-01
1.562936328343750000e+09	1.570000000000000007e-01	2.020000000000000129e-01
1.562936328703125000e+09	1.539999999999999980e-01	2.010000000000000120e-01
1.562936328828125000e+09	1.539999999999999980e-01	2.020000000000000129e-01
1.562936328937500000e+09	1.539999999999999980e-01	2.010000000000000120e-01
1.562936329046875000e+09	1.559999999999999998e-01	2.010000000000000120e-01
1.562936329156250000e+09	1.549999999999999989e-01	2.020000000000000129e-01
1.562936329265625000e+09	1.549999999999999989e-01	2.020000000000000129e-01
1.562936329640625000e+09	1.549999999999999989e-01	2.010000000000000120e-01
1.562936329843750000e+09	1.559999999999999998e-01	2.010000000000000120e-01
1.562936329953125000e+09	1.529999999999999971e-01	2.010000000000000120e-01
1.562936330062500000e+09	1.529999999999999971e-01	2.010000000000000120e-01
1.562936330171875000e+09	1.539999999999999980e-01	2.020000000000000129e-01
1.562936330281250000e+09	1.529999999999999971e-01	2.020000000000000129e-01
1.562936330546875000e+09	1.539999999999999980e-01	2.010000000000000120e-01
1.562936330828125000e+09	1.539999999999999980e-01	2.010000000000000120e-01
1.562936330968750000e+09	1.559999999999999998e-01	2.020000000000000129e-01
1.562936331078125000e+09	1.519999999999999962e-01	2.010000000000000120e-01
1.562936331187500000e+09	1.549999999999999989e-01	2.020000000000000129e-01
1.562936331296875000e+09	1.529999999999999971e-01	2.010000000000000120e-01
1.562936331406250000e+09	1.529999999999999971e-01	2.020000000000000129e-01
1.562936331796875000e+09	1.539999999999999980e-01	2.010000000000000120e-01
1.562936332000000000e+09	1.529999999999999971e-01	2.020000000000000129e-01
1.562936332109375000e+09	1.529999999999999971e-01	2.010000000000000120e-01
1.562936332218750000e+09	1.529999999999999971e-01	2.010000000000000120e-01
1.562936332328125000e+09	1.529999999999999971e-01	2.010000000000000120e-01
1.562936332437500000e+09	1.529999999999999971e-01	2.010000000000000120e-01
1.562936332765625000e+09	1.529999999999999971e-01	2.010000000000000120e-01
1.562936332984375000e+09	1.529999999999999971e-01	2.020000000000000129e-01
1.562936333125000000e+09	1.529999999999999971e-01	2.020000000000000129e-01
1.562936333234375000e+09	1.529999999999999971e-01	2.010000000000000120e-01
1.562936333343750000e+09	1.529999999999999971e-01	2.010000000000000120e-01
1.562936333453125000e+09	1.529999999999999971e-01	2.020000000000000129e-01
1.562936333562500000e+09	1.539999999999999980e-01	2.010000000000000120e-01
1.562936334031250000e+09	1.509999999999999953e-01	2.020000000000000129e-01
1.562936334250000000e+09	1.519999999999999962e-01	2.020000000000000129e-01
1.562936334359375000e+09	1.519999999999999962e-01	2.020000000000000129e-01
1.562936334468750000e+09	1.529999999999999971e-01	2.010000000000000120e-01
1.562936334578125000e+09	1.519999999999999962e-01	2.010000000000000120e-01
1.562936334687500000e+09	1.519999999999999962e-01	2.020000000000000129e-01
1.562936334984375000e+09	1.519999999999999962e-01	2.020000000000000129e-01
1.562936335250000000e+09	1.509999999999999953e-01	2.020000000000000129e-01
1.562936335390625000e+09	1.509999999999999953e-01	2.010000000000000120e-01
1.562936335500000000e+09	1.539999999999999980e-01	2.020000000000000129e-01
1.562936335609375000e+09	1.509999999999999953e-01	2.010000000000000120e-01
1.562936335718750000e+09	1.529999999999999971e-01	2.010000000000000120e-01
1.562936335921875000e+09	1.509999999999999953e-01	2.010000000000000120e-01
1.562936336265625000e+09	1.519999999999999962e-01	2.020000000000000129e-01
1.562936336421875000e+09	1.509999999999999953e-01	2.010000000000000120e-01
1.562936336531250000e+09	1.489999999999999936e-01	2.020000000000000129e-01
1.562936336640625000e+09	1.499999999999999944e-01	2.020000000000000129e-01
1.562936336750000000e+09	1.509999999999999953e-01	2.010000000000000120e-01
1.562936336859375000e+09	1.509999999999999953e-01	2.020000000000000129e-01
1.562936337171875000e+09	1.529999999999999971e-01	2.010000000000000120e-01
1.562936337390625000e+09	1.509999999999999953e-01	2.010000000000000120e-01
1.562936337546875000e+09	1.519999999999999962e-01	2.020000000000000129e-01
1.562936337656250000e+09	1.489999999999999936e-01	2.010000000000000120e-01
1.562936337765625000e+09	1.499999999999999944e-01	2.020000000000000129e-01
1.562936337875000000e+09	1.519999999999999962e-01	2.010000000000000120e-01
1.562936337984375000e+09	1.529999999999999971e-01	2.020000000000000129e-01
1.562936338390625000e+09	1.519999999999999962e-01	2.010000000000000120e-01
1.562936338578125000e+09	1.509999999999999953e-01	2.020000000000000129e-01
1.562936338687500000e+09	1.489999999999999936e-01	2.020000000000000129e-01
1.562936338796875000e+09	1.509999999999999953e-01	2.020000000000000129e-01
1.562936338906250000e+09	1.499999999999999944e-01	2.020000000000000129e-01
1.562936339015625000e+09	1.509999999999999953e-01	2.020000000000000129e-01
1.562936339375000000e+09	1.509999999999999953e-01	2.010000000000000120e-01
1.562936339609375000e+09	1.509999999999999953e-01	2.020000000000000129e-01
1.562936339718750000e+09	1.489999999999999936e-01	2.020000000000000129e-01
1.562936339828125000e+09	1.489999999999999936e-01	2.010000000000000120e-01
1.562936339937500000e+09	1.489999999999999936e-01	2.030000000000000138e-01
1.562936340046875000e+09	1.509999999999999953e-01	2.010000000000000120e-01
1.562936340312500000e+09	1.509999999999999953e-01	2.010000000000000120e-01
1.562936340546875000e+09	1.489999999999999936e-01	2.020000000000000129e-01
1.562936340734375000e+09	1.469999999999999918e-01	2.020000000000000129e-01
1.562936340843750000e+09	1.489999999999999936e-01	2.010000000000000120e-01
1.562936340953125000e+09	1.489999999999999936e-01	2.020000000000000129e-01
1.562936341062500000e+09	1.479999999999999927e-01	2.010000000000000120e-01
1.562936341171875000e+09	1.469999999999999918e-01	2.020000000000000129e-01
1.562936341578125000e+09	1.489999999999999936e-01	2.020000000000000129e-01
1.562936341812500000e+09	1.479999999999999927e-01	2.010000000000000120e-01
1.562936341953125000e+09	1.499999999999999944e-01	2.020000000000000129e-01
1.562936342062500000e+09	1.509999999999999953e-01	2.020000000000000129e-01
1.562936342171875000e+09	1.499999999999999944e-01	2.010000000000000120e-01
1.562936342281250000e+09	1.469999999999999918e-01	2.020000000000000129e-01
1.562936342390625000e+09	1.479999999999999927e-01	2.020000000000000129e-01
1.562936342796875000e+09	1.499999999999999944e-01	2.020000000000000129e-01
1.562936343000000000e+09	1.469999999999999918e-01	2.010000000000000120e-01
1.562936343109375000e+09	1.489999999999999936e-01	2.010000000000000120e-01
1.562936343218750000e+09	1.489999999999999936e-01	2.010000000000000120e-01
1.562936343328125000e+09	1.489999999999999936e-01	2.010000000000000120e-01
1.562936343437500000e+09	1.489999999999999936e-01	2.010000000000000120e-01
1.562936343843750000e+09	1.469999999999999918e-01	2.010000000000000120e-01
1.562936344062500000e+09	1.469999999999999918e-01	2.020000000000000129e-01
1.562936344171875000e+09	1.469999999999999918e-01	2.020000000000000129e-01
1.562936344281250000e+09	1.479999999999999927e-01	2.010000000000000120e-01
1.562936344390625000e+09	1.459999999999999909e-01	2.020000000000000129e-01
1.562936344500000000e+09	1.459999999999999909e-01	2.020000000000000129e-01
1.562936344937500000e+09	1.459999999999999909e-01	2.010000000000000120e-01
1.562936345109375000e+09	1.449999999999999900e-01	2.010000000000000120e-01
1.562936345218750000e+09	1.449999999999999900e-01	2.020000000000000129e-01
1.562936345328125000e+09	1.449999999999999900e-01	2.020000000000000129e-01
1.562936345437500000e+09	1.459999999999999909e-01	2.020000000000000129e-01
1.562936345546875000e+09	1.449999999999999900e-01	2.020000000000000129e-01
1.562936345796875000e+09	1.449999999999999900e-01	2.010000000000000120e-01
1.562936346140625000e+09	1.449999999999999900e-01	2.020000000000000129e-01
1.562936346281250000e+09	1.449999999999999900e-01	2.010000000000000120e-01
1.562936346390625000e+09	1.449999999999999900e-01	2.020000000000000129e-01
1.562936346500000000e+09	1.449999999999999900e-01	2.010000000000000120e-01
1.562936346609375000e+09	1.439999999999999891e-01	2.010000000000000120e-01
1.562936346859375000e+09	1.449999999999999900e-01	2.020000000000000129e-01
1.562936347125000000e+09	1.449999999999999900e-01	2.010000000000000120e-01
1.562936347265625000e+09	1.449999999999999900e-01	2.020000000000000129e-01
1.562936347375000000e+09	1.429999999999999882e-01	2.030000000000000138e-01
1.562936347484375000e+09	1.449999999999999900e-01	2.020000000000000129e-01
1.562936347593750000e+09	1.459999999999999909e-01	2.010000000000000120e-01
1.562936347703125000e+09	1.439999999999999891e-01	2.010000000000000120e-01
1.562936347843750000e+09	1.439999999999999891e-01	2.010000000000000120e-01
1.562936347968750000e+09	1.429999999999999882e-01	2.020000000000000129e-01
1.562936348328125000e+09	1.429999999999999882e-01	2.020000000000000129e-01
1.562936348484375000e+09	1.419999999999999873e-01	2.020000000000000129e-01
1.562936348593750000e+09	1.459999999999999909e-01	2.010000000000000120e-01
1.562936348703125000e+09	1.419999999999999873e-01	2.020000000000000129e-01
1.562936348812500000e+09	1.429999999999999882e-01	2.030000000000000138e-01
1.562936348921875000e+09	1.419999999999999873e-01	2.020000000000000129e-01
1.562936349265625000e+09	1.419999999999999873e-01	2.010000000000000120e-01
1.562936349484375000e+09	1.439999999999999891e-01	2.020000000000000129e-01
1.562936349625000000e+09	1.439999999999999891e-01	2.010000000000000120e-01
1.562936349734375000e+09	1.419999999999999873e-01	2.020000000000000129e-01
1.562936349843750000e+09	1.429999999999999882e-01	2.020000000000000129e-01
1.562936349953125000e+09	1.439999999999999891e-01	2.010000000000000120e-01
1.562936350062500000e+09	1.419999999999999873e-01	2.020000000000000129e-01
1.562936350390625000e+09	1.419999999999999873e-01	2.010000000000000120e-01
1.562936350593750000e+09	1.419999999999999873e-01	2.020000000000000129e-01
1.562936350718750000e+09	1.409999999999999865e-01	2.010000000000000120e-01
1.562936350828125000e+09	1.429999999999999882e-01	2.010000000000000120e-01
1.562936350937500000e+09	1.429999999999999882e-01	2.010000000000000120e-01
1.562936351046875000e+09	1.400000000000000133e-01	2.010000000000000120e-01
1.562936351156250000e+09	1.429999999999999882e-01	2.020000000000000129e-01
1.562936351421875000e+09	1.419999999999999873e-01	2.010000000000000120e-01
1.562936351625000000e+09	1.419999999999999873e-01	2.010000000000000120e-01
1.562936351765625000e+09	1.409999999999999865e-01	2.010000000000000120e-01
1.562936351875000000e+09	1.429999999999999882e-01	2.020000000000000129e-01
1.562936351984375000e+09	1.419999999999999873e-01	2.010000000000000120e-01
1.562936352093750000e+09	1.419999999999999873e-01	2.020000000000000129e-01
1.562936352203125000e+09	1.429999999999999882e-01	2.010000000000000120e-01
1.562936352531250000e+09	1.419999999999999873e-01	2.020000000000000129e-01
1.562936352734375000e+09	1.400000000000000133e-01	2.010000000000000120e-01
1.562936352859375000e+09	1.400000000000000133e-01	2.020000000000000129e-01
1.562936352968750000e+09	1.409999999999999865e-01	2.010000000000000120e-01
1.562936353078125000e+09	1.409999999999999865e-01	2.020000000000000129e-01
1.562936353187500000e+09	1.400000000000000133e-01	2.020000000000000129e-01
1.562936353406250000e+09	1.409999999999999865e-01	2.010000000000000120e-01
1.562936353718750000e+09	1.409999999999999865e-01	2.020000000000000129e-01
1.562936353859375000e+09	1.400000000000000133e-01	2.010000000000000120e-01
1.562936353968750000e+09	1.400000000000000133e-01	2.010000000000000120e-01
1.562936354078125000e+09	1.390000000000000124e-01	2.020000000000000129e-01
1.562936354187500000e+09	1.400000000000000133e-01	2.020000000000000129e-01
1.562936354281250000e+09	1.400000000000000133e-01	2.010000000000000120e-01
1.562936354500000000e+09	1.380000000000000115e-01	2.020000000000000129e-01
1.562936354750000000e+09	1.400000000000000133e-01	2.020000000000000129e-01
1.562936354921875000e+09	1.380000000000000115e-01	2.020000000000000129e-01
1.562936355031250000e+09	1.380000000000000115e-01	2.010000000000000120e-01
1.562936355140625000e+09	1.380000000000000115e-01	2.020000000000000129e-01
1.562936355250000000e+09	1.390000000000000124e-01	2.020000000000000129e-01
1.562936355359375000e+09	1.380000000000000115e-01	2.010000000000000120e-01
1.562936355656250000e+09	1.390000000000000124e-01	2.020000000000000129e-01
1.562936355968750000e+09	1.380000000000000115e-01	2.020000000000000129e-01
1.562936356109375000e+09	1.390000000000000124e-01	2.020000000000000129e-01
1.562936356218750000e+09	1.390000000000000124e-01	2.010000000000000120e-01
1.562936356328125000e+09	1.390000000000000124e-01	2.010000000000000120e-01
1.562936356437500000e+09	1.370000000000000107e-01	2.020000000000000129e-01
1.562936356546875000e+09	1.400000000000000133e-01	2.010000000000000120e-01
1.562936356921875000e+09	1.370000000000000107e-01	2.010000000000000120e-01
1.562936357125000000e+09	1.390000000000000124e-01	2.020000000000000129e-01
1.562936357218750000e+09	1.380000000000000115e-01	2.010000000000000120e-01
1.562936357328125000e+09	1.380000000000000115e-01	2.020000000000000129e-01
1.562936357437500000e+09	1.370000000000000107e-01	2.020000000000000129e-01
1.562936357546875000e+09	1.360000000000000098e-01	2.020000000000000129e-01
1.562936357843750000e+09	1.380000000000000115e-01	2.020000000000000129e-01
1.562936358078125000e+09	1.360000000000000098e-01	2.020000000000000129e-01
1.562936358218750000e+09	1.370000000000000107e-01	2.020000000000000129e-01
1.562936358328125000e+09	1.360000000000000098e-01	2.020000000000000129e-01
1.562936358437500000e+09	1.360000000000000098e-01	2.010000000000000120e-01
1.562936358546875000e+09	1.340000000000000080e-01	2.020000000000000129e-01
1.562936358796875000e+09	1.360000000000000098e-01	2.020000000000000129e-01
1.562936359031250000e+09	1.350000000000000089e-01	2.020000000000000129e-01
1.562936359218750000e+09	1.340000000000000080e-01	2.010000000000000120e-01
1.562936359328125000e+09	1.340000000000000080e-01	2.020000000000000129e-01
1.562936359437500000e+09	1.360000000000000098e-01	2.010000000000000120e-01
1.562936359546875000e+09	1.340000000000000080e-01	2.020000000000000129e-01
1.562936359656250000e+09	1.320000000000000062e-01	2.020000000000000129e-01
1.562936360015625000e+09	1.340000000000000080e-01	2.020000000000000129e-01
1.562936360187500000e+09	1.360000000000000098e-01	2.010000000000000120e-01
1.562936360312500000e+09	1.340000000000000080e-01	2.020000000000000129e-01
1.562936360421875000e+09	1.350000000000000089e-01	2.010000000000000120e-01
1.562936360531250000e+09	1.350000000000000089e-01	2.010000000000000120e-01
1.562936360640625000e+09	1.340000000000000080e-01	2.010000000000000120e-01
1.562936360890625000e+09	1.340000000000000080e-01	2.010000000000000120e-01
1.562936361156250000e+09	1.320000000000000062e-01	2.010000000000000120e-01
1.562936361296875000e+09	1.320000000000000062e-01	2.020000000000000129e-01
1.562936361406250000e+09	1.320000000000000062e-01	2.020000000000000129e-01
1.562936361515625000e+09	1.320000000000000062e-01	2.020000000000000129e-01
1.562936361625000000e+09	1.340000000000000080e-01	2.010000000000000120e-01
1.562936361734375000e+09	1.310000000000000053e-01	2.010000000000000120e-01
1.562936362093750000e+09	1.340000000000000080e-01	2.020000000000000129e-01
1.562936362296875000e+09	1.310000000000000053e-01	2.010000000000000120e-01
1.562936362437500000e+09	1.320000000000000062e-01	2.010000000000000120e-01
1.562936362546875000e+09	1.330000000000000071e-01	2.010000000000000120e-01
1.562936362656250000e+09	1.320000000000000062e-01	2.020000000000000129e-01
1.562936362765625000e+09	1.300000000000000044e-01	2.010000000000000120e-01
1.562936363015625000e+09	1.310000000000000053e-01	2.020000000000000129e-01
1.562936363343750000e+09	1.310000000000000053e-01	2.010000000000000120e-01
1.562936363500000000e+09	1.330000000000000071e-01	2.020000000000000129e-01
1.562936363609375000e+09	1.300000000000000044e-01	2.010000000000000120e-01
1.562936363718750000e+09	1.290000000000000036e-01	2.020000000000000129e-01
1.562936363828125000e+09	1.300000000000000044e-01	2.020000000000000129e-01
1.562936363937500000e+09	1.300000000000000044e-01	2.010000000000000120e-01
1.562936364156250000e+09	1.300000000000000044e-01	2.020000000000000129e-01
1.562936364390625000e+09	1.300000000000000044e-01	2.010000000000000120e-01
1.562936364531250000e+09	1.290000000000000036e-01	2.020000000000000129e-01
1.562936364640625000e+09	1.300000000000000044e-01	2.020000000000000129e-01
1.562936364750000000e+09	1.300000000000000044e-01	2.010000000000000120e-01
1.562936364859375000e+09	1.300000000000000044e-01	2.010000000000000120e-01
1.562936364968750000e+09	1.290000000000000036e-01	2.010000000000000120e-01
1.562936365250000000e+09	1.290000000000000036e-01	2.020000000000000129e-01
1.562936365453125000e+09	1.290000000000000036e-01	2.020000000000000129e-01
1.562936365640625000e+09	1.290000000000000036e-01	2.020000000000000129e-01
1.562936365750000000e+09	1.290000000000000036e-01	2.020000000000000129e-01
1.562936365859375000e+09	1.270000000000000018e-01	2.020000000000000129e-01
1.562936365968750000e+09	1.280000000000000027e-01	2.010000000000000120e-01
1.562936366078125000e+09	1.260000000000000009e-01	2.020000000000000129e-01
1.562936366343750000e+09	1.290000000000000036e-01	2.020000000000000129e-01
1.562936366625000000e+09	1.270000000000000018e-01	2.010000000000000120e-01
1.562936366765625000e+09	1.250000000000000000e-01	2.020000000000000129e-01
1.562936366875000000e+09	1.270000000000000018e-01	2.020000000000000129e-01
1.562936366984375000e+09	1.270000000000000018e-01	2.020000000000000129e-01
1.562936367093750000e+09	1.280000000000000027e-01	2.020000000000000129e-01
1.562936367359375000e+09	1.250000000000000000e-01	2.020000000000000129e-01
1.562936367593750000e+09	1.260000000000000009e-01	2.020000000000000129e-01
1.562936367765625000e+09	1.270000000000000018e-01	2.010000000000000120e-01
1.562936367875000000e+09	1.270000000000000018e-01	2.010000000000000120e-01
1.562936367984375000e+09	1.250000000000000000e-01	2.020000000000000129e-01
1.562936368093750000e+09	1.250000000000000000e-01	2.010000000000000120e-01
1.562936368203125000e+09	1.229999999999999982e-01	2.020000000000000129e-01
1.562936368546875000e+09	1.250000000000000000e-01	2.020000000000000129e-01
1.562936368781250000e+09	1.229999999999999982e-01	2.010000000000000120e-01
1.562936368890625000e+09	1.229999999999999982e-01	2.010000000000000120e-01
1.562936369000000000e+09	1.229999999999999982e-01	2.020000000000000129e-01
1.562936369109375000e+09	1.239999999999999991e-01	2.020000000000000129e-01
1.562936369218750000e+09	1.239999999999999991e-01	2.020000000000000129e-01
1.562936369390625000e+09	1.250000000000000000e-01	2.010000000000000120e-01
1.562936369703125000e+09	1.229999999999999982e-01	2.020000000000000129e-01
1.562936369890625000e+09	1.250000000000000000e-01	2.020000000000000129e-01
1.562936370000000000e+09	1.229999999999999982e-01	2.010000000000000120e-01
1.562936370109375000e+09	1.239999999999999991e-01	2.010000000000000120e-01
1.562936370218750000e+09	1.209999999999999964e-01	2.010000000000000120e-01
1.562936370328125000e+09	1.229999999999999982e-01	2.010000000000000120e-01
1.562936370546875000e+09	1.209999999999999964e-01	2.020000000000000129e-01
1.562936370875000000e+09	1.209999999999999964e-01	2.020000000000000129e-01
1.562936371046875000e+09	1.209999999999999964e-01	2.020000000000000129e-01
1.562936371156250000e+09	1.209999999999999964e-01	2.020000000000000129e-01
1.562936371265625000e+09	1.209999999999999964e-01	2.010000000000000120e-01
1.562936371375000000e+09	1.209999999999999964e-01	2.010000000000000120e-01
1.562936371484375000e+09	1.189999999999999947e-01	2.020000000000000129e-01
1.562936371796875000e+09	1.189999999999999947e-01	2.010000000000000120e-01
1.562936372031250000e+09	1.189999999999999947e-01	2.020000000000000129e-01
1.562936372140625000e+09	1.189999999999999947e-01	2.010000000000000120e-01
1.562936372250000000e+09	1.189999999999999947e-01	2.020000000000000129e-01
1.562936372359375000e+09	1.179999999999999938e-01	2.020000000000000129e-01
1.562936372468750000e+09	1.209999999999999964e-01	2.020000000000000129e-01
1.562936372578125000e+09	1.199999999999999956e-01	2.020000000000000129e-01
1.562936372921875000e+09	1.189999999999999947e-01	2.010000000000000120e-01
1.562936373156250000e+09	1.179999999999999938e-01	2.020000000000000129e-01
1.562936373265625000e+09	1.189999999999999947e-01	2.020000000000000129e-01
1.562936373375000000e+09	1.189999999999999947e-01	2.020000000000000129e-01
1.562936373484375000e+09	1.160000000000000059e-01	2.020000000000000129e-01
1.562936373593750000e+09	1.189999999999999947e-01	2.020000000000000129e-01
1.562936373796875000e+09	1.170000000000000068e-01	2.020000000000000129e-01
1.562936374171875000e+09	1.160000000000000059e-01	2.020000000000000129e-01
1.562936374281250000e+09	1.160000000000000059e-01	2.020000000000000129e-01
1.562936374390625000e+09	1.150000000000000050e-01	2.020000000000000129e-01
1.562936374500000000e+09	1.160000000000000059e-01	2.010000000000000120e-01
1.562936374609375000e+09	1.160000000000000059e-01	2.020000000000000129e-01
1.562936374859375000e+09	1.179999999999999938e-01	2.020000000000000129e-01
1.562936375203125000e+09	1.150000000000000050e-01	2.020000000000000129e-01
1.562936375343750000e+09	1.140000000000000041e-01	2.020000000000000129e-01
1.562936375453125000e+09	1.130000000000000032e-01	2.010000000000000120e-01
1.562936375562500000e+09	1.140000000000000041e-01	2.020000000000000129e-01
1.562936375671875000e+09	1.140000000000000041e-01	2.020000000000000129e-01
1.562936375937500000e+09	1.150000000000000050e-01	2.020000000000000129e-01
1.562936376265625000e+09	1.130000000000000032e-01	2.020000000000000129e-01
1.562936376406250000e+09	1.089999999999999997e-01	2.020000000000000129e-01
1.562936376515625000e+09	1.140000000000000041e-01	2.020000000000000129e-01
1.562936376625000000e+09	1.120000000000000023e-01	2.020000000000000129e-01
1.562936376734375000e+09	1.120000000000000023e-01	2.010000000000000120e-01
1.562936377015625000e+09	1.120000000000000023e-01	2.020000000000000129e-01
1.562936377265625000e+09	1.100000000000000006e-01	2.020000000000000129e-01
1.562936377406250000e+09	1.100000000000000006e-01	2.020000000000000129e-01
1.562936377515625000e+09	1.100000000000000006e-01	2.020000000000000129e-01
1.562936377625000000e+09	1.100000000000000006e-01	2.020000000000000129e-01
1.562936377734375000e+09	1.100000000000000006e-01	2.010000000000000120e-01
1.562936377843750000e+09	1.089999999999999997e-01	2.010000000000000120e-01
1.562936377953125000e+09	1.100000000000000006e-01	2.010000000000000120e-01
1.562936378218750000e+09	1.100000000000000006e-01	2.020000000000000129e-01
1.562936378484375000e+09	1.079999999999999988e-01	2.020000000000000129e-01
1.562936378609375000e+09	1.089999999999999997e-01	2.020000000000000129e-01
1.562936378718750000e+09	1.079999999999999988e-01	2.020000000000000129e-01
1.562936378828125000e+09	1.100000000000000006e-01	2.010000000000000120e-01
1.562936378937500000e+09	1.079999999999999988e-01	2.020000000000000129e-01
1.562936379046875000e+09	1.069999999999999979e-01	2.010000000000000120e-01
1.562936379406250000e+09	1.100000000000000006e-01	2.020000000000000129e-01
1.562936379625000000e+09	1.079999999999999988e-01	2.010000000000000120e-01
1.562936379734375000e+09	1.059999999999999970e-01	2.020000000000000129e-01
1.562936379843750000e+09	1.059999999999999970e-01	2.030000000000000138e-01
1.562936379953125000e+09	1.069999999999999979e-01	2.020000000000000129e-01
1.562936380062500000e+09	1.079999999999999988e-01	2.010000000000000120e-01
1.562936380265625000e+09	1.049999999999999961e-01	2.010000000000000120e-01
1.562936380500000000e+09	1.069999999999999979e-01	2.020000000000000129e-01
1.562936380687500000e+09	1.049999999999999961e-01	2.010000000000000120e-01
1.562936380796875000e+09	1.059999999999999970e-01	2.010000000000000120e-01
1.562936380906250000e+09	1.049999999999999961e-01	2.010000000000000120e-01
1.562936381015625000e+09	1.049999999999999961e-01	2.020000000000000129e-01
1.562936381125000000e+09	1.039999999999999952e-01	2.020000000000000129e-01
1.562936381390625000e+09	1.059999999999999970e-01	2.010000000000000120e-01
1.562936381687500000e+09	1.049999999999999961e-01	2.020000000000000129e-01
1.562936381812500000e+09	1.049999999999999961e-01	2.010000000000000120e-01
1.562936381921875000e+09	1.029999999999999943e-01	2.010000000000000120e-01
1.562936382031250000e+09	1.029999999999999943e-01	2.020000000000000129e-01
1.562936382140625000e+09	1.029999999999999943e-01	2.020000000000000129e-01
1.562936382281250000e+09	1.029999999999999943e-01	2.020000000000000129e-01
1.562936382593750000e+09	1.029999999999999943e-01	2.020000000000000129e-01
1.562936382812500000e+09	1.029999999999999943e-01	2.010000000000000120e-01
1.562936382921875000e+09	1.029999999999999943e-01	2.020000000000000129e-01
1.562936383031250000e+09	1.019999999999999934e-01	2.020000000000000129e-01
1.562936383140625000e+09	1.029999999999999943e-01	2.020000000000000129e-01
1.562936383250000000e+09	1.010000000000000064e-01	2.010000000000000120e-01
1.562936383359375000e+09	1.019999999999999934e-01	2.020000000000000129e-01
1.562936383687500000e+09	1.029999999999999943e-01	2.010000000000000120e-01
1.562936383875000000e+09	1.010000000000000064e-01	2.010000000000000120e-01
1.562936384000000000e+09	1.000000000000000056e-01	2.020000000000000129e-01
1.562936384109375000e+09	1.010000000000000064e-01	2.020000000000000129e-01
1.562936384218750000e+09	1.010000000000000064e-01	2.010000000000000120e-01
1.562936384328125000e+09	1.010000000000000064e-01	2.020000000000000129e-01
1.562936384437500000e+09	1.010000000000000064e-01	2.010000000000000120e-01
1.562936384671875000e+09	1.010000000000000064e-01	2.020000000000000129e-01
1.562936384843750000e+09	1.010000000000000064e-01	2.010000000000000120e-01
1.562936384968750000e+09	9.900000000000000466e-02	2.010000000000000120e-01
1.562936385078125000e+09	9.800000000000000377e-02	2.010000000000000120e-01
1.562936385187500000e+09	9.900000000000000466e-02	2.020000000000000129e-01
1.562936385296875000e+09	1.000000000000000056e-01	2.020000000000000129e-01
1.562936385406250000e+09	9.900000000000000466e-02	2.020000000000000129e-01
1.562936385609375000e+09	1.000000000000000056e-01	2.010000000000000120e-01
1.562936385953125000e+09	9.800000000000000377e-02	2.010000000000000120e-01
1.562936386125000000e+09	9.800000000000000377e-02	2.010000000000000120e-01
1.562936386234375000e+09	9.700000000000000289e-02	2.020000000000000129e-01
1.562936386343750000e+09	9.600000000000000200e-02	2.010000000000000120e-01
1.562936386453125000e+09	9.700000000000000289e-02	2.020000000000000129e-01
1.562936386562500000e+09	9.500000000000000111e-02	2.020000000000000129e-01
1.562936386812500000e+09	9.500000000000000111e-02	2.010000000000000120e-01
1.562936387062500000e+09	9.700000000000000289e-02	2.010000000000000120e-01
1.562936387203125000e+09	9.500000000000000111e-02	2.020000000000000129e-01
1.562936387312500000e+09	9.500000000000000111e-02	2.010000000000000120e-01
1.562936387421875000e+09	9.500000000000000111e-02	2.020000000000000129e-01
1.562936387531250000e+09	9.500000000000000111e-02	2.010000000000000120e-01
1.562936387640625000e+09	9.199999999999999845e-02	2.010000000000000120e-01
1.562936387953125000e+09	9.400000000000000022e-02	2.020000000000000129e-01
1.562936388156250000e+09	9.199999999999999845e-02	2.020000000000000129e-01
1.562936388281250000e+09	9.400000000000000022e-02	2.020000000000000129e-01
1.562936388390625000e+09	9.400000000000000022e-02	2.010000000000000120e-01
1.562936388500000000e+09	9.299999999999999933e-02	2.030000000000000138e-01
1.562936388609375000e+09	9.199999999999999845e-02	2.020000000000000129e-01
1.562936388718750000e+09	9.199999999999999845e-02	2.010000000000000120e-01
1.562936389015625000e+09	8.999999999999999667e-02	2.010000000000000120e-01
1.562936389281250000e+09	8.899999999999999578e-02	2.020000000000000129e-01
1.562936389390625000e+09	8.999999999999999667e-02	2.020000000000000129e-01
1.562936389500000000e+09	9.099999999999999756e-02	2.010000000000000120e-01
1.562936389609375000e+09	8.999999999999999667e-02	2.020000000000000129e-01
1.562936389718750000e+09	8.999999999999999667e-02	2.020000000000000129e-01
1.562936389937500000e+09	8.999999999999999667e-02	2.010000000000000120e-01
1.562936390203125000e+09	8.999999999999999667e-02	2.010000000000000120e-01
1.562936390406250000e+09	8.799999999999999489e-02	2.010000000000000120e-01
1.562936390515625000e+09	8.799999999999999489e-02	2.020000000000000129e-01
1.562936390625000000e+09	8.799999999999999489e-02	2.010000000000000120e-01
1.562936390734375000e+09	8.999999999999999667e-02	2.010000000000000120e-01
1.562936390843750000e+09	8.799999999999999489e-02	2.020000000000000129e-01
1.562936391093750000e+09	8.899999999999999578e-02	2.010000000000000120e-01
1.562936391312500000e+09	8.599999999999999312e-02	2.010000000000000120e-01
1.562936391484375000e+09	8.599999999999999312e-02	2.020000000000000129e-01
1.562936391593750000e+09	8.599999999999999312e-02	2.020000000000000129e-01
1.562936391703125000e+09	8.599999999999999312e-02	2.020000000000000129e-01
1.562936391812500000e+09	8.599999999999999312e-02	2.020000000000000129e-01
1.562936391921875000e+09	8.599999999999999312e-02	2.020000000000000129e-01
1.562936392187500000e+09	8.500000000000000611e-02	2.020000000000000129e-01
1.562936392437500000e+09	8.100000000000000255e-02	2.020000000000000129e-01
1.562936392593750000e+09	8.300000000000000433e-02	2.020000000000000129e-01
1.562936392703125000e+09	8.100000000000000255e-02	2.020000000000000129e-01
1.562936392812500000e+09	8.400000000000000522e-02	2.020000000000000129e-01
1.562936392921875000e+09	8.100000000000000255e-02	2.020000000000000129e-01
1.562936393031250000e+09	8.300000000000000433e-02	2.010000000000000120e-01
1.562936393390625000e+09	8.100000000000000255e-02	2.020000000000000129e-01
1.562936393625000000e+09	7.799999999999999989e-02	2.010000000000000120e-01
1.562936393750000000e+09	8.100000000000000255e-02	2.010000000000000120e-01
1.562936393859375000e+09	8.000000000000000167e-02	2.020000000000000129e-01
1.562936393968750000e+09	7.900000000000000078e-02	2.020000000000000129e-01
1.562936394078125000e+09	7.699999999999999900e-02	2.010000000000000120e-01
1.562936394187500000e+09	7.799999999999999989e-02	2.010000000000000120e-01
1.562936394390625000e+09	7.699999999999999900e-02	2.020000000000000129e-01
1.562936394640625000e+09	7.699999999999999900e-02	2.020000000000000129e-01
1.562936394765625000e+09	7.499999999999999722e-02	2.020000000000000129e-01
1.562936394875000000e+09	7.499999999999999722e-02	2.020000000000000129e-01
1.562936394984375000e+09	7.399999999999999634e-02	2.020000000000000129e-01
1.562936395093750000e+09	7.499999999999999722e-02	2.020000000000000129e-01
1.562936395203125000e+09	7.299999999999999545e-02	2.010000000000000120e-01
1.562936395546875000e+09	7.099999999999999367e-02	2.020000000000000129e-01
1.562936395781250000e+09	7.299999999999999545e-02	2.010000000000000120e-01
1.562936395890625000e+09	7.000000000000000666e-02	2.020000000000000129e-01
1.562936396000000000e+09	7.000000000000000666e-02	2.010000000000000120e-01
1.562936396109375000e+09	7.299999999999999545e-02	2.010000000000000120e-01
1.562936396218750000e+09	7.099999999999999367e-02	2.020000000000000129e-01
1.562936396328125000e+09	7.000000000000000666e-02	2.010000000000000120e-01
1.562936396593750000e+09	6.800000000000000488e-02	2.020000000000000129e-01
1.562936396843750000e+09	6.600000000000000311e-02	2.020000000000000129e-01
1.562936396968750000e+09	6.800000000000000488e-02	2.010000000000000120e-01
1.562936397078125000e+09	6.500000000000000222e-02	2.020000000000000129e-01
1.562936397187500000e+09	6.600000000000000311e-02	2.020000000000000129e-01
1.562936397296875000e+09	6.400000000000000133e-02	2.010000000000000120e-01
1.562936397406250000e+09	6.600000000000000311e-02	2.020000000000000129e-01
1.562936397765625000e+09	6.400000000000000133e-02	2.010000000000000120e-01
1.562936398000000000e+09	6.199999999999999956e-02	2.020000000000000129e-01
1.562936398109375000e+09	6.099999999999999867e-02	2.010000000000000120e-01
1.562936398218750000e+09	6.099999999999999867e-02	2.020000000000000129e-01
1.562936398328125000e+09	5.999999999999999778e-02	2.020000000000000129e-01
1.562936398421875000e+09	5.999999999999999778e-02	2.020000000000000129e-01
1.562936398703125000e+09	5.899999999999999689e-02	2.020000000000000129e-01
1.562936398953125000e+09	5.800000000000000294e-02	2.020000000000000129e-01
1.562936399078125000e+09	5.700000000000000205e-02	2.020000000000000129e-01
1.562936399187500000e+09	5.600000000000000117e-02	2.010000000000000120e-01
1.562936399296875000e+09	5.500000000000000028e-02	2.020000000000000129e-01
1.562936399406250000e+09	5.500000000000000028e-02	2.010000000000000120e-01
1.562936399515625000e+09	5.399999999999999939e-02	2.020000000000000129e-01
1.562936399812500000e+09	5.299999999999999850e-02	2.020000000000000129e-01
1.562936400062500000e+09	5.099999999999999672e-02	2.010000000000000120e-01
1.562936400187500000e+09	5.000000000000000278e-02	2.020000000000000129e-01
1.562936400296875000e+09	4.900000000000000189e-02	2.010000000000000120e-01
1.562936400406250000e+09	4.800000000000000100e-02	2.010000000000000120e-01
1.562936400515625000e+09	4.800000000000000100e-02	2.010000000000000120e-01
1.562936400625000000e+09	4.800000000000000100e-02	2.020000000000000129e-01
1.562936400937500000e+09	4.700000000000000011e-02	2.010000000000000120e-01
1.562936401234375000e+09	4.399999999999999745e-02	2.020000000000000129e-01
1.562936401343750000e+09	4.200000000000000261e-02	2.020000000000000129e-01
1.562936401453125000e+09	4.299999999999999656e-02	2.020000000000000129e-01
1.562936401562500000e+09	4.200000000000000261e-02	2.020000000000000129e-01
1.562936401671875000e+09	4.200000000000000261e-02	2.010000000000000120e-01
1.562936401781250000e+09	4.000000000000000083e-02	2.020000000000000129e-01
1.562936402062500000e+09	4.000000000000000083e-02	2.010000000000000120e-01
1.562936402250000000e+09	3.799999999999999906e-02	2.020000000000000129e-01
1.562936402375000000e+09	3.799999999999999906e-02	2.020000000000000129e-01
1.562936402484375000e+09	3.699999999999999817e-02	2.010000000000000120e-01
1.562936402593750000e+09	3.599999999999999728e-02	2.010000000000000120e-01
1.562936402703125000e+09	3.599999999999999728e-02	2.020000000000000129e-01
1.562936402812500000e+09	3.500000000000000333e-02	2.020000000000000129e-01
1.562936403218750000e+09	3.500000000000000333e-02	2.010000000000000120e-01
1.562936403390625000e+09	3.300000000000000155e-02	2.020000000000000129e-01
1.562936403515625000e+09	3.300000000000000155e-02	2.010000000000000120e-01
1.562936403625000000e+09	3.099999999999999978e-02	2.020000000000000129e-01
1.562936403734375000e+09	3.099999999999999978e-02	2.010000000000000120e-01
1.562936403843750000e+09	3.099999999999999978e-02	2.020000000000000129e-01
1.562936404140625000e+09	2.900000000000000147e-02	2.020000000000000129e-01
1.562936404390625000e+09	2.699999999999999969e-02	2.020000000000000129e-01
1.562936404531250000e+09	2.699999999999999969e-02	2.010000000000000120e-01
1.562936404640625000e+09	2.500000000000000139e-02	2.020000000000000129e-01
1.562936404750000000e+09	2.599999999999999881e-02	2.020000000000000129e-01
1.562936404859375000e+09	2.500000000000000139e-02	2.020000000000000129e-01
1.562936404968750000e+09	2.500000000000000139e-02	2.020000000000000129e-01
1.562936405343750000e+09	2.299999999999999961e-02	2.020000000000000129e-01
1.562936405484375000e+09	2.299999999999999961e-02	2.020000000000000129e-01
1.562936405609375000e+09	2.199999999999999872e-02	2.020000000000000129e-01
1.562936405718750000e+09	2.199999999999999872e-02	2.020000000000000129e-01
1.562936405828125000e+09	2.000000000000000042e-02	2.020000000000000129e-01
1.562936405937500000e+09	2.000000000000000042e-02	2.020000000000000129e-01
1.562936406046875000e+09	1.899999999999999953e-02	2.020000000000000129e-01
1.562936406375000000e+09	1.799999999999999864e-02	2.020000000000000129e-01
1.562936406640625000e+09	1.499999999999999944e-02	2.020000000000000129e-01
1.562936406750000000e+09	1.600000000000000033e-02	2.020000000000000129e-01
1.562936406859375000e+09	1.400000000000000029e-02	2.020000000000000129e-01
1.562936406968750000e+09	1.400000000000000029e-02	2.010000000000000120e-01
1.562936407078125000e+09	1.400000000000000029e-02	2.020000000000000129e-01
1.562936407312500000e+09	1.200000000000000025e-02	2.020000000000000129e-01
1.562936407578125000e+09	1.000000000000000021e-02	2.010000000000000120e-01
1.562936407718750000e+09	8.999999999999999320e-03	2.020000000000000129e-01
1.562936407828125000e+09	8.999999999999999320e-03	2.020000000000000129e-01
1.562936407937500000e+09	8.999999999999999320e-03	2.020000000000000129e-01
1.562936408046875000e+09	7.000000000000000146e-03	2.020000000000000129e-01
1.562936408156250000e+09	8.000000000000000167e-03	2.020000000000000129e-01
1.562936408421875000e+09	7.000000000000000146e-03	2.020000000000000129e-01
1.562936408671875000e+09	5.000000000000000104e-03	2.020000000000000129e-01
1.562936408812500000e+09	6.000000000000000125e-03	2.010000000000000120e-01
1.562936408968750000e+09	5.000000000000000104e-03	2.020000000000000129e-01
1.562936409078125000e+09	6.000000000000000125e-03	2.010000000000000120e-01
1.562936409187500000e+09	5.000000000000000104e-03	2.020000000000000129e-01
1.562936409296875000e+09	5.000000000000000104e-03	2.010000000000000120e-01
1.562936409406250000e+09	5.000000000000000104e-03	2.020000000000000129e-01
1.562936409734375000e+09	5.000000000000000104e-03	2.020000000000000129e-01
1.562936409921875000e+09	6.000000000000000125e-03	2.020000000000000129e-01
1.562936410062500000e+09	6.000000000000000125e-03	2.020000000000000129e-01
1.562936410171875000e+09	5.000000000000000104e-03	2.020000000000000129e-01
1.562936410281250000e+09	5.000000000000000104e-03	2.020000000000000129e-01
1.562936410390625000e+09	5.000000000000000104e-03	2.020000000000000129e-01
1.562936410562500000e+09	3.000000000000000062e-03	2.010000000000000120e-01
1.562936410875000000e+09	5.000000000000000104e-03	2.020000000000000129e-01
1.562936411000000000e+09	2.000000000000000042e-03	2.010000000000000120e-01
1.562936411312500000e+09	-0.000000000000000000e+00	9.099999999999999756e-02
1.562936411421875000e+09	-0.000000000000000000e+00	4.700000000000000011e-02
1.562936411531250000e+09	-0.000000000000000000e+00	2.999999999999999889e-02
1.562936411843750000e+09	-0.000000000000000000e+00	2.400000000000000050e-02
1.562936412031250000e+09	-0.000000000000000000e+00	1.700000000000000122e-02
1.562936412156250000e+09	-0.000000000000000000e+00	1.600000000000000033e-02
1.562936412265625000e+09	-0.000000000000000000e+00	1.499999999999999944e-02
1.562936412375000000e+09	-0.000000000000000000e+00	1.499999999999999944e-02
1.562936412484375000e+09	-0.000000000000000000e+00	1.400000000000000029e-02
1.562936412578125000e+09	-0.000000000000000000e+00	1.400000000000000029e-02
1.562936412781250000e+09	-0.000000000000000000e+00	1.400000000000000029e-02
1.562936413031250000e+09	-0.000000000000000000e+00	1.299999999999999940e-02
1.562936413203125000e+09	-0.000000000000000000e+00	1.299999999999999940e-02
1.562936413296875000e+09	-0.000000000000000000e+00	1.299999999999999940e-02
1.562936413406250000e+09	-0.000000000000000000e+00	1.299999999999999940e-02
1.562936413515625000e+09	-0.000000000000000000e+00	1.299999999999999940e-02
1.562936413625000000e+09	-0.000000000000000000e+00	1.299999999999999940e-02
1.562936413781250000e+09	-0.000000000000000000e+00	1.299999999999999940e-02
1.562936414125000000e+09	-0.000000000000000000e+00	1.299999999999999940e-02
1.562936414265625000e+09	-0.000000000000000000e+00	1.299999999999999940e-02
1.562936414375000000e+09	-0.000000000000000000e+00	1.299999999999999940e-02
1.562936414484375000e+09	-0.000000000000000000e+00	1.299999999999999940e-02
1.562936414593750000e+09	-0.000000000000000000e+00	1.299999999999999940e-02
1.562936414703125000e+09	-0.000000000000000000e+00	1.299999999999999940e-02
1.562936414796875000e+09	-0.000000000000000000e+00	1.299999999999999940e-02
1.562936415046875000e+09	-0.000000000000000000e+00	1.200000000000000025e-02
1.562936415265625000e+09	-0.000000000000000000e+00	1.200000000000000025e-02
1.562936415421875000e+09	-0.000000000000000000e+00	1.200000000000000025e-02
1.562936415546875000e+09	-0.000000000000000000e+00	1.200000000000000025e-02
1.562936415656250000e+09	-0.000000000000000000e+00	1.200000000000000025e-02
1.562936415765625000e+09	-0.000000000000000000e+00	1.299999999999999940e-02
1.562936415859375000e+09	-0.000000000000000000e+00	1.200000000000000025e-02
1.562936415968750000e+09	-0.000000000000000000e+00	1.299999999999999940e-02
1.562936416109375000e+09	-0.000000000000000000e+00	1.200000000000000025e-02
1.562936416421875000e+09	-0.000000000000000000e+00	1.299999999999999940e-02
1.562936416578125000e+09	-0.000000000000000000e+00	1.200000000000000025e-02
1.562936416687500000e+09	-0.000000000000000000e+00	1.299999999999999940e-02
1.562936416781250000e+09	-0.000000000000000000e+00	1.200000000000000025e-02
1.562936416890625000e+09	-0.000000000000000000e+00	1.200000000000000025e-02
1.562936417000000000e+09	-0.000000000000000000e+00	1.200000000000000025e-02
1.562936417109375000e+09	-0.000000000000000000e+00	1.200000000000000025e-02
