# UNIX time, Current (A), PS Voltage (V), REF Voltage (V)
# SAMPLE_SURFACE = 52.5
# SAMPLE_NAME = Arnold
# COATING_STEP = 1
1.563190337546875000e+09	-0.000000000000000000e+00	-0.000000000000000000e+00
1.563190337656250000e+09	-0.000000000000000000e+00	-0.000000000000000000e+00
1.563190337750000000e+09	-0.000000000000000000e+00	-0.000000000000000000e+00
1.563190337859375000e+09	-0.000000000000000000e+00	-0.000000000000000000e+00
1.563190337953125000e+09	-0.000000000000000000e+00	-0.000000000000000000e+00
1.563190338062500000e+09	-0.000000000000000000e+00	-0.000000000000000000e+00
1.563190338171875000e+09	-0.000000000000000000e+00	-0.000000000000000000e+00
1.563190338265625000e+09	-0.000000000000000000e+00	-0.000000000000000000e+00
1.563190338375000000e+09	-0.000000000000000000e+00	-0.000000000000000000e+00
1.563190338578125000e+09	-0.000000000000000000e+00	-0.000000000000000000e+00
1.563190338796875000e+09	-0.000000000000000000e+00	-0.000000000000000000e+00
1.563190339031250000e+09	-0.000000000000000000e+00	-0.000000000000000000e+00
1.563190339140625000e+09	-0.000000000000000000e+00	-0.000000000000000000e+00
1.563190339234375000e+09	-0.000000000000000000e+00	-0.000000000000000000e+00
1.563190339343750000e+09	-0.000000000000000000e+00	-0.000000000000000000e+00
1.563190339437500000e+09	-0.000000000000000000e+00	-0.000000000000000000e+00
1.563190339656250000e+09	-0.000000000000000000e+00	-0.000000000000000000e+00
1.563190339984375000e+09	-0.000000000000000000e+00	-0.000000000000000000e+00
1.563190340125000000e+09	-0.000000000000000000e+00	-0.000000000000000000e+00
1.563190340234375000e+09	-0.000000000000000000e+00	-0.000000000000000000e+00
1.563190340437500000e+09	4.655000000000000249e+00	1.000000000000000000e+00
1.563190340546875000e+09	4.743999999999999773e+00	1.002000000000000002e+00
1.563190340828125000e+09	4.802999999999999936e+00	1.000999999999999890e+00
1.563190341218750000e+09	4.878000000000000114e+00	1.002000000000000002e+00
1.563190341328125000e+09	4.889000000000000234e+00	1.000999999999999890e+00
1.563190341421875000e+09	4.895999999999999908e+00	1.002000000000000002e+00
1.563190341531250000e+09	4.897999999999999687e+00	1.000999999999999890e+00
1.563190341625000000e+09	4.902000000000000135e+00	1.002000000000000002e+00
1.563190341984375000e+09	4.903999999999999915e+00	1.002000000000000002e+00
1.563190342328125000e+09	4.915000000000000036e+00	1.000999999999999890e+00
1.563190342437500000e+09	4.916999999999999815e+00	1.002000000000000002e+00
1.563190342531250000e+09	4.918000000000000149e+00	1.000999999999999890e+00
1.563190342640625000e+09	4.918999999999999595e+00	1.000999999999999890e+00
1.563190342734375000e+09	4.918000000000000149e+00	1.002000000000000002e+00
1.563190343031250000e+09	4.918999999999999595e+00	1.000999999999999890e+00
1.563190343296875000e+09	4.921999999999999709e+00	1.000999999999999890e+00
1.563190343437500000e+09	4.923000000000000043e+00	1.002000000000000002e+00
1.563190343531250000e+09	4.921000000000000263e+00	1.002000000000000002e+00
1.563190343640625000e+09	4.919999999999999929e+00	1.000999999999999890e+00
1.563190343750000000e+09	4.921999999999999709e+00	1.000999999999999890e+00
1.563190343859375000e+09	4.921999999999999709e+00	1.002000000000000002e+00
1.563190344234375000e+09	4.919999999999999929e+00	1.002000000000000002e+00
1.563190344468750000e+09	4.918000000000000149e+00	1.002000000000000002e+00
1.563190344562500000e+09	4.918999999999999595e+00	1.000999999999999890e+00
1.563190344671875000e+09	4.916999999999999815e+00	1.000999999999999890e+00
1.563190344781250000e+09	4.915000000000000036e+00	1.002000000000000002e+00
1.563190344875000000e+09	4.913999999999999702e+00	1.000999999999999890e+00
1.563190345218750000e+09	4.910999999999999588e+00	1.000999999999999890e+00
1.563190345546875000e+09	4.903999999999999915e+00	1.002000000000000002e+00
1.563190345656250000e+09	4.900999999999999801e+00	1.000999999999999890e+00
1.563190345750000000e+09	4.900000000000000355e+00	1.002000000000000002e+00
1.563190345859375000e+09	4.899000000000000021e+00	1.002000000000000002e+00
1.563190345968750000e+09	4.894999999999999574e+00	1.000999999999999890e+00
1.563190346265625000e+09	4.892999999999999794e+00	1.000999999999999890e+00
1.563190346484375000e+09	4.884999999999999787e+00	1.000999999999999890e+00
1.563190346734375000e+09	4.876999999999999780e+00	1.000999999999999890e+00
1.563190346828125000e+09	4.873000000000000220e+00	1.000999999999999890e+00
1.563190346937500000e+09	4.868000000000000327e+00	1.000999999999999890e+00
1.563190347046875000e+09	4.863000000000000433e+00	1.000999999999999890e+00
1.563190347140625000e+09	4.860999999999999766e+00	1.002000000000000002e+00
1.563190347546875000e+09	4.854000000000000092e+00	1.002000000000000002e+00
1.563190347750000000e+09	4.838000000000000078e+00	1.000999999999999890e+00
1.563190347843750000e+09	4.833999999999999631e+00	1.000999999999999890e+00
1.563190347953125000e+09	4.828999999999999737e+00	1.000999999999999890e+00
1.563190348062500000e+09	4.822000000000000064e+00	1.002000000000000002e+00
1.563190348156250000e+09	4.817000000000000171e+00	1.002000000000000002e+00
1.563190348265625000e+09	4.810999999999999943e+00	1.002000000000000002e+00
1.563190348609375000e+09	4.796999999999999709e+00	1.002000000000000002e+00
1.563190348875000000e+09	4.783999999999999808e+00	1.000999999999999890e+00
1.563190348984375000e+09	4.772999999999999687e+00	1.000999999999999890e+00
1.563190349078125000e+09	4.767000000000000348e+00	1.000999999999999890e+00
1.563190349187500000e+09	4.759000000000000341e+00	1.002000000000000002e+00
1.563190349296875000e+09	4.751000000000000334e+00	1.002000000000000002e+00
1.563190349578125000e+09	4.741999999999999993e+00	1.002000000000000002e+00
1.563190349921875000e+09	4.703000000000000291e+00	1.002000000000000002e+00
1.563190350015625000e+09	4.689000000000000057e+00	1.002000000000000002e+00
1.563190350125000000e+09	4.681000000000000050e+00	1.000999999999999890e+00
1.563190350218750000e+09	4.676000000000000156e+00	1.000999999999999890e+00
1.563190350328125000e+09	4.668999999999999595e+00	1.000999999999999890e+00
1.563190350437500000e+09	4.661999999999999922e+00	1.002000000000000002e+00
1.563190350906250000e+09	4.647000000000000242e+00	1.002000000000000002e+00
1.563190351093750000e+09	4.621999999999999886e+00	1.002000000000000002e+00
1.563190351187500000e+09	4.615999999999999659e+00	1.000999999999999890e+00
1.563190351296875000e+09	4.610999999999999766e+00	1.002000000000000002e+00
1.563190351390625000e+09	4.602999999999999758e+00	1.000999999999999890e+00
1.563190351500000000e+09	4.597000000000000419e+00	1.002000000000000002e+00
1.563190352000000000e+09	4.581000000000000405e+00	1.000999999999999890e+00
1.563190352171875000e+09	4.572000000000000064e+00	1.002000000000000002e+00
1.563190352281250000e+09	4.570000000000000284e+00	1.000999999999999890e+00
1.563190352375000000e+09	4.567000000000000171e+00	1.002000000000000002e+00
1.563190352484375000e+09	4.565000000000000391e+00	1.002000000000000002e+00
1.563190352593750000e+09	4.567000000000000171e+00	1.000999999999999890e+00
1.563190353000000000e+09	4.562999999999999723e+00	1.000999999999999890e+00
1.563190353312500000e+09	4.559999999999999609e+00	1.002000000000000002e+00
1.563190353406250000e+09	4.559000000000000163e+00	1.002000000000000002e+00
1.563190353515625000e+09	4.560999999999999943e+00	1.002000000000000002e+00
1.563190353609375000e+09	4.557000000000000384e+00	1.002000000000000002e+00
1.563190353718750000e+09	4.557999999999999829e+00	1.002000000000000002e+00
1.563190353984375000e+09	4.557000000000000384e+00	1.002000000000000002e+00
1.563190354375000000e+09	4.562999999999999723e+00	1.000999999999999890e+00
1.563190354484375000e+09	4.560999999999999943e+00	1.000999999999999890e+00
1.563190354578125000e+09	4.562999999999999723e+00	1.002000000000000002e+00
1.563190354687500000e+09	4.562999999999999723e+00	1.000999999999999890e+00
1.563190354796875000e+09	4.567000000000000171e+00	1.000999999999999890e+00
1.563190354984375000e+09	4.567000000000000171e+00	1.000999999999999890e+00
1.563190355359375000e+09	4.567000000000000171e+00	1.002000000000000002e+00
1.563190355515625000e+09	4.567000000000000171e+00	1.000999999999999890e+00
1.563190355625000000e+09	4.567000000000000171e+00	1.000999999999999890e+00
1.563190355718750000e+09	4.567999999999999616e+00	1.002000000000000002e+00
1.563190355828125000e+09	4.567000000000000171e+00	1.000999999999999890e+00
1.563190355937500000e+09	4.570000000000000284e+00	1.002000000000000002e+00
1.563190356281250000e+09	4.572000000000000064e+00	1.000999999999999890e+00
1.563190356578125000e+09	4.573000000000000398e+00	1.002000000000000002e+00
1.563190356687500000e+09	4.575000000000000178e+00	1.000999999999999890e+00
1.563190356796875000e+09	4.578000000000000291e+00	1.002000000000000002e+00
1.563190356890625000e+09	4.578999999999999737e+00	1.000999999999999890e+00
1.563190357000000000e+09	4.578999999999999737e+00	1.000999999999999890e+00
1.563190357218750000e+09	4.578999999999999737e+00	1.002000000000000002e+00
1.563190357500000000e+09	4.583000000000000185e+00	1.002000000000000002e+00
1.563190357687500000e+09	4.583000000000000185e+00	1.000999999999999890e+00
1.563190357781250000e+09	4.583999999999999631e+00	1.000999999999999890e+00
1.563190357890625000e+09	4.583999999999999631e+00	1.002000000000000002e+00
1.563190358000000000e+09	4.586000000000000298e+00	1.002000000000000002e+00
1.563190358093750000e+09	4.586000000000000298e+00	1.000999999999999890e+00
1.563190358406250000e+09	4.586000000000000298e+00	1.002000000000000002e+00
1.563190358703125000e+09	4.589999999999999858e+00	1.002000000000000002e+00
1.563190358796875000e+09	4.589999999999999858e+00	1.000999999999999890e+00
1.563190358906250000e+09	4.591000000000000192e+00	1.002000000000000002e+00
1.563190359015625000e+09	4.591000000000000192e+00	1.002000000000000002e+00
1.563190359109375000e+09	4.594000000000000306e+00	1.002000000000000002e+00
1.563190359234375000e+09	4.592999999999999972e+00	1.002000000000000002e+00
1.563190359593750000e+09	4.591999999999999638e+00	1.000999999999999890e+00
1.563190359781250000e+09	4.596000000000000085e+00	1.002000000000000002e+00
1.563190359875000000e+09	4.596000000000000085e+00	1.000999999999999890e+00
1.563190359984375000e+09	4.596000000000000085e+00	1.002000000000000002e+00
1.563190360093750000e+09	4.597000000000000419e+00	1.000999999999999890e+00
1.563190360187500000e+09	4.597999999999999865e+00	1.000999999999999890e+00
1.563190360406250000e+09	4.599000000000000199e+00	1.000999999999999890e+00
1.563190360828125000e+09	4.602999999999999758e+00	1.000999999999999890e+00
1.563190360968750000e+09	4.600999999999999979e+00	1.002000000000000002e+00
1.563190361078125000e+09	4.605000000000000426e+00	1.000999999999999890e+00
1.563190361171875000e+09	4.605000000000000426e+00	1.002000000000000002e+00
1.563190361281250000e+09	4.605000000000000426e+00	1.000999999999999890e+00
1.563190361375000000e+09	4.607000000000000206e+00	1.002000000000000002e+00
1.563190361812500000e+09	4.610999999999999766e+00	1.000999999999999890e+00
1.563190361984375000e+09	4.610999999999999766e+00	1.000999999999999890e+00
1.563190362093750000e+09	4.612000000000000099e+00	1.002000000000000002e+00
1.563190362203125000e+09	4.613000000000000433e+00	1.000999999999999890e+00
1.563190362296875000e+09	4.612000000000000099e+00	1.000999999999999890e+00
1.563190362406250000e+09	4.613999999999999879e+00	1.002000000000000002e+00
1.563190362593750000e+09	4.613000000000000433e+00	1.000999999999999890e+00
1.563190363046875000e+09	4.613999999999999879e+00	1.000999999999999890e+00
1.563190363156250000e+09	4.613999999999999879e+00	1.002000000000000002e+00
1.563190363250000000e+09	4.616999999999999993e+00	1.002000000000000002e+00
1.563190363359375000e+09	4.615000000000000213e+00	1.000999999999999890e+00
1.563190363468750000e+09	4.620000000000000107e+00	1.002000000000000002e+00
1.563190363828125000e+09	4.618999999999999773e+00	1.000999999999999890e+00
1.563190364062500000e+09	4.621999999999999886e+00	1.000999999999999890e+00
1.563190364171875000e+09	4.623000000000000220e+00	1.002000000000000002e+00
1.563190364281250000e+09	4.623000000000000220e+00	1.000999999999999890e+00
1.563190364390625000e+09	4.623000000000000220e+00	1.000000000000000000e+00
1.563190364484375000e+09	4.620000000000000107e+00	1.002000000000000002e+00
1.563190364593750000e+09	4.621999999999999886e+00	1.002000000000000002e+00
1.563190365031250000e+09	4.626000000000000334e+00	1.000999999999999890e+00
1.563190365203125000e+09	4.626000000000000334e+00	1.000999999999999890e+00
1.563190365312500000e+09	4.626000000000000334e+00	1.000999999999999890e+00
1.563190365406250000e+09	4.626999999999999780e+00	1.002000000000000002e+00
1.563190365515625000e+09	4.626000000000000334e+00	1.002000000000000002e+00
1.563190365609375000e+09	4.625000000000000000e+00	1.002000000000000002e+00
1.563190365921875000e+09	4.628000000000000114e+00	1.000999999999999890e+00
1.563190366265625000e+09	4.628999999999999559e+00	1.002000000000000002e+00
1.563190366359375000e+09	4.628999999999999559e+00	1.000999999999999890e+00
1.563190366468750000e+09	4.628999999999999559e+00	1.002000000000000002e+00
1.563190366562500000e+09	4.628000000000000114e+00	1.002000000000000002e+00
1.563190366671875000e+09	4.628999999999999559e+00	1.000999999999999890e+00
1.563190366984375000e+09	4.631000000000000227e+00	1.002000000000000002e+00
1.563190367343750000e+09	4.633000000000000007e+00	1.000999999999999890e+00
1.563190367437500000e+09	4.633000000000000007e+00	1.002000000000000002e+00
1.563190367546875000e+09	4.631999999999999673e+00	1.000999999999999890e+00
1.563190367656250000e+09	4.631999999999999673e+00	1.000999999999999890e+00
1.563190367750000000e+09	4.631000000000000227e+00	1.000999999999999890e+00
1.563190368093750000e+09	4.633000000000000007e+00	1.000999999999999890e+00
1.563190368406250000e+09	4.633000000000000007e+00	1.002000000000000002e+00
1.563190368562500000e+09	4.634999999999999787e+00	1.002000000000000002e+00
1.563190368656250000e+09	4.637999999999999901e+00	1.000999999999999890e+00
1.563190368765625000e+09	4.636999999999999567e+00	1.000999999999999890e+00
1.563190368859375000e+09	4.634999999999999787e+00	1.000999999999999890e+00
1.563190368968750000e+09	4.636999999999999567e+00	1.000999999999999890e+00
1.563190369343750000e+09	4.642000000000000348e+00	1.000999999999999890e+00
1.563190369593750000e+09	4.644000000000000128e+00	1.002000000000000002e+00
1.563190369687500000e+09	4.644000000000000128e+00	1.002000000000000002e+00
1.563190369796875000e+09	4.644000000000000128e+00	1.000999999999999890e+00
1.563190369890625000e+09	4.644000000000000128e+00	1.002000000000000002e+00
1.563190370000000000e+09	4.644000000000000128e+00	1.000999999999999890e+00
1.563190370296875000e+09	4.644000000000000128e+00	1.002000000000000002e+00
1.563190370531250000e+09	4.645999999999999908e+00	1.000999999999999890e+00
1.563190370734375000e+09	4.645999999999999908e+00	1.002000000000000002e+00
1.563190370828125000e+09	4.647000000000000242e+00	1.000999999999999890e+00
1.563190370937500000e+09	4.645999999999999908e+00	1.002000000000000002e+00
1.563190371046875000e+09	4.645999999999999908e+00	1.000999999999999890e+00
1.563190371140625000e+09	4.647999999999999687e+00	1.002000000000000002e+00
1.563190371562500000e+09	4.647999999999999687e+00	1.002999999999999892e+00
1.563190371781250000e+09	4.650000000000000355e+00	1.002000000000000002e+00
1.563190371890625000e+09	4.650999999999999801e+00	1.002000000000000002e+00
1.563190371984375000e+09	4.647999999999999687e+00	1.000999999999999890e+00
1.563190372093750000e+09	4.647999999999999687e+00	1.000999999999999890e+00
1.563190372203125000e+09	4.650000000000000355e+00	1.000999999999999890e+00
1.563190372515625000e+09	4.650000000000000355e+00	1.000999999999999890e+00
1.563190372828125000e+09	4.650999999999999801e+00	1.000999999999999890e+00
1.563190372921875000e+09	4.652000000000000135e+00	1.000999999999999890e+00
1.563190373031250000e+09	4.650999999999999801e+00	1.000999999999999890e+00
1.563190373125000000e+09	4.652999999999999581e+00	1.002000000000000002e+00
1.563190373234375000e+09	4.652999999999999581e+00	1.000999999999999890e+00
1.563190373390625000e+09	4.652999999999999581e+00	1.000999999999999890e+00
1.563190373734375000e+09	4.653999999999999915e+00	1.000999999999999890e+00
1.563190373968750000e+09	4.650999999999999801e+00	1.000999999999999890e+00
1.563190374078125000e+09	4.653999999999999915e+00	1.000999999999999890e+00
1.563190374171875000e+09	4.652999999999999581e+00	1.000999999999999890e+00
1.563190374281250000e+09	4.652000000000000135e+00	1.000999999999999890e+00
1.563190374375000000e+09	4.652999999999999581e+00	1.000000000000000000e+00
1.563190374812500000e+09	4.652999999999999581e+00	1.002000000000000002e+00
1.563190375062500000e+09	4.653999999999999915e+00	1.000999999999999890e+00
1.563190375156250000e+09	4.653999999999999915e+00	1.002000000000000002e+00
1.563190375265625000e+09	4.653999999999999915e+00	1.002000000000000002e+00
1.563190375375000000e+09	4.655000000000000249e+00	1.000999999999999890e+00
1.563190375468750000e+09	4.655999999999999694e+00	1.002000000000000002e+00
1.563190375984375000e+09	4.658999999999999808e+00	1.000999999999999890e+00
1.563190376218750000e+09	4.657000000000000028e+00	1.000999999999999890e+00
1.563190376328125000e+09	4.658999999999999808e+00	1.000999999999999890e+00
1.563190376421875000e+09	4.660999999999999588e+00	1.000999999999999890e+00
1.563190376531250000e+09	4.658999999999999808e+00	1.000999999999999890e+00
1.563190376625000000e+09	4.658999999999999808e+00	1.000999999999999890e+00
1.563190376984375000e+09	4.660999999999999588e+00	1.000999999999999890e+00
1.563190377281250000e+09	4.660999999999999588e+00	1.000999999999999890e+00
1.563190377375000000e+09	4.661999999999999922e+00	1.000999999999999890e+00
1.563190377484375000e+09	4.663999999999999702e+00	1.000999999999999890e+00
1.563190377593750000e+09	4.663999999999999702e+00	1.002000000000000002e+00
1.563190377687500000e+09	4.661999999999999922e+00	1.000999999999999890e+00
1.563190377921875000e+09	4.663999999999999702e+00	1.000999999999999890e+00
1.563190378375000000e+09	4.663000000000000256e+00	1.002000000000000002e+00
1.563190378468750000e+09	4.661999999999999922e+00	1.002000000000000002e+00
1.563190378578125000e+09	4.663999999999999702e+00	1.000999999999999890e+00
1.563190378687500000e+09	4.663000000000000256e+00	1.000999999999999890e+00
1.563190378781250000e+09	4.663999999999999702e+00	1.000999999999999890e+00
1.563190378984375000e+09	4.663999999999999702e+00	1.000999999999999890e+00
1.563190379359375000e+09	4.663999999999999702e+00	1.000999999999999890e+00
1.563190379531250000e+09	4.663999999999999702e+00	1.002000000000000002e+00
1.563190379625000000e+09	4.665000000000000036e+00	1.000999999999999890e+00
1.563190379734375000e+09	4.665000000000000036e+00	1.000999999999999890e+00
1.563190379843750000e+09	4.666999999999999815e+00	1.000999999999999890e+00
1.563190379937500000e+09	4.668000000000000149e+00	1.002000000000000002e+00
1.563190380375000000e+09	4.668999999999999595e+00	1.000999999999999890e+00
1.563190380562500000e+09	4.671000000000000263e+00	1.000999999999999890e+00
1.563190380671875000e+09	4.671999999999999709e+00	1.000999999999999890e+00
1.563190380765625000e+09	4.673000000000000043e+00	1.002000000000000002e+00
1.563190380875000000e+09	4.669999999999999929e+00	1.000999999999999890e+00
1.563190380984375000e+09	4.673000000000000043e+00	1.000999999999999890e+00
1.563190381296875000e+09	4.673000000000000043e+00	1.000999999999999890e+00
1.563190381515625000e+09	4.673000000000000043e+00	1.002000000000000002e+00
1.563190381671875000e+09	4.676000000000000156e+00	1.002000000000000002e+00
1.563190381765625000e+09	4.674999999999999822e+00	1.002000000000000002e+00
1.563190381875000000e+09	4.673000000000000043e+00	1.000999999999999890e+00
1.563190381984375000e+09	4.676000000000000156e+00	1.000999999999999890e+00
1.563190382078125000e+09	4.676000000000000156e+00	1.000999999999999890e+00
1.563190382375000000e+09	4.674999999999999822e+00	1.002000000000000002e+00
1.563190382703125000e+09	4.676999999999999602e+00	1.000999999999999890e+00
1.563190382906250000e+09	4.674999999999999822e+00	1.002000000000000002e+00
1.563190383000000000e+09	4.676999999999999602e+00	1.000999999999999890e+00
1.563190383109375000e+09	4.676999999999999602e+00	1.002000000000000002e+00
1.563190383203125000e+09	4.674999999999999822e+00	1.002000000000000002e+00
1.563190383312500000e+09	4.676999999999999602e+00	1.002000000000000002e+00
1.563190383671875000e+09	4.677999999999999936e+00	1.000999999999999890e+00
1.563190383906250000e+09	4.679999999999999716e+00	1.002000000000000002e+00
1.563190384015625000e+09	4.677999999999999936e+00	1.000999999999999890e+00
1.563190384125000000e+09	4.679000000000000270e+00	1.002000000000000002e+00
1.563190384218750000e+09	4.679000000000000270e+00	1.002000000000000002e+00
1.563190384328125000e+09	4.681000000000000050e+00	1.002000000000000002e+00
1.563190384578125000e+09	4.679999999999999716e+00	1.000999999999999890e+00
1.563190384843750000e+09	4.681000000000000050e+00	1.000999999999999890e+00
1.563190385000000000e+09	4.679999999999999716e+00	1.000999999999999890e+00
1.563190385093750000e+09	4.679999999999999716e+00	1.000999999999999890e+00
1.563190385203125000e+09	4.679000000000000270e+00	1.000999999999999890e+00
1.563190385312500000e+09	4.681000000000000050e+00	1.000999999999999890e+00
1.563190385406250000e+09	4.679999999999999716e+00	1.002000000000000002e+00
1.563190385656250000e+09	4.679999999999999716e+00	1.000999999999999890e+00
1.563190385968750000e+09	4.681000000000000050e+00	1.002000000000000002e+00
1.563190386109375000e+09	4.679000000000000270e+00	1.002000000000000002e+00
1.563190386203125000e+09	4.679000000000000270e+00	1.002000000000000002e+00
1.563190386312500000e+09	4.679000000000000270e+00	1.002000000000000002e+00
1.563190386421875000e+09	4.679999999999999716e+00	1.002000000000000002e+00
1.563190386515625000e+09	4.679999999999999716e+00	1.000999999999999890e+00
1.563190386859375000e+09	4.677999999999999936e+00	1.000999999999999890e+00
1.563190387109375000e+09	4.679000000000000270e+00	1.002000000000000002e+00
1.563190387218750000e+09	4.682000000000000384e+00	1.002000000000000002e+00
1.563190387328125000e+09	4.682000000000000384e+00	1.002000000000000002e+00
1.563190387421875000e+09	4.682000000000000384e+00	1.000999999999999890e+00
1.563190387531250000e+09	4.684000000000000163e+00	1.002000000000000002e+00
1.563190387843750000e+09	4.681000000000000050e+00	1.002000000000000002e+00
1.563190388156250000e+09	4.682999999999999829e+00	1.002000000000000002e+00
1.563190388250000000e+09	4.682999999999999829e+00	1.002000000000000002e+00
1.563190388359375000e+09	4.684000000000000163e+00	1.002000000000000002e+00
1.563190388453125000e+09	4.684999999999999609e+00	1.000999999999999890e+00
1.563190388562500000e+09	4.684999999999999609e+00	1.002999999999999892e+00
1.563190388828125000e+09	4.684000000000000163e+00	1.000999999999999890e+00
1.563190389156250000e+09	4.685999999999999943e+00	1.002000000000000002e+00
1.563190389296875000e+09	4.684999999999999609e+00	1.002000000000000002e+00
1.563190389406250000e+09	4.685999999999999943e+00	1.000999999999999890e+00
1.563190389515625000e+09	4.685999999999999943e+00	1.000999999999999890e+00
1.563190389609375000e+09	4.685999999999999943e+00	1.002000000000000002e+00
1.563190389718750000e+09	4.684999999999999609e+00	1.002000000000000002e+00
1.563190390046875000e+09	4.684999999999999609e+00	1.000999999999999890e+00
1.563190390250000000e+09	4.685999999999999943e+00	1.002000000000000002e+00
1.563190390468750000e+09	4.687999999999999723e+00	1.002000000000000002e+00
1.563190390562500000e+09	4.689000000000000057e+00	1.000999999999999890e+00
1.563190390671875000e+09	4.687999999999999723e+00	1.000999999999999890e+00
1.563190390781250000e+09	4.687999999999999723e+00	1.002000000000000002e+00
1.563190390875000000e+09	4.687999999999999723e+00	1.000999999999999890e+00
1.563190391312500000e+09	4.689000000000000057e+00	1.002000000000000002e+00
1.563190391515625000e+09	4.689000000000000057e+00	1.000999999999999890e+00
1.563190391625000000e+09	4.689000000000000057e+00	1.000999999999999890e+00
1.563190391718750000e+09	4.692000000000000171e+00	1.002000000000000002e+00
1.563190391828125000e+09	4.692000000000000171e+00	1.000999999999999890e+00
1.563190391937500000e+09	4.690000000000000391e+00	1.000999999999999890e+00
1.563190392171875000e+09	4.690999999999999837e+00	1.002000000000000002e+00
1.563190392484375000e+09	4.689000000000000057e+00	1.000999999999999890e+00
1.563190392640625000e+09	4.689000000000000057e+00	1.002000000000000002e+00
1.563190392734375000e+09	4.692000000000000171e+00	1.002000000000000002e+00
1.563190392843750000e+09	4.690999999999999837e+00	1.000999999999999890e+00
1.563190392953125000e+09	4.692000000000000171e+00	1.000999999999999890e+00
1.563190393046875000e+09	4.692000000000000171e+00	1.000999999999999890e+00
1.563190393390625000e+09	4.692000000000000171e+00	1.000999999999999890e+00
1.563190393671875000e+09	4.692000000000000171e+00	1.002000000000000002e+00
1.563190393765625000e+09	4.692000000000000171e+00	1.000999999999999890e+00
1.563190393875000000e+09	4.693999999999999950e+00	1.000999999999999890e+00
1.563190393984375000e+09	4.690999999999999837e+00	1.002000000000000002e+00
1.563190394078125000e+09	4.692000000000000171e+00	1.002000000000000002e+00
1.563190394296875000e+09	4.693999999999999950e+00	1.000999999999999890e+00
1.563190394562500000e+09	4.693999999999999950e+00	1.002000000000000002e+00
1.563190394750000000e+09	4.693999999999999950e+00	1.002000000000000002e+00
1.563190394859375000e+09	4.693999999999999950e+00	1.002000000000000002e+00
1.563190394953125000e+09	4.695999999999999730e+00	1.000999999999999890e+00
1.563190395062500000e+09	4.695999999999999730e+00	1.002000000000000002e+00
1.563190395171875000e+09	4.695999999999999730e+00	1.000999999999999890e+00
1.563190395484375000e+09	4.693999999999999950e+00	1.000999999999999890e+00
1.563190395812500000e+09	4.695999999999999730e+00	1.000999999999999890e+00
1.563190395906250000e+09	4.695999999999999730e+00	1.002000000000000002e+00
1.563190396015625000e+09	4.697000000000000064e+00	1.000999999999999890e+00
1.563190396109375000e+09	4.695999999999999730e+00	1.000999999999999890e+00
1.563190396218750000e+09	4.697000000000000064e+00	1.000999999999999890e+00
1.563190396437500000e+09	4.697000000000000064e+00	1.000999999999999890e+00
1.563190396750000000e+09	4.697000000000000064e+00	1.002000000000000002e+00
1.563190396953125000e+09	4.697000000000000064e+00	1.002000000000000002e+00
1.563190397062500000e+09	4.697000000000000064e+00	1.002000000000000002e+00
1.563190397156250000e+09	4.698000000000000398e+00	1.000999999999999890e+00
1.563190397265625000e+09	4.697000000000000064e+00	1.002000000000000002e+00
1.563190397375000000e+09	4.697000000000000064e+00	1.000999999999999890e+00
1.563190397671875000e+09	4.697000000000000064e+00	1.000999999999999890e+00
1.563190398015625000e+09	4.695999999999999730e+00	1.000999999999999890e+00
1.563190398125000000e+09	4.695999999999999730e+00	1.000999999999999890e+00
1.563190398218750000e+09	4.695999999999999730e+00	1.002000000000000002e+00
1.563190398328125000e+09	4.697000000000000064e+00	1.002000000000000002e+00
1.563190398421875000e+09	4.697000000000000064e+00	1.000999999999999890e+00
1.563190398531250000e+09	4.698000000000000398e+00	1.002000000000000002e+00
1.563190398937500000e+09	4.695999999999999730e+00	1.002000000000000002e+00
1.563190399140625000e+09	4.697000000000000064e+00	1.000999999999999890e+00
1.563190399250000000e+09	4.695999999999999730e+00	1.002000000000000002e+00
1.563190399343750000e+09	4.695999999999999730e+00	1.000999999999999890e+00
1.563190399453125000e+09	4.698000000000000398e+00	1.002000000000000002e+00
1.563190399562500000e+09	4.697000000000000064e+00	1.002000000000000002e+00
1.563190399890625000e+09	4.698000000000000398e+00	1.000999999999999890e+00
1.563190400171875000e+09	4.700999999999999623e+00	1.000999999999999890e+00
1.563190400296875000e+09	4.700999999999999623e+00	1.000999999999999890e+00
1.563190400406250000e+09	4.700999999999999623e+00	1.000999999999999890e+00
1.563190400500000000e+09	4.701999999999999957e+00	1.002000000000000002e+00
1.563190400609375000e+09	4.700999999999999623e+00	1.002000000000000002e+00
1.563190400921875000e+09	4.703000000000000291e+00	1.002000000000000002e+00
1.563190401234375000e+09	4.705000000000000071e+00	1.002000000000000002e+00
1.563190401359375000e+09	4.705000000000000071e+00	1.000999999999999890e+00
1.563190401453125000e+09	4.703000000000000291e+00	1.002000000000000002e+00
1.563190401562500000e+09	4.705000000000000071e+00	1.002000000000000002e+00
1.563190401671875000e+09	4.706000000000000405e+00	1.000999999999999890e+00
1.563190401765625000e+09	4.705000000000000071e+00	1.000999999999999890e+00
1.563190402203125000e+09	4.706000000000000405e+00	1.000999999999999890e+00
1.563190402437500000e+09	4.705000000000000071e+00	1.000999999999999890e+00
1.563190402531250000e+09	4.703999999999999737e+00	1.002000000000000002e+00
1.563190402640625000e+09	4.705000000000000071e+00	1.000999999999999890e+00
1.563190402750000000e+09	4.703000000000000291e+00	1.000999999999999890e+00
1.563190402843750000e+09	4.705000000000000071e+00	1.000999999999999890e+00
1.563190403281250000e+09	4.705000000000000071e+00	1.000999999999999890e+00
1.563190403484375000e+09	4.706999999999999851e+00	1.000999999999999890e+00
1.563190403578125000e+09	4.705000000000000071e+00	1.002000000000000002e+00
1.563190403687500000e+09	4.705000000000000071e+00	1.002000000000000002e+00
1.563190403781250000e+09	4.706000000000000405e+00	1.000999999999999890e+00
1.563190403890625000e+09	4.706999999999999851e+00	1.000999999999999890e+00
1.563190404218750000e+09	4.706999999999999851e+00	1.000999999999999890e+00
1.563190404515625000e+09	4.705000000000000071e+00	1.000999999999999890e+00
1.563190404625000000e+09	4.706000000000000405e+00	1.002000000000000002e+00
1.563190404718750000e+09	4.705000000000000071e+00	1.002000000000000002e+00
1.563190404828125000e+09	4.706999999999999851e+00	1.000999999999999890e+00
1.563190404937500000e+09	4.706999999999999851e+00	1.000999999999999890e+00
1.563190405031250000e+09	4.706999999999999851e+00	1.000999999999999890e+00
1.563190405453125000e+09	4.708999999999999631e+00	1.002000000000000002e+00
1.563190405656250000e+09	4.708999999999999631e+00	1.002000000000000002e+00
1.563190405781250000e+09	4.708000000000000185e+00	1.000999999999999890e+00
1.563190405890625000e+09	4.706999999999999851e+00	1.000999999999999890e+00
1.563190406000000000e+09	4.709999999999999964e+00	1.000999999999999890e+00
1.563190406093750000e+09	4.708999999999999631e+00	1.000999999999999890e+00
1.563190406203125000e+09	4.708999999999999631e+00	1.000999999999999890e+00
1.563190406625000000e+09	4.708999999999999631e+00	1.000999999999999890e+00
1.563190406812500000e+09	4.709999999999999964e+00	1.000999999999999890e+00
1.563190406921875000e+09	4.709999999999999964e+00	1.000999999999999890e+00
1.563190407031250000e+09	4.708999999999999631e+00	1.000999999999999890e+00
1.563190407125000000e+09	4.711999999999999744e+00	1.000999999999999890e+00
1.563190407234375000e+09	4.708999999999999631e+00	1.000999999999999890e+00
1.563190407406250000e+09	4.711999999999999744e+00	1.000999999999999890e+00
1.563190407750000000e+09	4.708999999999999631e+00	1.000999999999999890e+00
1.563190407953125000e+09	4.711999999999999744e+00	1.000999999999999890e+00
1.563190408046875000e+09	4.713000000000000078e+00	1.000999999999999890e+00
1.563190408156250000e+09	4.714000000000000412e+00	1.000999999999999890e+00
1.563190408265625000e+09	4.716000000000000192e+00	1.002000000000000002e+00
1.563190408359375000e+09	4.711999999999999744e+00	1.000999999999999890e+00
1.563190408781250000e+09	4.714000000000000412e+00	1.000999999999999890e+00
1.563190408984375000e+09	4.714000000000000412e+00	1.000999999999999890e+00
1.563190409078125000e+09	4.711999999999999744e+00	1.000999999999999890e+00
1.563190409187500000e+09	4.709999999999999964e+00	1.002000000000000002e+00
1.563190409296875000e+09	4.709999999999999964e+00	1.000999999999999890e+00
1.563190409406250000e+09	4.711999999999999744e+00	1.000999999999999890e+00
1.563190409718750000e+09	4.714000000000000412e+00	1.002000000000000002e+00
1.563190409984375000e+09	4.711999999999999744e+00	1.000999999999999890e+00
1.563190410125000000e+09	4.711999999999999744e+00	1.000999999999999890e+00
1.563190410234375000e+09	4.711999999999999744e+00	1.000999999999999890e+00
1.563190410343750000e+09	4.714000000000000412e+00	1.000999999999999890e+00
1.563190410437500000e+09	4.713000000000000078e+00	1.002000000000000002e+00
1.563190410546875000e+09	4.714000000000000412e+00	1.002000000000000002e+00
1.563190410953125000e+09	4.711999999999999744e+00	1.002000000000000002e+00
1.563190411171875000e+09	4.711999999999999744e+00	1.000999999999999890e+00
1.563190411265625000e+09	4.711999999999999744e+00	1.000999999999999890e+00
1.563190411375000000e+09	4.713000000000000078e+00	1.000999999999999890e+00
1.563190411468750000e+09	4.714000000000000412e+00	1.002000000000000002e+00
1.563190411578125000e+09	4.711999999999999744e+00	1.002000000000000002e+00
1.563190411906250000e+09	4.713000000000000078e+00	1.000999999999999890e+00
1.563190412203125000e+09	4.714000000000000412e+00	1.000999999999999890e+00
1.563190412296875000e+09	4.714999999999999858e+00	1.000999999999999890e+00
1.563190412406250000e+09	4.713000000000000078e+00	1.002000000000000002e+00
1.563190412515625000e+09	4.714000000000000412e+00	1.000999999999999890e+00
1.563190412609375000e+09	4.714000000000000412e+00	1.002000000000000002e+00
1.563190412718750000e+09	4.714000000000000412e+00	1.002000000000000002e+00
1.563190413171875000e+09	4.716000000000000192e+00	1.002000000000000002e+00
1.563190413421875000e+09	4.716000000000000192e+00	1.000999999999999890e+00
1.563190413515625000e+09	4.714999999999999858e+00	1.000999999999999890e+00
1.563190413625000000e+09	4.716999999999999638e+00	1.000999999999999890e+00
1.563190413718750000e+09	4.714999999999999858e+00	1.000999999999999890e+00
1.563190413828125000e+09	4.714999999999999858e+00	1.000999999999999890e+00
1.563190413953125000e+09	4.716000000000000192e+00	1.002000000000000002e+00
1.563190414359375000e+09	4.716999999999999638e+00	1.000999999999999890e+00
1.563190414531250000e+09	4.716999999999999638e+00	1.000999999999999890e+00
1.563190414625000000e+09	4.716000000000000192e+00	1.002000000000000002e+00
1.563190414734375000e+09	4.716999999999999638e+00	1.000999999999999890e+00
1.563190414843750000e+09	4.717999999999999972e+00	1.002000000000000002e+00
1.563190414937500000e+09	4.716000000000000192e+00	1.002000000000000002e+00
1.563190415234375000e+09	4.714999999999999858e+00	1.000999999999999890e+00
1.563190415546875000e+09	4.716000000000000192e+00	1.000999999999999890e+00
1.563190415656250000e+09	4.716999999999999638e+00	1.000999999999999890e+00
1.563190415765625000e+09	4.716000000000000192e+00	1.000999999999999890e+00
1.563190415875000000e+09	4.719000000000000306e+00	1.000999999999999890e+00
1.563190415968750000e+09	4.717999999999999972e+00	1.000999999999999890e+00
1.563190416078125000e+09	4.717999999999999972e+00	1.000999999999999890e+00
1.563190416515625000e+09	4.719000000000000306e+00	1.000999999999999890e+00
1.563190416703125000e+09	4.719000000000000306e+00	1.000999999999999890e+00
1.563190416812500000e+09	4.717999999999999972e+00	1.000999999999999890e+00
1.563190416921875000e+09	4.719999999999999751e+00	1.000999999999999890e+00
1.563190417015625000e+09	4.719999999999999751e+00	1.002000000000000002e+00
1.563190417125000000e+09	4.719999999999999751e+00	1.002000000000000002e+00
1.563190417375000000e+09	4.719000000000000306e+00	1.000999999999999890e+00
1.563190417671875000e+09	4.717999999999999972e+00	1.000999999999999890e+00
1.563190417843750000e+09	4.716000000000000192e+00	1.002000000000000002e+00
1.563190417937500000e+09	4.719000000000000306e+00	1.000999999999999890e+00
1.563190418046875000e+09	4.717999999999999972e+00	1.000999999999999890e+00
1.563190418156250000e+09	4.719999999999999751e+00	1.000999999999999890e+00
1.563190418250000000e+09	4.717999999999999972e+00	1.000999999999999890e+00
1.563190418593750000e+09	4.717999999999999972e+00	1.000999999999999890e+00
1.563190418906250000e+09	4.719000000000000306e+00	1.002000000000000002e+00
1.563190419000000000e+09	4.719000000000000306e+00	1.000999999999999890e+00
1.563190419109375000e+09	4.719000000000000306e+00	1.000999999999999890e+00
1.563190419218750000e+09	4.719000000000000306e+00	1.002000000000000002e+00
1.563190419312500000e+09	4.719000000000000306e+00	1.002000000000000002e+00
1.563190419578125000e+09	4.721000000000000085e+00	1.000999999999999890e+00
1.563190419968750000e+09	4.719999999999999751e+00	1.000999999999999890e+00
1.563190420140625000e+09	4.721000000000000085e+00	1.000999999999999890e+00
1.563190420250000000e+09	4.722000000000000419e+00	1.000999999999999890e+00
1.563190420359375000e+09	4.721000000000000085e+00	1.000999999999999890e+00
1.563190420453125000e+09	4.722999999999999865e+00	1.000999999999999890e+00
1.563190420562500000e+09	4.722000000000000419e+00	1.000999999999999890e+00
1.563190420906250000e+09	4.721000000000000085e+00	1.002000000000000002e+00
1.563190421109375000e+09	4.722000000000000419e+00	1.000999999999999890e+00
1.563190421250000000e+09	4.722000000000000419e+00	1.000999999999999890e+00
1.563190421343750000e+09	4.721000000000000085e+00	1.000999999999999890e+00
1.563190421453125000e+09	4.721000000000000085e+00	1.002000000000000002e+00
1.563190421562500000e+09	4.719999999999999751e+00	1.000999999999999890e+00
1.563190421656250000e+09	4.721000000000000085e+00	1.000999999999999890e+00
1.563190422078125000e+09	4.722999999999999865e+00	1.000999999999999890e+00
1.563190422296875000e+09	4.722999999999999865e+00	1.000999999999999890e+00
1.563190422390625000e+09	4.722999999999999865e+00	1.000999999999999890e+00
1.563190422500000000e+09	4.722999999999999865e+00	1.002000000000000002e+00
1.563190422593750000e+09	4.724000000000000199e+00	1.000999999999999890e+00
1.563190422703125000e+09	4.722999999999999865e+00	1.000999999999999890e+00
1.563190423000000000e+09	4.724000000000000199e+00	1.000999999999999890e+00
1.563190423296875000e+09	4.722999999999999865e+00	1.002000000000000002e+00
1.563190423406250000e+09	4.722999999999999865e+00	1.002000000000000002e+00
1.563190423515625000e+09	4.722999999999999865e+00	1.000999999999999890e+00
1.563190423609375000e+09	4.722999999999999865e+00	1.002000000000000002e+00
1.563190423718750000e+09	4.722999999999999865e+00	1.000999999999999890e+00
1.563190423828125000e+09	4.724000000000000199e+00	1.000999999999999890e+00
1.563190424031250000e+09	4.722999999999999865e+00	1.000999999999999890e+00
1.563190424421875000e+09	4.724000000000000199e+00	1.000999999999999890e+00
1.563190424546875000e+09	4.722999999999999865e+00	1.000999999999999890e+00
1.563190424656250000e+09	4.722999999999999865e+00	1.000999999999999890e+00
1.563190424750000000e+09	4.722999999999999865e+00	1.000999999999999890e+00
1.563190424859375000e+09	4.722999999999999865e+00	1.000999999999999890e+00
1.563190424968750000e+09	4.722000000000000419e+00	1.000999999999999890e+00
1.563190425296875000e+09	4.721000000000000085e+00	1.002000000000000002e+00
1.563190425531250000e+09	4.722000000000000419e+00	1.000999999999999890e+00
1.563190425656250000e+09	4.722999999999999865e+00	1.000999999999999890e+00
1.563190425765625000e+09	4.722999999999999865e+00	1.002000000000000002e+00
1.563190425859375000e+09	4.722999999999999865e+00	1.002000000000000002e+00
1.563190425968750000e+09	4.722000000000000419e+00	1.002000000000000002e+00
1.563190426078125000e+09	4.722999999999999865e+00	1.000999999999999890e+00
1.563190426484375000e+09	4.722000000000000419e+00	1.002000000000000002e+00
1.563190426640625000e+09	4.722999999999999865e+00	1.002000000000000002e+00
1.563190426750000000e+09	4.722999999999999865e+00	1.002000000000000002e+00
1.563190426859375000e+09	4.722000000000000419e+00	1.000999999999999890e+00
1.563190426953125000e+09	4.722999999999999865e+00	1.000999999999999890e+00
1.563190427062500000e+09	4.722999999999999865e+00	1.000999999999999890e+00
1.563190427171875000e+09	4.724000000000000199e+00	1.002000000000000002e+00
1.563190427453125000e+09	4.722999999999999865e+00	1.002000000000000002e+00
1.563190427781250000e+09	4.722999999999999865e+00	1.000999999999999890e+00
1.563190427937500000e+09	4.722999999999999865e+00	1.002000000000000002e+00
1.563190428031250000e+09	4.724999999999999645e+00	1.000999999999999890e+00
1.563190428140625000e+09	4.724999999999999645e+00	1.000999999999999890e+00
1.563190428250000000e+09	4.725999999999999979e+00	1.002000000000000002e+00
1.563190428343750000e+09	4.724999999999999645e+00	1.002000000000000002e+00
1.563190428781250000e+09	4.724999999999999645e+00	1.002000000000000002e+00
1.563190428953125000e+09	4.727000000000000313e+00	1.002000000000000002e+00
1.563190429046875000e+09	4.727000000000000313e+00	1.002000000000000002e+00
1.563190429156250000e+09	4.724999999999999645e+00	1.000999999999999890e+00
1.563190429265625000e+09	4.725999999999999979e+00	1.000999999999999890e+00
1.563190429359375000e+09	4.727000000000000313e+00	1.000999999999999890e+00
1.563190429625000000e+09	4.727000000000000313e+00	1.000999999999999890e+00
1.563190429921875000e+09	4.725999999999999979e+00	1.000999999999999890e+00
1.563190430078125000e+09	4.727000000000000313e+00	1.000999999999999890e+00
1.563190430187500000e+09	4.724999999999999645e+00	1.002000000000000002e+00
1.563190430281250000e+09	4.727999999999999758e+00	1.002000000000000002e+00
1.563190430390625000e+09	4.727000000000000313e+00	1.000999999999999890e+00
1.563190430484375000e+09	4.727999999999999758e+00	1.000999999999999890e+00
1.563190430906250000e+09	4.727000000000000313e+00	1.002000000000000002e+00
1.563190431078125000e+09	4.729000000000000092e+00	1.002000000000000002e+00
1.563190431187500000e+09	4.729000000000000092e+00	1.002000000000000002e+00
1.563190431296875000e+09	4.729000000000000092e+00	1.000999999999999890e+00
1.563190431390625000e+09	4.727000000000000313e+00	1.000999999999999890e+00
1.563190431500000000e+09	4.729000000000000092e+00	1.000999999999999890e+00
1.563190431828125000e+09	4.727000000000000313e+00	1.000999999999999890e+00
1.563190432078125000e+09	4.729000000000000092e+00	1.002000000000000002e+00
1.563190432187500000e+09	4.729000000000000092e+00	1.000999999999999890e+00
1.563190432296875000e+09	4.727000000000000313e+00	1.000999999999999890e+00
1.563190432406250000e+09	4.727999999999999758e+00	1.000999999999999890e+00
1.563190432500000000e+09	4.727000000000000313e+00	1.000999999999999890e+00
1.563190432609375000e+09	4.727000000000000313e+00	1.000999999999999890e+00
1.563190432921875000e+09	4.727999999999999758e+00	1.002000000000000002e+00
1.563190433140625000e+09	4.729000000000000092e+00	1.002000000000000002e+00
1.563190433265625000e+09	4.730000000000000426e+00	1.000999999999999890e+00
1.563190433375000000e+09	4.732000000000000206e+00	1.000999999999999890e+00
1.563190433468750000e+09	4.730999999999999872e+00	1.000999999999999890e+00
1.563190433578125000e+09	4.730999999999999872e+00	1.002000000000000002e+00
1.563190433687500000e+09	4.730000000000000426e+00	1.000999999999999890e+00
1.563190434078125000e+09	4.730000000000000426e+00	1.000999999999999890e+00
1.563190434265625000e+09	4.729000000000000092e+00	1.000999999999999890e+00
1.563190434375000000e+09	4.730999999999999872e+00	1.000999999999999890e+00
1.563190434468750000e+09	4.729000000000000092e+00	1.000999999999999890e+00
1.563190434578125000e+09	4.730000000000000426e+00	1.000999999999999890e+00
1.563190434687500000e+09	4.729000000000000092e+00	1.002000000000000002e+00
1.563190434984375000e+09	4.730000000000000426e+00	1.000999999999999890e+00
1.563190435343750000e+09	4.729000000000000092e+00	1.000999999999999890e+00
1.563190435468750000e+09	4.732000000000000206e+00	1.002000000000000002e+00
1.563190435578125000e+09	4.732999999999999652e+00	1.002000000000000002e+00
1.563190435781250000e+09	3.257000000000000117e+00	7.019999999999999574e-01
1.563190435890625000e+09	3.258999999999999897e+00	7.019999999999999574e-01
1.563190436281250000e+09	3.261000000000000121e+00	7.009999999999999565e-01
1.563190436468750000e+09	3.262000000000000011e+00	7.009999999999999565e-01
1.563190436578125000e+09	3.259999999999999787e+00	7.019999999999999574e-01
1.563190436687500000e+09	3.261000000000000121e+00	7.019999999999999574e-01
1.563190436796875000e+09	3.261000000000000121e+00	7.019999999999999574e-01
1.563190436906250000e+09	3.261000000000000121e+00	7.019999999999999574e-01
1.563190437187500000e+09	3.262999999999999901e+00	7.019999999999999574e-01
1.563190437468750000e+09	3.262999999999999901e+00	7.009999999999999565e-01
1.563190437593750000e+09	3.262000000000000011e+00	7.019999999999999574e-01
1.563190437703125000e+09	3.262000000000000011e+00	7.019999999999999574e-01
1.563190437812500000e+09	3.261000000000000121e+00	7.019999999999999574e-01
1.563190437906250000e+09	3.262999999999999901e+00	7.019999999999999574e-01
1.563190438015625000e+09	3.261000000000000121e+00	7.019999999999999574e-01
1.563190438390625000e+09	3.262000000000000011e+00	7.019999999999999574e-01
1.563190438609375000e+09	3.261000000000000121e+00	7.019999999999999574e-01
1.563190438718750000e+09	3.259999999999999787e+00	7.019999999999999574e-01
1.563190438812500000e+09	3.261000000000000121e+00	7.019999999999999574e-01
1.563190438921875000e+09	3.261000000000000121e+00	7.019999999999999574e-01
1.563190439031250000e+09	3.262000000000000011e+00	7.009999999999999565e-01
1.563190439328125000e+09	3.261000000000000121e+00	7.019999999999999574e-01
1.563190439578125000e+09	3.258999999999999897e+00	7.009999999999999565e-01
1.563190439750000000e+09	3.259999999999999787e+00	7.019999999999999574e-01
1.563190439859375000e+09	3.262000000000000011e+00	7.019999999999999574e-01
1.563190439968750000e+09	3.259999999999999787e+00	7.019999999999999574e-01
1.563190440062500000e+09	3.258999999999999897e+00	7.019999999999999574e-01
1.563190440171875000e+09	3.261000000000000121e+00	7.019999999999999574e-01
1.563190440468750000e+09	3.261000000000000121e+00	7.019999999999999574e-01
1.563190440687500000e+09	3.261000000000000121e+00	7.009999999999999565e-01
1.563190440812500000e+09	3.262000000000000011e+00	7.019999999999999574e-01
1.563190440921875000e+09	3.261000000000000121e+00	7.019999999999999574e-01
1.563190441031250000e+09	3.259999999999999787e+00	7.019999999999999574e-01
1.563190441140625000e+09	3.262999999999999901e+00	7.019999999999999574e-01
1.563190441250000000e+09	3.261000000000000121e+00	7.009999999999999565e-01
1.563190441578125000e+09	3.261000000000000121e+00	7.009999999999999565e-01
1.563190441781250000e+09	3.259999999999999787e+00	7.009999999999999565e-01
1.563190441890625000e+09	3.261000000000000121e+00	7.019999999999999574e-01
1.563190442000000000e+09	3.259999999999999787e+00	7.019999999999999574e-01
1.563190442109375000e+09	3.261000000000000121e+00	7.019999999999999574e-01
1.563190442218750000e+09	3.261000000000000121e+00	7.009999999999999565e-01
1.563190442328125000e+09	3.258999999999999897e+00	7.019999999999999574e-01
1.563190442593750000e+09	3.261000000000000121e+00	7.019999999999999574e-01
1.563190442828125000e+09	3.259999999999999787e+00	7.019999999999999574e-01
1.563190443000000000e+09	3.261000000000000121e+00	7.019999999999999574e-01
1.563190443109375000e+09	3.262000000000000011e+00	7.019999999999999574e-01
1.563190443218750000e+09	3.261000000000000121e+00	7.019999999999999574e-01
1.563190443328125000e+09	3.261000000000000121e+00	7.019999999999999574e-01
1.563190443437500000e+09	3.262000000000000011e+00	7.009999999999999565e-01
1.563190443718750000e+09	3.261000000000000121e+00	7.019999999999999574e-01
1.563190443968750000e+09	3.261000000000000121e+00	7.019999999999999574e-01
1.563190444125000000e+09	3.261000000000000121e+00	7.019999999999999574e-01
1.563190444234375000e+09	3.261000000000000121e+00	7.019999999999999574e-01
1.563190444343750000e+09	3.262000000000000011e+00	7.019999999999999574e-01
1.563190444453125000e+09	3.259999999999999787e+00	7.019999999999999574e-01
1.563190444562500000e+09	3.261000000000000121e+00	7.019999999999999574e-01
1.563190444968750000e+09	3.261000000000000121e+00	7.019999999999999574e-01
1.563190445093750000e+09	3.259999999999999787e+00	7.009999999999999565e-01
1.563190445203125000e+09	3.259999999999999787e+00	7.019999999999999574e-01
1.563190445312500000e+09	3.259999999999999787e+00	7.019999999999999574e-01
1.563190445421875000e+09	3.258999999999999897e+00	7.009999999999999565e-01
1.563190445531250000e+09	3.258000000000000007e+00	7.019999999999999574e-01
1.563190445640625000e+09	3.259999999999999787e+00	7.009999999999999565e-01
1.563190446031250000e+09	3.261000000000000121e+00	7.019999999999999574e-01
1.563190446234375000e+09	3.258999999999999897e+00	7.019999999999999574e-01
1.563190446343750000e+09	3.261000000000000121e+00	7.019999999999999574e-01
1.563190446453125000e+09	3.259999999999999787e+00	7.019999999999999574e-01
1.563190446546875000e+09	3.262000000000000011e+00	7.019999999999999574e-01
1.563190446656250000e+09	3.261000000000000121e+00	7.019999999999999574e-01
1.563190446984375000e+09	3.258999999999999897e+00	7.019999999999999574e-01
1.563190447234375000e+09	3.258999999999999897e+00	7.019999999999999574e-01
1.563190447359375000e+09	3.262000000000000011e+00	7.019999999999999574e-01
1.563190447468750000e+09	3.261000000000000121e+00	7.019999999999999574e-01
1.563190447578125000e+09	3.261000000000000121e+00	7.019999999999999574e-01
1.563190447687500000e+09	3.261000000000000121e+00	7.019999999999999574e-01
1.563190447796875000e+09	3.261000000000000121e+00	7.009999999999999565e-01
1.563190448187500000e+09	3.261000000000000121e+00	7.019999999999999574e-01
1.563190448375000000e+09	3.261000000000000121e+00	7.009999999999999565e-01
1.563190448484375000e+09	3.262000000000000011e+00	7.019999999999999574e-01
1.563190448593750000e+09	3.262000000000000011e+00	7.009999999999999565e-01
1.563190448687500000e+09	3.262999999999999901e+00	7.019999999999999574e-01
1.563190448796875000e+09	3.262999999999999901e+00	7.009999999999999565e-01
1.563190449062500000e+09	3.261000000000000121e+00	7.019999999999999574e-01
1.563190449375000000e+09	3.261000000000000121e+00	7.019999999999999574e-01
1.563190449515625000e+09	3.262000000000000011e+00	7.019999999999999574e-01
1.563190449625000000e+09	3.261000000000000121e+00	7.019999999999999574e-01
1.563190449734375000e+09	3.263999999999999790e+00	7.019999999999999574e-01
1.563190449843750000e+09	3.262000000000000011e+00	7.019999999999999574e-01
1.563190449953125000e+09	3.262000000000000011e+00	7.019999999999999574e-01
1.563190450406250000e+09	3.263999999999999790e+00	7.019999999999999574e-01
1.563190450625000000e+09	3.261000000000000121e+00	7.009999999999999565e-01
1.563190450734375000e+09	3.259999999999999787e+00	7.019999999999999574e-01
1.563190450843750000e+09	3.262000000000000011e+00	7.019999999999999574e-01
1.563190450953125000e+09	3.261000000000000121e+00	7.019999999999999574e-01
1.563190451062500000e+09	3.261000000000000121e+00	7.019999999999999574e-01
1.563190451343750000e+09	3.261000000000000121e+00	7.019999999999999574e-01
1.563190451625000000e+09	3.261000000000000121e+00	7.019999999999999574e-01
1.563190451750000000e+09	3.262000000000000011e+00	7.019999999999999574e-01
1.563190451859375000e+09	3.262000000000000011e+00	7.019999999999999574e-01
1.563190451968750000e+09	3.262000000000000011e+00	7.019999999999999574e-01
1.563190452078125000e+09	3.259999999999999787e+00	7.019999999999999574e-01
1.563190452187500000e+09	3.262999999999999901e+00	7.019999999999999574e-01
1.563190452578125000e+09	3.261000000000000121e+00	7.009999999999999565e-01
1.563190452781250000e+09	3.261000000000000121e+00	7.009999999999999565e-01
1.563190452890625000e+09	3.259999999999999787e+00	7.019999999999999574e-01
1.563190453000000000e+09	3.263999999999999790e+00	7.019999999999999574e-01
1.563190453109375000e+09	3.262000000000000011e+00	7.009999999999999565e-01
1.563190453218750000e+09	3.259999999999999787e+00	7.019999999999999574e-01
1.563190453468750000e+09	3.259999999999999787e+00	7.019999999999999574e-01
1.563190453781250000e+09	3.261000000000000121e+00	7.019999999999999574e-01
1.563190453906250000e+09	3.262000000000000011e+00	7.019999999999999574e-01
1.563190454015625000e+09	3.261000000000000121e+00	7.019999999999999574e-01
1.563190454125000000e+09	3.261000000000000121e+00	7.019999999999999574e-01
1.563190454218750000e+09	3.262000000000000011e+00	7.019999999999999574e-01
1.563190454328125000e+09	3.261000000000000121e+00	7.019999999999999574e-01
1.563190454609375000e+09	3.261000000000000121e+00	7.019999999999999574e-01
1.563190454875000000e+09	3.259999999999999787e+00	7.019999999999999574e-01
1.563190455000000000e+09	3.261000000000000121e+00	7.019999999999999574e-01
1.563190455093750000e+09	3.262999999999999901e+00	7.019999999999999574e-01
1.563190455203125000e+09	3.261000000000000121e+00	7.019999999999999574e-01
1.563190455312500000e+09	3.261000000000000121e+00	7.019999999999999574e-01
1.563190455421875000e+09	3.262000000000000011e+00	7.019999999999999574e-01
1.563190455796875000e+09	3.261000000000000121e+00	7.019999999999999574e-01
1.563190456015625000e+09	3.262000000000000011e+00	7.019999999999999574e-01
1.563190456125000000e+09	3.259999999999999787e+00	7.009999999999999565e-01
1.563190456234375000e+09	3.262000000000000011e+00	7.009999999999999565e-01
1.563190456343750000e+09	3.262000000000000011e+00	7.009999999999999565e-01
1.563190456453125000e+09	3.261000000000000121e+00	7.019999999999999574e-01
1.563190456625000000e+09	3.262000000000000011e+00	7.019999999999999574e-01
1.563190456906250000e+09	3.259999999999999787e+00	7.019999999999999574e-01
1.563190457062500000e+09	3.259999999999999787e+00	7.019999999999999574e-01
1.563190457156250000e+09	3.261000000000000121e+00	7.019999999999999574e-01
1.563190457265625000e+09	3.261000000000000121e+00	7.019999999999999574e-01
1.563190457375000000e+09	3.262000000000000011e+00	7.009999999999999565e-01
1.563190457484375000e+09	3.262999999999999901e+00	7.019999999999999574e-01
1.563190457796875000e+09	3.261000000000000121e+00	7.019999999999999574e-01
1.563190458109375000e+09	3.261000000000000121e+00	7.019999999999999574e-01
1.563190458250000000e+09	3.261000000000000121e+00	7.009999999999999565e-01
1.563190458359375000e+09	3.261000000000000121e+00	7.019999999999999574e-01
1.563190458468750000e+09	3.263999999999999790e+00	7.019999999999999574e-01
1.563190458562500000e+09	3.262999999999999901e+00	7.019999999999999574e-01
1.563190458671875000e+09	3.262000000000000011e+00	7.019999999999999574e-01
1.563190458890625000e+09	3.262000000000000011e+00	7.019999999999999574e-01
1.563190459187500000e+09	3.258999999999999897e+00	7.019999999999999574e-01
1.563190459328125000e+09	3.262999999999999901e+00	7.019999999999999574e-01
1.563190459437500000e+09	3.262000000000000011e+00	7.019999999999999574e-01
1.563190459546875000e+09	3.263999999999999790e+00	7.019999999999999574e-01
1.563190459656250000e+09	3.262000000000000011e+00	7.019999999999999574e-01
1.563190459765625000e+09	3.263999999999999790e+00	7.009999999999999565e-01
1.563190460046875000e+09	3.262999999999999901e+00	7.019999999999999574e-01
1.563190460328125000e+09	3.262999999999999901e+00	7.019999999999999574e-01
1.563190460453125000e+09	3.262999999999999901e+00	7.019999999999999574e-01
1.563190460562500000e+09	3.262999999999999901e+00	7.019999999999999574e-01
1.563190460671875000e+09	3.263999999999999790e+00	7.019999999999999574e-01
1.563190460781250000e+09	3.262000000000000011e+00	7.019999999999999574e-01
1.563190460890625000e+09	3.263999999999999790e+00	7.019999999999999574e-01
1.563190461281250000e+09	3.262999999999999901e+00	7.019999999999999574e-01
1.563190461421875000e+09	3.262999999999999901e+00	7.019999999999999574e-01
1.563190461546875000e+09	3.262000000000000011e+00	7.019999999999999574e-01
1.563190461640625000e+09	3.262000000000000011e+00	7.019999999999999574e-01
1.563190461750000000e+09	3.263999999999999790e+00	7.019999999999999574e-01
1.563190461859375000e+09	3.262000000000000011e+00	7.009999999999999565e-01
1.563190461968750000e+09	3.263999999999999790e+00	7.009999999999999565e-01
1.563190462359375000e+09	3.259999999999999787e+00	7.019999999999999574e-01
1.563190462562500000e+09	3.263999999999999790e+00	7.019999999999999574e-01
1.563190462671875000e+09	3.263999999999999790e+00	7.009999999999999565e-01
1.563190462781250000e+09	3.262000000000000011e+00	7.009999999999999565e-01
1.563190462875000000e+09	3.263999999999999790e+00	7.019999999999999574e-01
1.563190462984375000e+09	3.262999999999999901e+00	7.009999999999999565e-01
1.563190463234375000e+09	3.262000000000000011e+00	7.019999999999999574e-01
1.563190463546875000e+09	3.263999999999999790e+00	7.019999999999999574e-01
1.563190463703125000e+09	3.265000000000000124e+00	7.019999999999999574e-01
1.563190463796875000e+09	3.263999999999999790e+00	7.009999999999999565e-01
1.563190463906250000e+09	3.263999999999999790e+00	7.019999999999999574e-01
1.563190464015625000e+09	3.261000000000000121e+00	7.019999999999999574e-01
1.563190464125000000e+09	3.263999999999999790e+00	7.009999999999999565e-01
1.563190464515625000e+09	3.265000000000000124e+00	7.019999999999999574e-01
1.563190464812500000e+09	3.261000000000000121e+00	7.019999999999999574e-01
1.563190464906250000e+09	3.262000000000000011e+00	7.019999999999999574e-01
1.563190465015625000e+09	3.261000000000000121e+00	7.019999999999999574e-01
1.563190465125000000e+09	3.265000000000000124e+00	7.019999999999999574e-01
1.563190465234375000e+09	3.262000000000000011e+00	7.019999999999999574e-01
1.563190465515625000e+09	3.263999999999999790e+00	7.009999999999999565e-01
1.563190465828125000e+09	3.262000000000000011e+00	7.019999999999999574e-01
1.563190465937500000e+09	3.261000000000000121e+00	7.019999999999999574e-01
1.563190466046875000e+09	3.262999999999999901e+00	7.019999999999999574e-01
1.563190466156250000e+09	3.261000000000000121e+00	7.019999999999999574e-01
1.563190466265625000e+09	3.262000000000000011e+00	7.019999999999999574e-01
1.563190466375000000e+09	3.262000000000000011e+00	7.019999999999999574e-01
1.563190466781250000e+09	3.262999999999999901e+00	7.009999999999999565e-01
1.563190466968750000e+09	3.262000000000000011e+00	7.019999999999999574e-01
1.563190467078125000e+09	3.263999999999999790e+00	7.019999999999999574e-01
1.563190467187500000e+09	3.262999999999999901e+00	7.019999999999999574e-01
1.563190467281250000e+09	3.262999999999999901e+00	7.019999999999999574e-01
1.563190467390625000e+09	3.262000000000000011e+00	7.019999999999999574e-01
1.563190467687500000e+09	3.262000000000000011e+00	7.019999999999999574e-01
1.563190467921875000e+09	3.262999999999999901e+00	7.019999999999999574e-01
1.563190468093750000e+09	3.265000000000000124e+00	7.009999999999999565e-01
1.563190468203125000e+09	3.263999999999999790e+00	7.009999999999999565e-01
1.563190468312500000e+09	3.262999999999999901e+00	7.019999999999999574e-01
1.563190468421875000e+09	3.265000000000000124e+00	7.009999999999999565e-01
1.563190468531250000e+09	3.263999999999999790e+00	7.009999999999999565e-01
1.563190468921875000e+09	3.263999999999999790e+00	7.019999999999999574e-01
1.563190469125000000e+09	3.263999999999999790e+00	7.019999999999999574e-01
1.563190469218750000e+09	3.263999999999999790e+00	7.019999999999999574e-01
1.563190469328125000e+09	3.262999999999999901e+00	7.019999999999999574e-01
1.563190469437500000e+09	3.262999999999999901e+00	7.019999999999999574e-01
1.563190469546875000e+09	3.263999999999999790e+00	7.019999999999999574e-01
1.563190469875000000e+09	3.262000000000000011e+00	7.019999999999999574e-01
1.563190470140625000e+09	3.263999999999999790e+00	7.009999999999999565e-01
1.563190470250000000e+09	3.262000000000000011e+00	7.019999999999999574e-01
1.563190470359375000e+09	3.263999999999999790e+00	7.019999999999999574e-01
1.563190470468750000e+09	3.262999999999999901e+00	7.019999999999999574e-01
1.563190470578125000e+09	3.261000000000000121e+00	7.019999999999999574e-01
1.563190470687500000e+09	3.262000000000000011e+00	7.019999999999999574e-01
1.563190471078125000e+09	3.263999999999999790e+00	7.019999999999999574e-01
1.563190471218750000e+09	3.263999999999999790e+00	7.019999999999999574e-01
1.563190471328125000e+09	3.262999999999999901e+00	7.009999999999999565e-01
1.563190471437500000e+09	3.262000000000000011e+00	7.019999999999999574e-01
1.563190471546875000e+09	3.262999999999999901e+00	7.019999999999999574e-01
1.563190471656250000e+09	3.263999999999999790e+00	7.019999999999999574e-01
1.563190471750000000e+09	3.262000000000000011e+00	7.019999999999999574e-01
1.563190472156250000e+09	3.263999999999999790e+00	7.019999999999999574e-01
1.563190472375000000e+09	3.262000000000000011e+00	7.019999999999999574e-01
1.563190472500000000e+09	3.262000000000000011e+00	7.019999999999999574e-01
1.563190472609375000e+09	3.262000000000000011e+00	7.019999999999999574e-01
1.563190472718750000e+09	3.262999999999999901e+00	7.019999999999999574e-01
1.563190472828125000e+09	3.262000000000000011e+00	7.019999999999999574e-01
1.563190472921875000e+09	3.262000000000000011e+00	7.019999999999999574e-01
1.563190473328125000e+09	3.262000000000000011e+00	7.019999999999999574e-01
1.563190473468750000e+09	3.262999999999999901e+00	7.019999999999999574e-01
1.563190473593750000e+09	3.263999999999999790e+00	7.019999999999999574e-01
1.563190473687500000e+09	3.262000000000000011e+00	7.019999999999999574e-01
1.563190473796875000e+09	3.261000000000000121e+00	7.009999999999999565e-01
1.563190473906250000e+09	3.262000000000000011e+00	7.019999999999999574e-01
1.563190474015625000e+09	3.261000000000000121e+00	7.019999999999999574e-01
1.563190474359375000e+09	3.263999999999999790e+00	7.019999999999999574e-01
1.563190474546875000e+09	3.262999999999999901e+00	7.019999999999999574e-01
1.563190474671875000e+09	3.262999999999999901e+00	7.019999999999999574e-01
1.563190474765625000e+09	3.263999999999999790e+00	7.019999999999999574e-01
1.563190474875000000e+09	3.263999999999999790e+00	7.019999999999999574e-01
1.563190474984375000e+09	3.263999999999999790e+00	7.019999999999999574e-01
1.563190475093750000e+09	3.261000000000000121e+00	7.019999999999999574e-01
1.563190475375000000e+09	3.262000000000000011e+00	7.019999999999999574e-01
1.563190475625000000e+09	3.262999999999999901e+00	7.019999999999999574e-01
1.563190475750000000e+09	3.262000000000000011e+00	7.019999999999999574e-01
1.563190475843750000e+09	3.262000000000000011e+00	7.019999999999999574e-01
1.563190475953125000e+09	3.262999999999999901e+00	7.019999999999999574e-01
1.563190476062500000e+09	3.262000000000000011e+00	7.019999999999999574e-01
1.563190476171875000e+09	3.263999999999999790e+00	7.019999999999999574e-01
1.563190476562500000e+09	3.262000000000000011e+00	7.019999999999999574e-01
1.563190476703125000e+09	3.263999999999999790e+00	7.019999999999999574e-01
1.563190476812500000e+09	3.262999999999999901e+00	7.019999999999999574e-01
1.563190476921875000e+09	3.262000000000000011e+00	7.019999999999999574e-01
1.563190477031250000e+09	3.263999999999999790e+00	7.019999999999999574e-01
1.563190477140625000e+09	3.262999999999999901e+00	7.019999999999999574e-01
1.563190477250000000e+09	3.263999999999999790e+00	7.019999999999999574e-01
1.563190477593750000e+09	3.265000000000000124e+00	7.009999999999999565e-01
1.563190477781250000e+09	3.262999999999999901e+00	7.019999999999999574e-01
1.563190477890625000e+09	3.266999999999999904e+00	7.019999999999999574e-01
1.563190478000000000e+09	3.266000000000000014e+00	7.019999999999999574e-01
1.563190478109375000e+09	3.266000000000000014e+00	7.019999999999999574e-01
1.563190478218750000e+09	3.263999999999999790e+00	7.019999999999999574e-01
1.563190478328125000e+09	3.265000000000000124e+00	7.019999999999999574e-01
1.563190478640625000e+09	3.263999999999999790e+00	7.019999999999999574e-01
1.563190478812500000e+09	3.262999999999999901e+00	7.009999999999999565e-01
1.563190478953125000e+09	3.262999999999999901e+00	7.019999999999999574e-01
1.563190479062500000e+09	3.263999999999999790e+00	7.019999999999999574e-01
1.563190479171875000e+09	3.263999999999999790e+00	7.019999999999999574e-01
1.563190479265625000e+09	3.266000000000000014e+00	7.019999999999999574e-01
1.563190479375000000e+09	3.263999999999999790e+00	7.019999999999999574e-01
1.563190479656250000e+09	3.266000000000000014e+00	7.019999999999999574e-01
1.563190479921875000e+09	3.263999999999999790e+00	7.019999999999999574e-01
1.563190480125000000e+09	3.265000000000000124e+00	7.019999999999999574e-01
1.563190480234375000e+09	3.266000000000000014e+00	7.019999999999999574e-01
1.563190480343750000e+09	3.262999999999999901e+00	7.019999999999999574e-01
1.563190480437500000e+09	3.266999999999999904e+00	7.019999999999999574e-01
1.563190480546875000e+09	3.262999999999999901e+00	7.019999999999999574e-01
1.563190480890625000e+09	3.262999999999999901e+00	7.019999999999999574e-01
1.563190481093750000e+09	3.262999999999999901e+00	7.019999999999999574e-01
1.563190481250000000e+09	3.262000000000000011e+00	7.019999999999999574e-01
1.563190481359375000e+09	3.262999999999999901e+00	7.019999999999999574e-01
1.563190481453125000e+09	3.262999999999999901e+00	7.019999999999999574e-01
1.563190481562500000e+09	3.262999999999999901e+00	7.009999999999999565e-01
1.563190481671875000e+09	3.266000000000000014e+00	7.019999999999999574e-01
1.563190482031250000e+09	3.262000000000000011e+00	7.019999999999999574e-01
1.563190482250000000e+09	3.263999999999999790e+00	7.019999999999999574e-01
1.563190482359375000e+09	3.266000000000000014e+00	7.019999999999999574e-01
1.563190482468750000e+09	3.265000000000000124e+00	7.019999999999999574e-01
1.563190482578125000e+09	3.262999999999999901e+00	7.019999999999999574e-01
1.563190482687500000e+09	3.263999999999999790e+00	7.019999999999999574e-01
1.563190482796875000e+09	3.262999999999999901e+00	7.019999999999999574e-01
1.563190483187500000e+09	3.262000000000000011e+00	7.019999999999999574e-01
1.563190483406250000e+09	3.262000000000000011e+00	7.019999999999999574e-01
1.563190483515625000e+09	3.263999999999999790e+00	7.019999999999999574e-01
1.563190483609375000e+09	3.263999999999999790e+00	7.019999999999999574e-01
1.563190483718750000e+09	3.262999999999999901e+00	7.019999999999999574e-01
1.563190483828125000e+09	3.265000000000000124e+00	7.009999999999999565e-01
1.563190484109375000e+09	3.262999999999999901e+00	7.019999999999999574e-01
1.563190484359375000e+09	3.266000000000000014e+00	7.019999999999999574e-01
1.563190484500000000e+09	3.263999999999999790e+00	7.009999999999999565e-01
1.563190484609375000e+09	3.266000000000000014e+00	7.019999999999999574e-01
1.563190484703125000e+09	3.266000000000000014e+00	7.019999999999999574e-01
1.563190484812500000e+09	3.263999999999999790e+00	7.019999999999999574e-01
1.563190484921875000e+09	3.266000000000000014e+00	7.019999999999999574e-01
1.563190485203125000e+09	3.266000000000000014e+00	7.009999999999999565e-01
1.563190485484375000e+09	3.266000000000000014e+00	7.009999999999999565e-01
1.563190485640625000e+09	3.266000000000000014e+00	7.019999999999999574e-01
1.563190485750000000e+09	3.265000000000000124e+00	7.019999999999999574e-01
1.563190485859375000e+09	3.266000000000000014e+00	7.019999999999999574e-01
1.563190485968750000e+09	3.263999999999999790e+00	7.019999999999999574e-01
1.563190486062500000e+09	3.266999999999999904e+00	7.019999999999999574e-01
1.563190486390625000e+09	3.266000000000000014e+00	7.019999999999999574e-01
1.563190486578125000e+09	3.265000000000000124e+00	7.019999999999999574e-01
1.563190486734375000e+09	3.263999999999999790e+00	7.019999999999999574e-01
1.563190486843750000e+09	3.266000000000000014e+00	7.019999999999999574e-01
1.563190486953125000e+09	3.262999999999999901e+00	7.019999999999999574e-01
1.563190487062500000e+09	3.262999999999999901e+00	7.019999999999999574e-01
1.563190487156250000e+09	3.263999999999999790e+00	7.009999999999999565e-01
1.563190487609375000e+09	3.263999999999999790e+00	7.009999999999999565e-01
1.563190487875000000e+09	3.266999999999999904e+00	7.019999999999999574e-01
1.563190487968750000e+09	3.266000000000000014e+00	7.019999999999999574e-01
1.563190488078125000e+09	3.266000000000000014e+00	7.019999999999999574e-01
1.563190488187500000e+09	3.266999999999999904e+00	7.019999999999999574e-01
1.563190488296875000e+09	3.263999999999999790e+00	7.019999999999999574e-01
1.563190488625000000e+09	3.266000000000000014e+00	7.009999999999999565e-01
1.563190488859375000e+09	3.263999999999999790e+00	7.019999999999999574e-01
1.563190488984375000e+09	3.266000000000000014e+00	7.019999999999999574e-01
1.563190489093750000e+09	3.262999999999999901e+00	7.019999999999999574e-01
1.563190489187500000e+09	3.266000000000000014e+00	7.019999999999999574e-01
1.563190489296875000e+09	3.262999999999999901e+00	7.019999999999999574e-01
1.563190489406250000e+09	3.263999999999999790e+00	7.019999999999999574e-01
1.563190489781250000e+09	3.262999999999999901e+00	7.019999999999999574e-01
1.563190489984375000e+09	3.266000000000000014e+00	7.019999999999999574e-01
1.563190490093750000e+09	3.262000000000000011e+00	7.009999999999999565e-01
1.563190490203125000e+09	3.262000000000000011e+00	7.019999999999999574e-01
1.563190490312500000e+09	3.265000000000000124e+00	7.019999999999999574e-01
1.563190490421875000e+09	3.263999999999999790e+00	7.009999999999999565e-01
1.563190490515625000e+09	3.262999999999999901e+00	7.009999999999999565e-01
1.563190490937500000e+09	3.266999999999999904e+00	7.019999999999999574e-01
1.563190491140625000e+09	3.265000000000000124e+00	7.019999999999999574e-01
1.563190491234375000e+09	3.262000000000000011e+00	7.019999999999999574e-01
1.563190491343750000e+09	3.263999999999999790e+00	7.019999999999999574e-01
1.563190491453125000e+09	3.266000000000000014e+00	7.019999999999999574e-01
1.563190491562500000e+09	3.262999999999999901e+00	7.019999999999999574e-01
1.563190491875000000e+09	3.266999999999999904e+00	7.019999999999999574e-01
1.563190492156250000e+09	3.263999999999999790e+00	7.019999999999999574e-01
1.563190492281250000e+09	3.266000000000000014e+00	7.019999999999999574e-01
1.563190492390625000e+09	3.266000000000000014e+00	7.019999999999999574e-01
1.563190492500000000e+09	3.262999999999999901e+00	7.019999999999999574e-01
1.563190492593750000e+09	3.265000000000000124e+00	7.019999999999999574e-01
1.563190492703125000e+09	3.265000000000000124e+00	7.019999999999999574e-01
1.563190493093750000e+09	3.263999999999999790e+00	7.019999999999999574e-01
1.563190493250000000e+09	3.266000000000000014e+00	7.009999999999999565e-01
1.563190493375000000e+09	3.266000000000000014e+00	7.009999999999999565e-01
1.563190493484375000e+09	3.266999999999999904e+00	7.019999999999999574e-01
1.563190493593750000e+09	3.267999999999999794e+00	7.019999999999999574e-01
1.563190493687500000e+09	3.265000000000000124e+00	7.019999999999999574e-01
1.563190493796875000e+09	3.266000000000000014e+00	7.019999999999999574e-01
1.563190494203125000e+09	3.263999999999999790e+00	7.009999999999999565e-01
1.563190494500000000e+09	3.265000000000000124e+00	7.019999999999999574e-01
1.563190494609375000e+09	3.266000000000000014e+00	7.019999999999999574e-01
1.563190494718750000e+09	3.263999999999999790e+00	7.019999999999999574e-01
1.563190494812500000e+09	3.266999999999999904e+00	7.009999999999999565e-01
1.563190494921875000e+09	3.263999999999999790e+00	7.019999999999999574e-01
1.563190495250000000e+09	3.266000000000000014e+00	7.009999999999999565e-01
1.563190495500000000e+09	3.263999999999999790e+00	7.019999999999999574e-01
1.563190495640625000e+09	3.265000000000000124e+00	7.019999999999999574e-01
1.563190495750000000e+09	3.266000000000000014e+00	7.019999999999999574e-01
1.563190495859375000e+09	3.266000000000000014e+00	7.019999999999999574e-01
1.563190495953125000e+09	3.266000000000000014e+00	7.019999999999999574e-01
1.563190496062500000e+09	3.266000000000000014e+00	7.019999999999999574e-01
1.563190496375000000e+09	3.266000000000000014e+00	7.019999999999999574e-01
1.563190496593750000e+09	3.265000000000000124e+00	7.019999999999999574e-01
1.563190496734375000e+09	3.266000000000000014e+00	7.019999999999999574e-01
1.563190496843750000e+09	3.266000000000000014e+00	7.019999999999999574e-01
1.563190496937500000e+09	3.263999999999999790e+00	7.019999999999999574e-01
1.563190497046875000e+09	3.266999999999999904e+00	7.009999999999999565e-01
1.563190497156250000e+09	3.265000000000000124e+00	7.019999999999999574e-01
1.563190497437500000e+09	3.266999999999999904e+00	7.019999999999999574e-01
1.563190497703125000e+09	3.266999999999999904e+00	7.019999999999999574e-01
1.563190497828125000e+09	3.266000000000000014e+00	7.019999999999999574e-01
1.563190497937500000e+09	3.267999999999999794e+00	7.009999999999999565e-01
1.563190498046875000e+09	3.266000000000000014e+00	7.019999999999999574e-01
1.563190498140625000e+09	3.267999999999999794e+00	7.019999999999999574e-01
1.563190498250000000e+09	3.267999999999999794e+00	7.019999999999999574e-01
1.563190498578125000e+09	3.267999999999999794e+00	7.019999999999999574e-01
1.563190498781250000e+09	3.270000000000000018e+00	7.019999999999999574e-01
1.563190498937500000e+09	3.267999999999999794e+00	7.019999999999999574e-01
1.563190499046875000e+09	3.266000000000000014e+00	7.009999999999999565e-01
1.563190499140625000e+09	3.266000000000000014e+00	7.009999999999999565e-01
1.563190499250000000e+09	3.266999999999999904e+00	7.019999999999999574e-01
1.563190499359375000e+09	3.266000000000000014e+00	7.019999999999999574e-01
1.563190499765625000e+09	3.269000000000000128e+00	7.009999999999999565e-01
1.563190499906250000e+09	3.266000000000000014e+00	7.019999999999999574e-01
1.563190500015625000e+09	3.266999999999999904e+00	7.009999999999999565e-01
1.563190500125000000e+09	3.266000000000000014e+00	7.019999999999999574e-01
1.563190500234375000e+09	3.266999999999999904e+00	7.019999999999999574e-01
1.563190500343750000e+09	3.266000000000000014e+00	7.019999999999999574e-01
1.563190500453125000e+09	3.267999999999999794e+00	7.019999999999999574e-01
1.563190500828125000e+09	3.266000000000000014e+00	7.019999999999999574e-01
1.563190501000000000e+09	3.266999999999999904e+00	7.019999999999999574e-01
1.563190501109375000e+09	3.263999999999999790e+00	7.019999999999999574e-01
1.563190501218750000e+09	3.265000000000000124e+00	7.019999999999999574e-01
1.563190501328125000e+09	3.267999999999999794e+00	7.019999999999999574e-01
1.563190501437500000e+09	3.266000000000000014e+00	7.019999999999999574e-01
1.563190501546875000e+09	3.266000000000000014e+00	7.019999999999999574e-01
1.563190502031250000e+09	3.266999999999999904e+00	7.019999999999999574e-01
1.563190502171875000e+09	3.266999999999999904e+00	7.019999999999999574e-01
1.563190502296875000e+09	3.266000000000000014e+00	7.019999999999999574e-01
1.563190502406250000e+09	3.266000000000000014e+00	7.019999999999999574e-01
1.563190502515625000e+09	3.266999999999999904e+00	7.019999999999999574e-01
1.563190502625000000e+09	3.267999999999999794e+00	7.019999999999999574e-01
1.563190502718750000e+09	3.266000000000000014e+00	7.019999999999999574e-01
1.563190503125000000e+09	3.267999999999999794e+00	7.009999999999999565e-01
1.563190503343750000e+09	3.266000000000000014e+00	7.019999999999999574e-01
1.563190503453125000e+09	3.266999999999999904e+00	7.019999999999999574e-01
1.563190503562500000e+09	3.266000000000000014e+00	7.019999999999999574e-01
1.563190503671875000e+09	3.266000000000000014e+00	7.019999999999999574e-01
1.563190503765625000e+09	3.266999999999999904e+00	7.019999999999999574e-01
1.563190504062500000e+09	3.266000000000000014e+00	7.019999999999999574e-01
1.563190504375000000e+09	3.269000000000000128e+00	7.019999999999999574e-01
1.563190504500000000e+09	3.267999999999999794e+00	7.019999999999999574e-01
1.563190504593750000e+09	3.266999999999999904e+00	7.019999999999999574e-01
1.563190504703125000e+09	3.266999999999999904e+00	7.019999999999999574e-01
1.563190504812500000e+09	3.269000000000000128e+00	7.019999999999999574e-01
1.563190504921875000e+09	3.266999999999999904e+00	7.019999999999999574e-01
1.563190505328125000e+09	3.266000000000000014e+00	7.009999999999999565e-01
1.563190505468750000e+09	3.266999999999999904e+00	7.019999999999999574e-01
1.563190505593750000e+09	3.267999999999999794e+00	7.019999999999999574e-01
1.563190505703125000e+09	3.267999999999999794e+00	7.019999999999999574e-01
1.563190505796875000e+09	3.266999999999999904e+00	7.019999999999999574e-01
1.563190505906250000e+09	3.266999999999999904e+00	7.019999999999999574e-01
1.563190506015625000e+09	3.266999999999999904e+00	7.019999999999999574e-01
1.563190506406250000e+09	3.266000000000000014e+00	7.019999999999999574e-01
1.563190506625000000e+09	3.266000000000000014e+00	7.019999999999999574e-01
1.563190506734375000e+09	3.267999999999999794e+00	7.019999999999999574e-01
1.563190506843750000e+09	3.269000000000000128e+00	7.019999999999999574e-01
1.563190506953125000e+09	3.266000000000000014e+00	7.019999999999999574e-01
1.563190507062500000e+09	3.265000000000000124e+00	7.019999999999999574e-01
1.563190507328125000e+09	3.266000000000000014e+00	7.019999999999999574e-01
1.563190507656250000e+09	3.266000000000000014e+00	7.019999999999999574e-01
1.563190507781250000e+09	3.267999999999999794e+00	7.019999999999999574e-01
1.563190507890625000e+09	3.266999999999999904e+00	7.009999999999999565e-01
1.563190507984375000e+09	3.266000000000000014e+00	7.019999999999999574e-01
1.563190508093750000e+09	3.266000000000000014e+00	7.019999999999999574e-01
1.563190508203125000e+09	3.263999999999999790e+00	7.019999999999999574e-01
1.563190508562500000e+09	3.266000000000000014e+00	7.019999999999999574e-01
1.563190508750000000e+09	3.266000000000000014e+00	7.019999999999999574e-01
1.563190508875000000e+09	3.266999999999999904e+00	7.009999999999999565e-01
1.563190508968750000e+09	3.267999999999999794e+00	7.019999999999999574e-01
1.563190509078125000e+09	3.266000000000000014e+00	7.019999999999999574e-01
1.563190509187500000e+09	3.267999999999999794e+00	7.019999999999999574e-01
1.563190509296875000e+09	3.266999999999999904e+00	7.009999999999999565e-01
1.563190509656250000e+09	3.266000000000000014e+00	7.019999999999999574e-01
1.563190509875000000e+09	3.267999999999999794e+00	7.019999999999999574e-01
1.563190510031250000e+09	3.266000000000000014e+00	7.019999999999999574e-01
1.563190510125000000e+09	3.266000000000000014e+00	7.019999999999999574e-01
1.563190510234375000e+09	3.265000000000000124e+00	7.019999999999999574e-01
1.563190510343750000e+09	3.266000000000000014e+00	7.019999999999999574e-01
1.563190510453125000e+09	3.266999999999999904e+00	7.019999999999999574e-01
1.563190510718750000e+09	3.266000000000000014e+00	7.009999999999999565e-01
1.563190511000000000e+09	3.265000000000000124e+00	7.009999999999999565e-01
1.563190511140625000e+09	3.266000000000000014e+00	7.019999999999999574e-01
1.563190511250000000e+09	3.266000000000000014e+00	7.019999999999999574e-01
1.563190511343750000e+09	3.266000000000000014e+00	7.019999999999999574e-01
1.563190511453125000e+09	3.270000000000000018e+00	7.019999999999999574e-01
1.563190511562500000e+09	3.266999999999999904e+00	7.019999999999999574e-01
1.563190511937500000e+09	3.266999999999999904e+00	7.019999999999999574e-01
1.563190512171875000e+09	3.266999999999999904e+00	7.019999999999999574e-01
1.563190512281250000e+09	3.266999999999999904e+00	7.019999999999999574e-01
1.563190512390625000e+09	3.266000000000000014e+00	7.019999999999999574e-01
1.563190512500000000e+09	3.266000000000000014e+00	7.019999999999999574e-01
1.563190512609375000e+09	3.269000000000000128e+00	7.019999999999999574e-01
1.563190512906250000e+09	3.267999999999999794e+00	7.019999999999999574e-01
1.563190513171875000e+09	3.270000000000000018e+00	7.009999999999999565e-01
1.563190513328125000e+09	3.269000000000000128e+00	7.019999999999999574e-01
1.563190513421875000e+09	3.267999999999999794e+00	7.019999999999999574e-01
1.563190513531250000e+09	3.269000000000000128e+00	7.019999999999999574e-01
1.563190513640625000e+09	3.269000000000000128e+00	7.019999999999999574e-01
1.563190513750000000e+09	3.269000000000000128e+00	7.019999999999999574e-01
1.563190514140625000e+09	3.269000000000000128e+00	7.009999999999999565e-01
1.563190514312500000e+09	3.270000000000000018e+00	7.009999999999999565e-01
1.563190514421875000e+09	3.269000000000000128e+00	7.019999999999999574e-01
1.563190514515625000e+09	3.267999999999999794e+00	7.019999999999999574e-01
1.563190514625000000e+09	3.267999999999999794e+00	7.019999999999999574e-01
1.563190514734375000e+09	3.270000000000000018e+00	7.009999999999999565e-01
1.563190514843750000e+09	3.267999999999999794e+00	7.019999999999999574e-01
1.563190515234375000e+09	3.267999999999999794e+00	7.019999999999999574e-01
1.563190515453125000e+09	3.266000000000000014e+00	7.019999999999999574e-01
1.563190515562500000e+09	3.266000000000000014e+00	7.019999999999999574e-01
1.563190515671875000e+09	3.269000000000000128e+00	7.019999999999999574e-01
1.563190515781250000e+09	3.266000000000000014e+00	7.019999999999999574e-01
1.563190515890625000e+09	3.267999999999999794e+00	7.019999999999999574e-01
1.563190516031250000e+09	3.266999999999999904e+00	7.009999999999999565e-01
1.563190516343750000e+09	3.265000000000000124e+00	7.019999999999999574e-01
1.563190516500000000e+09	3.266999999999999904e+00	7.019999999999999574e-01
1.563190516609375000e+09	3.266999999999999904e+00	7.019999999999999574e-01
1.563190516718750000e+09	3.269000000000000128e+00	7.019999999999999574e-01
1.563190516812500000e+09	3.266000000000000014e+00	7.019999999999999574e-01
1.563190516921875000e+09	3.267999999999999794e+00	7.019999999999999574e-01
1.563190517031250000e+09	3.266000000000000014e+00	7.019999999999999574e-01
1.563190517359375000e+09	3.266999999999999904e+00	7.019999999999999574e-01
1.563190517625000000e+09	3.266000000000000014e+00	7.019999999999999574e-01
1.563190517781250000e+09	3.265000000000000124e+00	7.019999999999999574e-01
1.563190517875000000e+09	3.266999999999999904e+00	7.019999999999999574e-01
1.563190517984375000e+09	3.267999999999999794e+00	7.019999999999999574e-01
1.563190518093750000e+09	3.266999999999999904e+00	7.019999999999999574e-01
1.563190518203125000e+09	3.267999999999999794e+00	7.019999999999999574e-01
1.563190518515625000e+09	3.266000000000000014e+00	7.019999999999999574e-01
1.563190518687500000e+09	3.266999999999999904e+00	7.019999999999999574e-01
1.563190518828125000e+09	3.266999999999999904e+00	7.019999999999999574e-01
1.563190518937500000e+09	3.267999999999999794e+00	7.009999999999999565e-01
1.563190519046875000e+09	3.266000000000000014e+00	7.009999999999999565e-01
1.563190519156250000e+09	3.270000000000000018e+00	7.019999999999999574e-01
1.563190519265625000e+09	3.266000000000000014e+00	7.019999999999999574e-01
1.563190519640625000e+09	3.269000000000000128e+00	7.019999999999999574e-01
1.563190519843750000e+09	3.267999999999999794e+00	7.009999999999999565e-01
1.563190519953125000e+09	3.267999999999999794e+00	7.019999999999999574e-01
1.563190520046875000e+09	3.269000000000000128e+00	7.019999999999999574e-01
1.563190520156250000e+09	3.267999999999999794e+00	7.019999999999999574e-01
1.563190520265625000e+09	3.267999999999999794e+00	7.019999999999999574e-01
1.563190520437500000e+09	3.270000000000000018e+00	7.019999999999999574e-01
1.563190520734375000e+09	3.269000000000000128e+00	7.009999999999999565e-01
1.563190520890625000e+09	3.269000000000000128e+00	7.019999999999999574e-01
1.563190521000000000e+09	3.266999999999999904e+00	7.019999999999999574e-01
1.563190521109375000e+09	3.267999999999999794e+00	7.019999999999999574e-01
1.563190521203125000e+09	3.266999999999999904e+00	7.019999999999999574e-01
1.563190521312500000e+09	3.269000000000000128e+00	7.009999999999999565e-01
1.563190521625000000e+09	3.267999999999999794e+00	7.019999999999999574e-01
1.563190521875000000e+09	3.267999999999999794e+00	7.019999999999999574e-01
1.563190522000000000e+09	3.270000000000000018e+00	7.019999999999999574e-01
1.563190522109375000e+09	3.269000000000000128e+00	7.019999999999999574e-01
1.563190522218750000e+09	3.267999999999999794e+00	7.019999999999999574e-01
1.563190522312500000e+09	3.267999999999999794e+00	7.019999999999999574e-01
1.563190522421875000e+09	3.266000000000000014e+00	7.019999999999999574e-01
1.563190522828125000e+09	3.266999999999999904e+00	7.019999999999999574e-01
1.563190523000000000e+09	3.266999999999999904e+00	7.019999999999999574e-01
1.563190523093750000e+09	3.266000000000000014e+00	7.019999999999999574e-01
1.563190523203125000e+09	3.266000000000000014e+00	7.019999999999999574e-01
1.563190523312500000e+09	3.266000000000000014e+00	7.019999999999999574e-01
1.563190523421875000e+09	3.267999999999999794e+00	7.019999999999999574e-01
1.563190523703125000e+09	3.266999999999999904e+00	7.019999999999999574e-01
1.563190523984375000e+09	3.267999999999999794e+00	7.019999999999999574e-01
1.563190524109375000e+09	3.266000000000000014e+00	7.019999999999999574e-01
1.563190524218750000e+09	3.267999999999999794e+00	7.019999999999999574e-01
1.563190524312500000e+09	3.266999999999999904e+00	7.009999999999999565e-01
1.563190524421875000e+09	3.266999999999999904e+00	7.019999999999999574e-01
1.563190524531250000e+09	3.266999999999999904e+00	7.019999999999999574e-01
1.563190525015625000e+09	3.269000000000000128e+00	7.019999999999999574e-01
1.563190525187500000e+09	3.267999999999999794e+00	7.019999999999999574e-01
1.563190525296875000e+09	3.270999999999999908e+00	7.019999999999999574e-01
1.563190525406250000e+09	3.270000000000000018e+00	7.019999999999999574e-01
1.563190525515625000e+09	3.269000000000000128e+00	7.019999999999999574e-01
1.563190525609375000e+09	3.270999999999999908e+00	7.009999999999999565e-01
1.563190525859375000e+09	3.270000000000000018e+00	7.019999999999999574e-01
1.563190526171875000e+09	3.267999999999999794e+00	7.019999999999999574e-01
1.563190526296875000e+09	3.267999999999999794e+00	7.019999999999999574e-01
1.563190526406250000e+09	3.267999999999999794e+00	7.019999999999999574e-01
1.563190526515625000e+09	3.270000000000000018e+00	7.009999999999999565e-01
1.563190526609375000e+09	3.270999999999999908e+00	7.009999999999999565e-01
1.563190526718750000e+09	3.270000000000000018e+00	7.019999999999999574e-01
1.563190527093750000e+09	3.270000000000000018e+00	7.019999999999999574e-01
1.563190527296875000e+09	3.266999999999999904e+00	7.019999999999999574e-01
1.563190527406250000e+09	3.267999999999999794e+00	7.019999999999999574e-01
1.563190527500000000e+09	3.267999999999999794e+00	7.019999999999999574e-01
1.563190527609375000e+09	3.266000000000000014e+00	7.019999999999999574e-01
1.563190527718750000e+09	3.270000000000000018e+00	7.019999999999999574e-01
1.563190528000000000e+09	3.266000000000000014e+00	7.019999999999999574e-01
1.563190528250000000e+09	3.266999999999999904e+00	7.019999999999999574e-01
1.563190528406250000e+09	3.266000000000000014e+00	7.009999999999999565e-01
1.563190528500000000e+09	3.266000000000000014e+00	7.009999999999999565e-01
1.563190528609375000e+09	3.267999999999999794e+00	7.019999999999999574e-01
1.563190528812500000e+09	-0.000000000000000000e+00	1.200000000000000025e-02
1.563190529156250000e+09	-0.000000000000000000e+00	1.000000000000000021e-02
1.563190529343750000e+09	-0.000000000000000000e+00	8.000000000000000167e-03
1.563190529468750000e+09	-0.000000000000000000e+00	8.000000000000000167e-03
1.563190529578125000e+09	-0.000000000000000000e+00	8.000000000000000167e-03
1.563190529671875000e+09	-0.000000000000000000e+00	8.000000000000000167e-03
1.563190529781250000e+09	-0.000000000000000000e+00	8.000000000000000167e-03
1.563190529890625000e+09	-0.000000000000000000e+00	7.000000000000000146e-03
1.563190530281250000e+09	-0.000000000000000000e+00	8.000000000000000167e-03
1.563190530468750000e+09	-0.000000000000000000e+00	7.000000000000000146e-03
1.563190530578125000e+09	-0.000000000000000000e+00	7.000000000000000146e-03
1.563190530671875000e+09	-0.000000000000000000e+00	7.000000000000000146e-03
1.563190530781250000e+09	-0.000000000000000000e+00	7.000000000000000146e-03
1.563190530890625000e+09	-0.000000000000000000e+00	7.000000000000000146e-03
1.563190531109375000e+09	-0.000000000000000000e+00	6.000000000000000125e-03
1.563190531421875000e+09	-0.000000000000000000e+00	7.000000000000000146e-03
1.563190531578125000e+09	-0.000000000000000000e+00	7.000000000000000146e-03
1.563190531671875000e+09	-0.000000000000000000e+00	7.000000000000000146e-03
1.563190531781250000e+09	-0.000000000000000000e+00	7.000000000000000146e-03
1.563190531890625000e+09	-0.000000000000000000e+00	7.000000000000000146e-03
1.563190532000000000e+09	-0.000000000000000000e+00	7.000000000000000146e-03
1.563190532390625000e+09	-0.000000000000000000e+00	7.000000000000000146e-03
1.563190532593750000e+09	-0.000000000000000000e+00	7.000000000000000146e-03
1.563190532734375000e+09	-0.000000000000000000e+00	6.000000000000000125e-03
1.563190532843750000e+09	-0.000000000000000000e+00	7.000000000000000146e-03
1.563190532968750000e+09	-0.000000000000000000e+00	7.000000000000000146e-03
1.563190533078125000e+09	-0.000000000000000000e+00	6.000000000000000125e-03
1.563190533296875000e+09	-0.000000000000000000e+00	7.000000000000000146e-03
