# UNIX time, Current (A), PS Voltage (V), REF Voltage (V)
# SAMPLE_SURFACE = 53.0
# SAMPLE_NAME = WTh_batch6.2
# COATING_STEP = 1
1.563805923953125000e+09	-0.000000000000000000e+00	-0.000000000000000000e+00
1.563805924062500000e+09	-0.000000000000000000e+00	-0.000000000000000000e+00
1.563805924156250000e+09	-0.000000000000000000e+00	-0.000000000000000000e+00
1.563805924265625000e+09	-0.000000000000000000e+00	-0.000000000000000000e+00
1.563805924375000000e+09	-0.000000000000000000e+00	-0.000000000000000000e+00
1.563805924468750000e+09	-0.000000000000000000e+00	-0.000000000000000000e+00
1.563805924578125000e+09	-0.000000000000000000e+00	-0.000000000000000000e+00
1.563805924671875000e+09	-0.000000000000000000e+00	-0.000000000000000000e+00
1.563805924781250000e+09	-0.000000000000000000e+00	-0.000000000000000000e+00
1.563805925046875000e+09	-0.000000000000000000e+00	-0.000000000000000000e+00
1.563805925234375000e+09	-0.000000000000000000e+00	-0.000000000000000000e+00
1.563805925359375000e+09	-0.000000000000000000e+00	-0.000000000000000000e+00
1.563805925468750000e+09	-0.000000000000000000e+00	-0.000000000000000000e+00
1.563805925562500000e+09	-0.000000000000000000e+00	-0.000000000000000000e+00
1.563805925671875000e+09	-0.000000000000000000e+00	-0.000000000000000000e+00
1.563805925781250000e+09	-0.000000000000000000e+00	-0.000000000000000000e+00
1.563805925984375000e+09	-0.000000000000000000e+00	-0.000000000000000000e+00
1.563805926250000000e+09	-0.000000000000000000e+00	-0.000000000000000000e+00
1.563805926406250000e+09	-0.000000000000000000e+00	-0.000000000000000000e+00
1.563805926609375000e+09	3.623000000000000220e+00	7.009999999999999565e-01
1.563805926718750000e+09	3.630999999999999783e+00	7.019999999999999574e-01
1.563805926828125000e+09	3.673999999999999932e+00	7.009999999999999565e-01
1.563805927109375000e+09	3.717000000000000082e+00	7.019999999999999574e-01
1.563805927343750000e+09	3.813000000000000167e+00	7.019999999999999574e-01
1.563805927484375000e+09	3.833000000000000185e+00	7.009999999999999565e-01
1.563805927593750000e+09	3.838999999999999968e+00	7.009999999999999565e-01
1.563805927703125000e+09	3.847999999999999865e+00	7.009999999999999565e-01
1.563805927796875000e+09	3.854999999999999982e+00	7.009999999999999565e-01
1.563805927906250000e+09	3.861000000000000210e+00	7.019999999999999574e-01
1.563805928187500000e+09	3.866000000000000103e+00	7.019999999999999574e-01
1.563805928437500000e+09	3.879000000000000004e+00	7.019999999999999574e-01
1.563805928625000000e+09	3.880999999999999783e+00	7.019999999999999574e-01
1.563805928718750000e+09	3.884999999999999787e+00	7.019999999999999574e-01
1.563805928828125000e+09	3.887000000000000011e+00	7.019999999999999574e-01
1.563805928937500000e+09	3.888999999999999790e+00	7.009999999999999565e-01
1.563805929046875000e+09	3.891000000000000014e+00	7.019999999999999574e-01
1.563805929281250000e+09	3.891000000000000014e+00	7.019999999999999574e-01
1.563805929500000000e+09	3.895000000000000018e+00	7.009999999999999565e-01
1.563805929687500000e+09	3.899000000000000021e+00	7.009999999999999565e-01
1.563805929859375000e+09	3.899000000000000021e+00	7.009999999999999565e-01
1.563805929968750000e+09	3.899999999999999911e+00	7.019999999999999574e-01
1.563805930078125000e+09	3.900999999999999801e+00	7.019999999999999574e-01
1.563805930187500000e+09	3.900999999999999801e+00	7.009999999999999565e-01
1.563805930296875000e+09	3.900999999999999801e+00	7.019999999999999574e-01
1.563805930531250000e+09	3.902000000000000135e+00	7.009999999999999565e-01
1.563805930796875000e+09	3.903999999999999915e+00	7.019999999999999574e-01
1.563805930953125000e+09	3.902000000000000135e+00	7.009999999999999565e-01
1.563805931062500000e+09	3.903000000000000025e+00	7.009999999999999565e-01
1.563805931156250000e+09	3.903999999999999915e+00	7.019999999999999574e-01
1.563805931265625000e+09	3.904999999999999805e+00	7.019999999999999574e-01
1.563805931375000000e+09	3.902000000000000135e+00	7.009999999999999565e-01
1.563805931734375000e+09	3.903999999999999915e+00	7.019999999999999574e-01
1.563805931984375000e+09	3.906000000000000139e+00	7.019999999999999574e-01
1.563805932140625000e+09	3.906000000000000139e+00	7.019999999999999574e-01
1.563805932250000000e+09	3.904999999999999805e+00	7.019999999999999574e-01
1.563805932359375000e+09	3.907000000000000028e+00	7.019999999999999574e-01
1.563805932468750000e+09	3.907000000000000028e+00	7.019999999999999574e-01
1.563805932578125000e+09	3.903999999999999915e+00	7.019999999999999574e-01
1.563805932937500000e+09	3.904999999999999805e+00	7.009999999999999565e-01
1.563805933109375000e+09	3.903999999999999915e+00	7.019999999999999574e-01
1.563805933250000000e+09	3.907000000000000028e+00	7.019999999999999574e-01
1.563805933359375000e+09	3.903999999999999915e+00	7.009999999999999565e-01
1.563805933453125000e+09	3.906000000000000139e+00	7.009999999999999565e-01
1.563805933562500000e+09	3.904999999999999805e+00	7.019999999999999574e-01
1.563805933671875000e+09	3.904999999999999805e+00	7.019999999999999574e-01
1.563805934093750000e+09	3.903999999999999915e+00	7.019999999999999574e-01
1.563805934281250000e+09	3.903999999999999915e+00	7.019999999999999574e-01
1.563805934390625000e+09	3.906000000000000139e+00	7.019999999999999574e-01
1.563805934484375000e+09	3.904999999999999805e+00	7.009999999999999565e-01
1.563805934593750000e+09	3.903000000000000025e+00	7.019999999999999574e-01
1.563805934703125000e+09	3.906000000000000139e+00	7.019999999999999574e-01
1.563805934953125000e+09	3.903999999999999915e+00	7.019999999999999574e-01
1.563805935218750000e+09	3.903999999999999915e+00	7.019999999999999574e-01
1.563805935375000000e+09	3.903999999999999915e+00	7.019999999999999574e-01
1.563805935484375000e+09	3.903999999999999915e+00	7.019999999999999574e-01
1.563805935593750000e+09	3.903999999999999915e+00	7.019999999999999574e-01
1.563805935703125000e+09	3.903000000000000025e+00	7.019999999999999574e-01
1.563805935812500000e+09	3.903000000000000025e+00	7.019999999999999574e-01
1.563805936031250000e+09	3.903000000000000025e+00	7.019999999999999574e-01
1.563805936296875000e+09	3.902000000000000135e+00	7.019999999999999574e-01
1.563805936468750000e+09	3.900999999999999801e+00	7.019999999999999574e-01
1.563805936578125000e+09	3.902000000000000135e+00	7.009999999999999565e-01
1.563805936687500000e+09	3.902000000000000135e+00	7.019999999999999574e-01
1.563805936796875000e+09	3.902000000000000135e+00	7.019999999999999574e-01
1.563805936890625000e+09	3.902000000000000135e+00	7.009999999999999565e-01
1.563805937125000000e+09	3.902000000000000135e+00	7.009999999999999565e-01
1.563805937406250000e+09	3.900999999999999801e+00	7.019999999999999574e-01
1.563805937562500000e+09	3.899999999999999911e+00	7.019999999999999574e-01
1.563805937671875000e+09	3.899999999999999911e+00	7.019999999999999574e-01
1.563805937781250000e+09	3.900999999999999801e+00	7.019999999999999574e-01
1.563805937890625000e+09	3.900999999999999801e+00	7.019999999999999574e-01
1.563805938000000000e+09	3.899999999999999911e+00	7.019999999999999574e-01
1.563805938234375000e+09	3.900999999999999801e+00	7.019999999999999574e-01
1.563805938468750000e+09	3.899999999999999911e+00	7.019999999999999574e-01
1.563805938640625000e+09	3.899999999999999911e+00	7.019999999999999574e-01
1.563805938734375000e+09	3.899999999999999911e+00	7.009999999999999565e-01
1.563805938843750000e+09	3.899000000000000021e+00	7.019999999999999574e-01
1.563805938953125000e+09	3.898000000000000131e+00	7.019999999999999574e-01
1.563805939062500000e+09	3.898000000000000131e+00	7.009999999999999565e-01
1.563805939171875000e+09	3.898000000000000131e+00	7.009999999999999565e-01
1.563805939562500000e+09	3.899000000000000021e+00	7.019999999999999574e-01
1.563805939781250000e+09	3.896999999999999797e+00	7.019999999999999574e-01
1.563805939921875000e+09	3.896999999999999797e+00	7.019999999999999574e-01
1.563805940031250000e+09	3.895999999999999908e+00	7.019999999999999574e-01
1.563805940140625000e+09	3.895999999999999908e+00	7.019999999999999574e-01
1.563805940250000000e+09	3.896999999999999797e+00	7.019999999999999574e-01
1.563805940359375000e+09	3.895000000000000018e+00	7.019999999999999574e-01
1.563805940687500000e+09	3.895000000000000018e+00	7.019999999999999574e-01
1.563805940906250000e+09	3.895000000000000018e+00	7.019999999999999574e-01
1.563805941062500000e+09	3.895000000000000018e+00	7.019999999999999574e-01
1.563805941171875000e+09	3.894000000000000128e+00	7.019999999999999574e-01
1.563805941281250000e+09	3.895999999999999908e+00	7.019999999999999574e-01
1.563805941390625000e+09	3.895999999999999908e+00	7.019999999999999574e-01
1.563805941500000000e+09	3.895000000000000018e+00	7.019999999999999574e-01
1.563805941765625000e+09	3.895000000000000018e+00	7.009999999999999565e-01
1.563805941984375000e+09	3.895999999999999908e+00	7.009999999999999565e-01
1.563805942140625000e+09	3.895000000000000018e+00	7.009999999999999565e-01
1.563805942250000000e+09	3.894000000000000128e+00	7.019999999999999574e-01
1.563805942359375000e+09	3.894000000000000128e+00	7.019999999999999574e-01
1.563805942453125000e+09	3.895000000000000018e+00	7.019999999999999574e-01
1.563805942562500000e+09	3.895000000000000018e+00	7.019999999999999574e-01
1.563805942828125000e+09	3.892999999999999794e+00	7.019999999999999574e-01
1.563805943046875000e+09	3.894000000000000128e+00	7.009999999999999565e-01
1.563805943234375000e+09	3.894000000000000128e+00	7.019999999999999574e-01
1.563805943343750000e+09	3.895000000000000018e+00	7.009999999999999565e-01
1.563805943453125000e+09	3.895000000000000018e+00	7.019999999999999574e-01
1.563805943546875000e+09	3.892999999999999794e+00	7.019999999999999574e-01
1.563805943656250000e+09	3.894000000000000128e+00	7.009999999999999565e-01
1.563805943953125000e+09	3.894000000000000128e+00	7.009999999999999565e-01
1.563805944218750000e+09	3.895000000000000018e+00	7.019999999999999574e-01
1.563805944343750000e+09	3.895000000000000018e+00	7.019999999999999574e-01
1.563805944453125000e+09	3.894000000000000128e+00	7.009999999999999565e-01
1.563805944562500000e+09	3.894000000000000128e+00	7.019999999999999574e-01
1.563805944671875000e+09	3.892999999999999794e+00	7.009999999999999565e-01
1.563805944781250000e+09	3.892999999999999794e+00	7.019999999999999574e-01
1.563805945156250000e+09	3.892999999999999794e+00	7.009999999999999565e-01
1.563805945312500000e+09	3.892999999999999794e+00	7.019999999999999574e-01
1.563805945453125000e+09	3.894000000000000128e+00	7.019999999999999574e-01
1.563805945562500000e+09	3.894000000000000128e+00	7.019999999999999574e-01
1.563805945671875000e+09	3.894000000000000128e+00	7.019999999999999574e-01
1.563805945765625000e+09	3.892999999999999794e+00	7.019999999999999574e-01
1.563805945875000000e+09	3.894000000000000128e+00	7.019999999999999574e-01
1.563805946281250000e+09	3.892999999999999794e+00	7.019999999999999574e-01
1.563805946468750000e+09	3.894000000000000128e+00	7.009999999999999565e-01
1.563805946609375000e+09	3.892999999999999794e+00	7.019999999999999574e-01
1.563805946718750000e+09	3.892999999999999794e+00	7.009999999999999565e-01
1.563805946828125000e+09	3.894000000000000128e+00	7.009999999999999565e-01
1.563805946937500000e+09	3.892999999999999794e+00	7.019999999999999574e-01
1.563805947046875000e+09	3.895000000000000018e+00	7.009999999999999565e-01
1.563805947421875000e+09	3.894000000000000128e+00	7.009999999999999565e-01
1.563805947656250000e+09	3.894000000000000128e+00	7.009999999999999565e-01
1.563805947750000000e+09	3.894000000000000128e+00	7.019999999999999574e-01
1.563805947859375000e+09	3.895000000000000018e+00	7.009999999999999565e-01
1.563805947968750000e+09	3.894000000000000128e+00	7.019999999999999574e-01
1.563805948078125000e+09	3.892999999999999794e+00	7.009999999999999565e-01
1.563805948343750000e+09	3.895000000000000018e+00	7.009999999999999565e-01
1.563805948531250000e+09	3.891999999999999904e+00	7.019999999999999574e-01
1.563805948687500000e+09	3.891999999999999904e+00	7.009999999999999565e-01
1.563805948796875000e+09	3.894000000000000128e+00	7.019999999999999574e-01
1.563805948906250000e+09	3.892999999999999794e+00	7.019999999999999574e-01
1.563805949015625000e+09	3.892999999999999794e+00	7.019999999999999574e-01
1.563805949125000000e+09	3.894000000000000128e+00	7.019999999999999574e-01
1.563805949234375000e+09	3.891999999999999904e+00	7.009999999999999565e-01
1.563805949531250000e+09	3.892999999999999794e+00	7.019999999999999574e-01
1.563805949812500000e+09	3.891999999999999904e+00	7.019999999999999574e-01
1.563805949937500000e+09	3.892999999999999794e+00	7.019999999999999574e-01
1.563805950046875000e+09	3.892999999999999794e+00	7.009999999999999565e-01
1.563805950156250000e+09	3.892999999999999794e+00	7.009999999999999565e-01
1.563805950265625000e+09	3.891000000000000014e+00	7.009999999999999565e-01
1.563805950468750000e+09	3.892999999999999794e+00	7.009999999999999565e-01
1.563805950656250000e+09	3.891000000000000014e+00	7.019999999999999574e-01
1.563805950859375000e+09	3.891999999999999904e+00	7.019999999999999574e-01
1.563805951000000000e+09	3.891000000000000014e+00	7.019999999999999574e-01
1.563805951093750000e+09	3.892999999999999794e+00	7.009999999999999565e-01
1.563805951203125000e+09	3.891000000000000014e+00	7.019999999999999574e-01
1.563805951312500000e+09	3.891000000000000014e+00	7.009999999999999565e-01
1.563805951421875000e+09	3.891999999999999904e+00	7.019999999999999574e-01
1.563805951656250000e+09	3.891999999999999904e+00	7.019999999999999574e-01
1.563805951890625000e+09	3.891000000000000014e+00	7.019999999999999574e-01
1.563805952078125000e+09	3.891999999999999904e+00	7.019999999999999574e-01
1.563805952187500000e+09	3.890000000000000124e+00	7.019999999999999574e-01
1.563805952296875000e+09	3.890000000000000124e+00	7.009999999999999565e-01
1.563805952406250000e+09	3.892999999999999794e+00	7.009999999999999565e-01
1.563805952515625000e+09	3.891000000000000014e+00	7.019999999999999574e-01
1.563805952906250000e+09	3.891000000000000014e+00	7.019999999999999574e-01
1.563805953046875000e+09	3.890000000000000124e+00	7.019999999999999574e-01
1.563805953187500000e+09	3.891000000000000014e+00	7.019999999999999574e-01
1.563805953296875000e+09	3.890000000000000124e+00	7.019999999999999574e-01
1.563805953406250000e+09	3.890000000000000124e+00	7.009999999999999565e-01
1.563805953515625000e+09	3.890000000000000124e+00	7.019999999999999574e-01
1.563805953625000000e+09	3.888999999999999790e+00	7.009999999999999565e-01
1.563805954062500000e+09	3.888999999999999790e+00	7.019999999999999574e-01
1.563805954234375000e+09	3.888999999999999790e+00	7.009999999999999565e-01
1.563805954359375000e+09	3.887999999999999901e+00	7.019999999999999574e-01
1.563805954468750000e+09	3.890000000000000124e+00	7.009999999999999565e-01
1.563805954578125000e+09	3.887999999999999901e+00	7.019999999999999574e-01
1.563805954671875000e+09	3.887999999999999901e+00	7.009999999999999565e-01
1.563805954781250000e+09	3.890000000000000124e+00	7.009999999999999565e-01
1.563805955156250000e+09	3.887999999999999901e+00	7.019999999999999574e-01
1.563805955375000000e+09	3.887999999999999901e+00	7.019999999999999574e-01
1.563805955484375000e+09	3.887999999999999901e+00	7.019999999999999574e-01
1.563805955593750000e+09	3.887000000000000011e+00	7.019999999999999574e-01
1.563805955703125000e+09	3.887999999999999901e+00	7.019999999999999574e-01
1.563805955812500000e+09	3.887000000000000011e+00	7.019999999999999574e-01
1.563805955906250000e+09	3.887999999999999901e+00	7.009999999999999565e-01
1.563805956312500000e+09	3.887000000000000011e+00	7.009999999999999565e-01
1.563805956437500000e+09	3.887999999999999901e+00	7.009999999999999565e-01
1.563805956578125000e+09	3.887000000000000011e+00	7.009999999999999565e-01
1.563805956687500000e+09	3.887999999999999901e+00	7.019999999999999574e-01
1.563805956796875000e+09	3.887000000000000011e+00	7.019999999999999574e-01
1.563805956906250000e+09	3.887000000000000011e+00	7.019999999999999574e-01
1.563805957000000000e+09	3.888999999999999790e+00	7.009999999999999565e-01
1.563805957390625000e+09	3.887000000000000011e+00	7.019999999999999574e-01
1.563805957562500000e+09	3.887000000000000011e+00	7.019999999999999574e-01
1.563805957703125000e+09	3.886000000000000121e+00	7.019999999999999574e-01
1.563805957796875000e+09	3.887000000000000011e+00	7.009999999999999565e-01
1.563805957906250000e+09	3.886000000000000121e+00	7.019999999999999574e-01
1.563805958015625000e+09	3.886000000000000121e+00	7.019999999999999574e-01
1.563805958125000000e+09	3.886000000000000121e+00	7.009999999999999565e-01
1.563805958468750000e+09	3.886000000000000121e+00	7.009999999999999565e-01
1.563805958593750000e+09	3.887000000000000011e+00	7.009999999999999565e-01
1.563805958765625000e+09	3.886000000000000121e+00	7.019999999999999574e-01
1.563805958875000000e+09	3.884999999999999787e+00	7.019999999999999574e-01
1.563805958968750000e+09	3.883999999999999897e+00	7.009999999999999565e-01
1.563805959078125000e+09	3.884999999999999787e+00	7.009999999999999565e-01
1.563805959187500000e+09	3.884999999999999787e+00	7.019999999999999574e-01
1.563805959453125000e+09	3.883999999999999897e+00	7.009999999999999565e-01
1.563805959687500000e+09	3.884999999999999787e+00	7.009999999999999565e-01
1.563805959859375000e+09	3.883999999999999897e+00	7.019999999999999574e-01
1.563805959968750000e+09	3.883999999999999897e+00	7.019999999999999574e-01
1.563805960078125000e+09	3.883999999999999897e+00	7.019999999999999574e-01
1.563805960187500000e+09	3.883999999999999897e+00	7.019999999999999574e-01
1.563805960281250000e+09	3.883999999999999897e+00	7.009999999999999565e-01
1.563805960500000000e+09	3.883000000000000007e+00	7.019999999999999574e-01
1.563805960796875000e+09	3.882000000000000117e+00	7.019999999999999574e-01
1.563805961062500000e+09	3.883000000000000007e+00	7.009999999999999565e-01
1.563805961156250000e+09	3.883999999999999897e+00	7.009999999999999565e-01
1.563805961265625000e+09	3.882000000000000117e+00	7.009999999999999565e-01
1.563805961375000000e+09	3.880999999999999783e+00	7.019999999999999574e-01
1.563805961484375000e+09	3.883999999999999897e+00	7.009999999999999565e-01
1.563805961781250000e+09	3.882000000000000117e+00	7.009999999999999565e-01
1.563805962000000000e+09	3.880999999999999783e+00	7.009999999999999565e-01
1.563805962171875000e+09	3.882000000000000117e+00	7.019999999999999574e-01
1.563805962281250000e+09	3.879999999999999893e+00	7.009999999999999565e-01
1.563805962375000000e+09	3.880999999999999783e+00	7.009999999999999565e-01
1.563805962484375000e+09	3.880999999999999783e+00	7.009999999999999565e-01
1.563805962593750000e+09	3.879999999999999893e+00	7.009999999999999565e-01
1.563805962812500000e+09	3.880999999999999783e+00	7.009999999999999565e-01
1.563805963156250000e+09	3.879999999999999893e+00	7.009999999999999565e-01
1.563805963328125000e+09	3.879999999999999893e+00	7.019999999999999574e-01
1.563805963437500000e+09	3.879000000000000004e+00	7.019999999999999574e-01
1.563805963531250000e+09	3.879000000000000004e+00	7.009999999999999565e-01
1.563805963640625000e+09	3.879999999999999893e+00	7.019999999999999574e-01
1.563805963750000000e+09	3.879000000000000004e+00	7.019999999999999574e-01
1.563805964156250000e+09	3.878000000000000114e+00	7.019999999999999574e-01
1.563805964343750000e+09	3.878000000000000114e+00	7.019999999999999574e-01
1.563805964453125000e+09	3.876999999999999780e+00	7.019999999999999574e-01
1.563805964562500000e+09	3.878000000000000114e+00	7.019999999999999574e-01
1.563805964656250000e+09	3.876999999999999780e+00	7.019999999999999574e-01
1.563805964765625000e+09	3.875999999999999890e+00	7.019999999999999574e-01
1.563805964875000000e+09	3.875000000000000000e+00	7.019999999999999574e-01
1.563805965140625000e+09	3.875999999999999890e+00	7.009999999999999565e-01
1.563805965343750000e+09	3.875999999999999890e+00	7.019999999999999574e-01
1.563805965515625000e+09	3.875999999999999890e+00	7.009999999999999565e-01
1.563805965609375000e+09	3.875000000000000000e+00	7.019999999999999574e-01
1.563805965718750000e+09	3.876999999999999780e+00	7.009999999999999565e-01
1.563805965828125000e+09	3.874000000000000110e+00	7.019999999999999574e-01
1.563805965937500000e+09	3.873000000000000220e+00	7.019999999999999574e-01
1.563805966281250000e+09	3.875000000000000000e+00	7.009999999999999565e-01
1.563805966484375000e+09	3.874000000000000110e+00	7.009999999999999565e-01
1.563805966656250000e+09	3.873000000000000220e+00	7.019999999999999574e-01
1.563805966765625000e+09	3.871999999999999886e+00	7.009999999999999565e-01
1.563805966875000000e+09	3.873000000000000220e+00	7.009999999999999565e-01
1.563805966968750000e+09	3.870999999999999996e+00	7.009999999999999565e-01
1.563805967078125000e+09	3.870999999999999996e+00	7.009999999999999565e-01
1.563805967359375000e+09	3.871999999999999886e+00	7.009999999999999565e-01
1.563805967593750000e+09	3.870999999999999996e+00	7.009999999999999565e-01
1.563805967765625000e+09	3.870999999999999996e+00	7.019999999999999574e-01
1.563805967875000000e+09	3.869000000000000217e+00	7.019999999999999574e-01
1.563805967984375000e+09	3.870000000000000107e+00	7.009999999999999565e-01
1.563805968093750000e+09	3.869000000000000217e+00	7.019999999999999574e-01
1.563805968203125000e+09	3.869000000000000217e+00	7.019999999999999574e-01
1.563805968468750000e+09	3.870000000000000107e+00	7.019999999999999574e-01
1.563805968750000000e+09	3.866999999999999993e+00	7.019999999999999574e-01
1.563805968890625000e+09	3.867999999999999883e+00	7.019999999999999574e-01
1.563805969031250000e+09	3.867999999999999883e+00	7.019999999999999574e-01
1.563805969140625000e+09	3.866000000000000103e+00	7.009999999999999565e-01
1.563805969250000000e+09	3.866999999999999993e+00	7.019999999999999574e-01
1.563805969343750000e+09	3.866999999999999993e+00	7.009999999999999565e-01
1.563805969453125000e+09	3.866999999999999993e+00	7.019999999999999574e-01
1.563805969750000000e+09	3.866000000000000103e+00	7.019999999999999574e-01
1.563805969968750000e+09	3.866999999999999993e+00	7.009999999999999565e-01
1.563805970109375000e+09	3.865000000000000213e+00	7.019999999999999574e-01
1.563805970218750000e+09	3.863999999999999879e+00	7.019999999999999574e-01
1.563805970328125000e+09	3.863999999999999879e+00	7.019999999999999574e-01
1.563805970437500000e+09	3.863999999999999879e+00	7.019999999999999574e-01
1.563805970531250000e+09	3.862000000000000099e+00	7.019999999999999574e-01
1.563805970937500000e+09	3.862999999999999989e+00	7.019999999999999574e-01
1.563805971156250000e+09	3.861000000000000210e+00	7.019999999999999574e-01
1.563805971265625000e+09	3.859999999999999876e+00	7.019999999999999574e-01
1.563805971359375000e+09	3.862000000000000099e+00	7.019999999999999574e-01
1.563805971468750000e+09	3.859999999999999876e+00	7.019999999999999574e-01
1.563805971578125000e+09	3.859999999999999876e+00	7.019999999999999574e-01
1.563805971812500000e+09	3.859999999999999876e+00	7.019999999999999574e-01
1.563805972062500000e+09	3.858000000000000096e+00	7.009999999999999565e-01
1.563805972234375000e+09	3.857000000000000206e+00	7.019999999999999574e-01
1.563805972343750000e+09	3.855999999999999872e+00	7.009999999999999565e-01
1.563805972453125000e+09	3.857000000000000206e+00	7.009999999999999565e-01
1.563805972562500000e+09	3.855999999999999872e+00	7.019999999999999574e-01
1.563805972656250000e+09	3.854000000000000092e+00	7.019999999999999574e-01
1.563805972906250000e+09	3.854999999999999982e+00	7.019999999999999574e-01
1.563805973171875000e+09	3.854999999999999982e+00	7.019999999999999574e-01
1.563805973343750000e+09	3.854000000000000092e+00	7.019999999999999574e-01
1.563805973437500000e+09	3.853000000000000203e+00	7.009999999999999565e-01
1.563805973546875000e+09	3.853000000000000203e+00	7.019999999999999574e-01
1.563805973656250000e+09	3.850999999999999979e+00	7.019999999999999574e-01
1.563805973765625000e+09	3.850999999999999979e+00	7.019999999999999574e-01
1.563805973984375000e+09	3.850999999999999979e+00	7.009999999999999565e-01
1.563805974296875000e+09	3.850999999999999979e+00	7.019999999999999574e-01
1.563805974453125000e+09	3.846999999999999975e+00	7.009999999999999565e-01
1.563805974562500000e+09	3.847999999999999865e+00	7.009999999999999565e-01
1.563805974671875000e+09	3.846000000000000085e+00	7.019999999999999574e-01
1.563805974781250000e+09	3.846999999999999975e+00	7.019999999999999574e-01
1.563805974890625000e+09	3.847999999999999865e+00	7.019999999999999574e-01
1.563805975250000000e+09	3.845000000000000195e+00	7.019999999999999574e-01
1.563805975484375000e+09	3.842999999999999972e+00	7.019999999999999574e-01
1.563805975609375000e+09	3.842999999999999972e+00	7.019999999999999574e-01
1.563805975718750000e+09	3.842000000000000082e+00	7.019999999999999574e-01
1.563805975812500000e+09	3.842000000000000082e+00	7.019999999999999574e-01
1.563805975921875000e+09	3.842000000000000082e+00	7.019999999999999574e-01
1.563805976031250000e+09	3.839999999999999858e+00	7.009999999999999565e-01
1.563805976437500000e+09	3.838999999999999968e+00	7.009999999999999565e-01
1.563805976578125000e+09	3.837000000000000188e+00	7.009999999999999565e-01
1.563805976718750000e+09	3.837000000000000188e+00	7.019999999999999574e-01
1.563805976828125000e+09	3.834999999999999964e+00	7.019999999999999574e-01
1.563805976937500000e+09	3.835999999999999854e+00	7.009999999999999565e-01
1.563805977046875000e+09	3.833000000000000185e+00	7.019999999999999574e-01
1.563805977156250000e+09	3.834000000000000075e+00	7.019999999999999574e-01
1.563805977500000000e+09	3.833000000000000185e+00	7.019999999999999574e-01
1.563805977671875000e+09	3.830999999999999961e+00	7.019999999999999574e-01
1.563805977843750000e+09	3.829000000000000181e+00	7.019999999999999574e-01
1.563805977953125000e+09	3.831999999999999851e+00	7.019999999999999574e-01
1.563805978046875000e+09	3.829000000000000181e+00	7.019999999999999574e-01
1.563805978156250000e+09	3.829000000000000181e+00	7.019999999999999574e-01
1.563805978265625000e+09	3.827999999999999847e+00	7.009999999999999565e-01
1.563805978531250000e+09	3.826000000000000068e+00	7.019999999999999574e-01
1.563805978765625000e+09	3.825000000000000178e+00	7.019999999999999574e-01
1.563805978921875000e+09	3.822000000000000064e+00	7.009999999999999565e-01
1.563805979031250000e+09	3.822999999999999954e+00	7.019999999999999574e-01
1.563805979125000000e+09	3.822000000000000064e+00	7.009999999999999565e-01
1.563805979234375000e+09	3.821000000000000174e+00	7.009999999999999565e-01
1.563805979343750000e+09	3.821000000000000174e+00	7.009999999999999565e-01
1.563805979750000000e+09	3.818000000000000060e+00	7.009999999999999565e-01
1.563805979953125000e+09	3.815999999999999837e+00	7.019999999999999574e-01
1.563805980062500000e+09	3.814999999999999947e+00	7.019999999999999574e-01
1.563805980171875000e+09	3.814000000000000057e+00	7.019999999999999574e-01
1.563805980265625000e+09	3.814000000000000057e+00	7.009999999999999565e-01
1.563805980375000000e+09	3.814000000000000057e+00	7.009999999999999565e-01
1.563805980531250000e+09	3.811999999999999833e+00	7.009999999999999565e-01
1.563805980843750000e+09	3.810000000000000053e+00	7.019999999999999574e-01
1.563805981062500000e+09	3.807999999999999829e+00	7.019999999999999574e-01
1.563805981171875000e+09	3.806000000000000050e+00	7.019999999999999574e-01
1.563805981281250000e+09	3.805000000000000160e+00	7.009999999999999565e-01
1.563805981390625000e+09	3.806999999999999940e+00	7.019999999999999574e-01
1.563805981500000000e+09	3.802999999999999936e+00	7.019999999999999574e-01
1.563805981734375000e+09	3.801000000000000156e+00	7.019999999999999574e-01
1.563805981984375000e+09	3.801000000000000156e+00	7.019999999999999574e-01
1.563805982156250000e+09	3.797000000000000153e+00	7.009999999999999565e-01
1.563805982265625000e+09	3.797000000000000153e+00	7.019999999999999574e-01
1.563805982375000000e+09	3.794000000000000039e+00	7.009999999999999565e-01
1.563805982484375000e+09	3.793000000000000149e+00	7.009999999999999565e-01
1.563805982593750000e+09	3.794000000000000039e+00	7.009999999999999565e-01
1.563805982875000000e+09	3.791999999999999815e+00	7.009999999999999565e-01
1.563805983125000000e+09	3.787999999999999812e+00	7.019999999999999574e-01
1.563805983328125000e+09	3.783999999999999808e+00	7.019999999999999574e-01
1.563805983437500000e+09	3.783999999999999808e+00	7.019999999999999574e-01
1.563805983546875000e+09	3.782999999999999918e+00	7.019999999999999574e-01
1.563805983656250000e+09	3.782000000000000028e+00	7.019999999999999574e-01
1.563805983765625000e+09	3.781000000000000139e+00	7.009999999999999565e-01
1.563805984078125000e+09	3.778999999999999915e+00	7.009999999999999565e-01
1.563805984296875000e+09	3.774999999999999911e+00	7.009999999999999565e-01
1.563805984468750000e+09	3.770999999999999908e+00	7.019999999999999574e-01
1.563805984578125000e+09	3.770000000000000018e+00	7.019999999999999574e-01
1.563805984687500000e+09	3.767999999999999794e+00	7.019999999999999574e-01
1.563805984781250000e+09	3.767999999999999794e+00	7.019999999999999574e-01
1.563805984890625000e+09	3.765000000000000124e+00	7.019999999999999574e-01
1.563805985296875000e+09	3.762000000000000011e+00	7.019999999999999574e-01
1.563805985437500000e+09	3.758000000000000007e+00	7.019999999999999574e-01
1.563805985546875000e+09	3.758000000000000007e+00	7.019999999999999574e-01
1.563805985656250000e+09	3.754999999999999893e+00	7.019999999999999574e-01
1.563805985765625000e+09	3.753000000000000114e+00	7.019999999999999574e-01
1.563805985875000000e+09	3.753000000000000114e+00	7.009999999999999565e-01
1.563805985984375000e+09	3.750000000000000000e+00	7.009999999999999565e-01
1.563805986187500000e+09	3.748000000000000220e+00	7.019999999999999574e-01
1.563805986468750000e+09	3.741999999999999993e+00	7.009999999999999565e-01
1.563805986656250000e+09	3.740000000000000213e+00	7.019999999999999574e-01
1.563805986765625000e+09	3.736000000000000210e+00	7.019999999999999574e-01
1.563805986875000000e+09	3.737000000000000099e+00	7.019999999999999574e-01
1.563805986984375000e+09	3.733000000000000096e+00	7.019999999999999574e-01
1.563805987078125000e+09	3.732000000000000206e+00	7.019999999999999574e-01
1.563805987250000000e+09	3.729999999999999982e+00	7.009999999999999565e-01
1.563805987578125000e+09	3.722999999999999865e+00	7.009999999999999565e-01
1.563805987750000000e+09	3.720000000000000195e+00	7.009999999999999565e-01
1.563805987843750000e+09	3.717999999999999972e+00	7.019999999999999574e-01
1.563805987953125000e+09	3.713999999999999968e+00	7.019999999999999574e-01
1.563805988062500000e+09	3.713999999999999968e+00	7.019999999999999574e-01
1.563805988171875000e+09	3.710999999999999854e+00	7.009999999999999565e-01
1.563805988312500000e+09	3.709000000000000075e+00	7.019999999999999574e-01
1.563805988656250000e+09	3.702999999999999847e+00	7.009999999999999565e-01
1.563805988843750000e+09	3.698999999999999844e+00	7.019999999999999574e-01
1.563805988953125000e+09	3.697000000000000064e+00	7.019999999999999574e-01
1.563805989062500000e+09	3.693999999999999950e+00	7.019999999999999574e-01
1.563805989171875000e+09	3.689999999999999947e+00	7.019999999999999574e-01
1.563805989281250000e+09	3.689999999999999947e+00	7.019999999999999574e-01
1.563805989531250000e+09	3.686999999999999833e+00	7.019999999999999574e-01
1.563805989796875000e+09	3.678999999999999826e+00	7.019999999999999574e-01
1.563805990046875000e+09	3.673999999999999932e+00	7.019999999999999574e-01
1.563805990156250000e+09	3.669999999999999929e+00	7.019999999999999574e-01
1.563805990265625000e+09	3.665999999999999925e+00	7.019999999999999574e-01
1.563805990375000000e+09	3.665999999999999925e+00	7.019999999999999574e-01
1.563805990484375000e+09	3.662999999999999812e+00	7.019999999999999574e-01
1.563805990734375000e+09	3.661000000000000032e+00	7.019999999999999574e-01
1.563805990984375000e+09	3.652000000000000135e+00	7.009999999999999565e-01
1.563805991156250000e+09	3.650999999999999801e+00	7.019999999999999574e-01
1.563805991250000000e+09	3.648000000000000131e+00	7.019999999999999574e-01
1.563805991359375000e+09	3.644000000000000128e+00	7.019999999999999574e-01
1.563805991468750000e+09	3.644000000000000128e+00	7.019999999999999574e-01
1.563805991578125000e+09	3.641000000000000014e+00	7.019999999999999574e-01
1.563805991859375000e+09	3.637000000000000011e+00	7.019999999999999574e-01
1.563805992093750000e+09	3.628000000000000114e+00	7.009999999999999565e-01
1.563805992250000000e+09	3.628000000000000114e+00	7.019999999999999574e-01
1.563805992359375000e+09	3.625000000000000000e+00	7.019999999999999574e-01
1.563805992468750000e+09	3.624000000000000110e+00	7.019999999999999574e-01
1.563805992578125000e+09	3.621999999999999886e+00	7.009999999999999565e-01
1.563805992687500000e+09	3.620999999999999996e+00	7.019999999999999574e-01
1.563805992906250000e+09	3.617999999999999883e+00	7.009999999999999565e-01
1.563805993187500000e+09	3.611000000000000210e+00	7.019999999999999574e-01
1.563805993359375000e+09	3.611000000000000210e+00	7.019999999999999574e-01
1.563805993468750000e+09	3.608000000000000096e+00	7.009999999999999565e-01
1.563805993578125000e+09	3.605999999999999872e+00	7.009999999999999565e-01
1.563805993687500000e+09	3.604000000000000092e+00	7.019999999999999574e-01
1.563805993796875000e+09	3.601999999999999869e+00	7.019999999999999574e-01
1.563805994015625000e+09	3.600000000000000089e+00	7.019999999999999574e-01
1.563805994296875000e+09	3.597999999999999865e+00	7.019999999999999574e-01
1.563805994484375000e+09	3.595000000000000195e+00	7.019999999999999574e-01
1.563805994578125000e+09	3.592999999999999972e+00	7.009999999999999565e-01
1.563805994687500000e+09	3.591000000000000192e+00	7.009999999999999565e-01
1.563805994796875000e+09	3.589999999999999858e+00	7.009999999999999565e-01
1.563805994906250000e+09	3.588000000000000078e+00	7.009999999999999565e-01
1.563805995171875000e+09	3.588999999999999968e+00	7.009999999999999565e-01
1.563805995421875000e+09	3.585999999999999854e+00	7.019999999999999574e-01
1.563805995609375000e+09	3.583000000000000185e+00	7.019999999999999574e-01
1.563805995703125000e+09	3.583000000000000185e+00	7.019999999999999574e-01
1.563805995812500000e+09	3.581999999999999851e+00	7.009999999999999565e-01
1.563805995921875000e+09	3.580999999999999961e+00	7.019999999999999574e-01
1.563805996031250000e+09	3.580999999999999961e+00	7.019999999999999574e-01
1.563805996328125000e+09	3.579000000000000181e+00	7.019999999999999574e-01
1.563805996546875000e+09	3.577999999999999847e+00	7.019999999999999574e-01
1.563805996718750000e+09	3.576999999999999957e+00	7.019999999999999574e-01
1.563805996828125000e+09	3.573999999999999844e+00	7.019999999999999574e-01
1.563805996937500000e+09	3.573999999999999844e+00	7.019999999999999574e-01
1.563805997031250000e+09	3.573999999999999844e+00	7.009999999999999565e-01
1.563805997140625000e+09	3.573999999999999844e+00	7.019999999999999574e-01
1.563805997343750000e+09	3.573999999999999844e+00	7.019999999999999574e-01
1.563805997734375000e+09	3.571000000000000174e+00	7.009999999999999565e-01
1.563805997875000000e+09	3.572000000000000064e+00	7.019999999999999574e-01
1.563805997968750000e+09	3.572000000000000064e+00	7.019999999999999574e-01
1.563805998078125000e+09	3.572000000000000064e+00	7.019999999999999574e-01
1.563805998187500000e+09	3.569999999999999840e+00	7.009999999999999565e-01
1.563805998296875000e+09	3.569999999999999840e+00	7.009999999999999565e-01
1.563805998406250000e+09	3.569999999999999840e+00	7.019999999999999574e-01
1.563805998750000000e+09	3.572999999999999954e+00	7.019999999999999574e-01
1.563805998921875000e+09	3.571000000000000174e+00	7.019999999999999574e-01
1.563805999078125000e+09	3.572000000000000064e+00	7.009999999999999565e-01
1.563805999187500000e+09	3.569999999999999840e+00	7.009999999999999565e-01
1.563805999296875000e+09	3.569999999999999840e+00	7.019999999999999574e-01
1.563805999406250000e+09	3.571000000000000174e+00	7.019999999999999574e-01
1.563805999500000000e+09	3.567000000000000171e+00	7.019999999999999574e-01
1.563805999875000000e+09	3.568999999999999950e+00	7.009999999999999565e-01
1.563806000046875000e+09	3.572000000000000064e+00	7.019999999999999574e-01
1.563806000187500000e+09	3.569999999999999840e+00	7.019999999999999574e-01
1.563806000296875000e+09	3.571000000000000174e+00	7.019999999999999574e-01
1.563806000406250000e+09	3.568999999999999950e+00	7.019999999999999574e-01
1.563806000500000000e+09	3.568999999999999950e+00	7.009999999999999565e-01
1.563806000609375000e+09	3.569999999999999840e+00	7.019999999999999574e-01
1.563806000921875000e+09	3.569999999999999840e+00	7.019999999999999574e-01
1.563806001109375000e+09	3.569999999999999840e+00	7.009999999999999565e-01
1.563806001250000000e+09	3.569999999999999840e+00	7.009999999999999565e-01
1.563806001375000000e+09	3.567000000000000171e+00	7.009999999999999565e-01
1.563806001484375000e+09	3.569999999999999840e+00	7.019999999999999574e-01
1.563806001593750000e+09	3.569999999999999840e+00	7.019999999999999574e-01
1.563806001703125000e+09	3.569999999999999840e+00	7.019999999999999574e-01
1.563806001968750000e+09	3.568000000000000060e+00	7.019999999999999574e-01
1.563806002265625000e+09	3.569999999999999840e+00	7.019999999999999574e-01
1.563806002421875000e+09	3.569999999999999840e+00	7.009999999999999565e-01
1.563806002531250000e+09	3.567000000000000171e+00	7.009999999999999565e-01
1.563806002640625000e+09	3.569999999999999840e+00	7.009999999999999565e-01
1.563806002750000000e+09	3.568999999999999950e+00	7.019999999999999574e-01
1.563806002859375000e+09	3.569999999999999840e+00	7.019999999999999574e-01
1.563806003234375000e+09	3.569999999999999840e+00	7.019999999999999574e-01
1.563806003390625000e+09	3.569999999999999840e+00	7.009999999999999565e-01
1.563806003546875000e+09	3.569999999999999840e+00	7.019999999999999574e-01
1.563806003640625000e+09	3.568999999999999950e+00	7.019999999999999574e-01
1.563806003750000000e+09	3.569999999999999840e+00	7.019999999999999574e-01
1.563806003859375000e+09	3.571000000000000174e+00	7.009999999999999565e-01
1.563806003968750000e+09	3.571000000000000174e+00	7.009999999999999565e-01
1.563806004250000000e+09	3.569999999999999840e+00	7.019999999999999574e-01
1.563806004500000000e+09	3.569999999999999840e+00	7.009999999999999565e-01
1.563806004687500000e+09	3.572000000000000064e+00	7.019999999999999574e-01
1.563806004796875000e+09	3.569999999999999840e+00	7.019999999999999574e-01
1.563806004890625000e+09	3.572000000000000064e+00	7.009999999999999565e-01
1.563806005000000000e+09	3.572999999999999954e+00	7.019999999999999574e-01
1.563806005109375000e+09	3.572000000000000064e+00	7.009999999999999565e-01
1.563806005484375000e+09	3.571000000000000174e+00	7.019999999999999574e-01
1.563806005625000000e+09	3.573999999999999844e+00	7.009999999999999565e-01
1.563806005796875000e+09	3.572000000000000064e+00	7.019999999999999574e-01
1.563806005906250000e+09	3.572999999999999954e+00	7.009999999999999565e-01
1.563806006015625000e+09	3.572000000000000064e+00	7.009999999999999565e-01
1.563806006125000000e+09	3.573999999999999844e+00	7.019999999999999574e-01
1.563806006234375000e+09	3.572000000000000064e+00	7.009999999999999565e-01
1.563806006375000000e+09	3.572999999999999954e+00	7.019999999999999574e-01
1.563806006546875000e+09	3.572999999999999954e+00	7.019999999999999574e-01
1.563806006750000000e+09	3.573999999999999844e+00	7.019999999999999574e-01
1.563806006906250000e+09	3.576000000000000068e+00	7.009999999999999565e-01
1.563806007000000000e+09	3.573999999999999844e+00	7.009999999999999565e-01
1.563806007109375000e+09	3.573999999999999844e+00	7.019999999999999574e-01
1.563806007218750000e+09	3.573999999999999844e+00	7.009999999999999565e-01
1.563806007328125000e+09	3.573999999999999844e+00	7.019999999999999574e-01
1.563806007593750000e+09	3.576000000000000068e+00	7.009999999999999565e-01
1.563806007921875000e+09	3.575000000000000178e+00	7.019999999999999574e-01
1.563806008078125000e+09	3.576000000000000068e+00	7.009999999999999565e-01
1.563806008187500000e+09	3.576999999999999957e+00	7.009999999999999565e-01
1.563806008296875000e+09	3.576999999999999957e+00	7.019999999999999574e-01
1.563806008406250000e+09	3.577999999999999847e+00	7.019999999999999574e-01
1.563806008500000000e+09	3.576999999999999957e+00	7.019999999999999574e-01
1.563806008859375000e+09	3.577999999999999847e+00	7.009999999999999565e-01
1.563806009062500000e+09	3.576999999999999957e+00	7.009999999999999565e-01
1.563806009234375000e+09	3.577999999999999847e+00	7.009999999999999565e-01
1.563806009343750000e+09	3.580000000000000071e+00	7.019999999999999574e-01
1.563806009437500000e+09	3.579000000000000181e+00	7.019999999999999574e-01
1.563806009546875000e+09	3.579000000000000181e+00	7.009999999999999565e-01
1.563806009656250000e+09	3.580000000000000071e+00	7.019999999999999574e-01
1.563806009984375000e+09	3.580999999999999961e+00	7.019999999999999574e-01
1.563806010187500000e+09	3.581999999999999851e+00	7.009999999999999565e-01
1.563806010328125000e+09	3.580999999999999961e+00	7.019999999999999574e-01
1.563806010437500000e+09	3.583000000000000185e+00	7.009999999999999565e-01
1.563806010546875000e+09	3.581999999999999851e+00	7.019999999999999574e-01
1.563806010640625000e+09	3.581999999999999851e+00	7.019999999999999574e-01
1.563806010750000000e+09	3.583000000000000185e+00	7.009999999999999565e-01
1.563806011109375000e+09	3.581999999999999851e+00	7.019999999999999574e-01
1.563806011343750000e+09	3.583000000000000185e+00	7.019999999999999574e-01
1.563806011468750000e+09	3.581999999999999851e+00	7.019999999999999574e-01
1.563806011578125000e+09	3.584999999999999964e+00	7.019999999999999574e-01
1.563806011671875000e+09	3.585999999999999854e+00	7.019999999999999574e-01
1.563806011781250000e+09	3.584999999999999964e+00	7.019999999999999574e-01
1.563806011890625000e+09	3.585999999999999854e+00	7.019999999999999574e-01
1.563806012265625000e+09	3.584999999999999964e+00	7.019999999999999574e-01
1.563806012437500000e+09	3.585999999999999854e+00	7.009999999999999565e-01
1.563806012609375000e+09	3.587000000000000188e+00	7.019999999999999574e-01
1.563806012718750000e+09	3.588000000000000078e+00	7.009999999999999565e-01
1.563806012828125000e+09	3.587000000000000188e+00	7.009999999999999565e-01
1.563806012937500000e+09	3.587000000000000188e+00	7.009999999999999565e-01
1.563806013046875000e+09	3.588000000000000078e+00	7.019999999999999574e-01
1.563806013265625000e+09	3.587000000000000188e+00	7.019999999999999574e-01
1.563806013515625000e+09	3.588000000000000078e+00	7.019999999999999574e-01
1.563806013750000000e+09	3.587000000000000188e+00	7.009999999999999565e-01
1.563806013859375000e+09	3.589999999999999858e+00	7.009999999999999565e-01
1.563806013968750000e+09	3.588999999999999968e+00	7.019999999999999574e-01
1.563806014078125000e+09	3.589999999999999858e+00	7.009999999999999565e-01
1.563806014187500000e+09	3.588000000000000078e+00	7.019999999999999574e-01
1.563806014375000000e+09	3.588999999999999968e+00	7.019999999999999574e-01
1.563806014671875000e+09	3.588999999999999968e+00	7.019999999999999574e-01
1.563806014875000000e+09	3.591000000000000192e+00	7.009999999999999565e-01
1.563806014968750000e+09	3.591000000000000192e+00	7.019999999999999574e-01
1.563806015078125000e+09	3.592999999999999972e+00	7.019999999999999574e-01
1.563806015187500000e+09	3.591000000000000192e+00	7.019999999999999574e-01
1.563806015296875000e+09	3.592000000000000082e+00	7.019999999999999574e-01
1.563806015515625000e+09	3.592999999999999972e+00	7.019999999999999574e-01
1.563806015796875000e+09	3.592000000000000082e+00	7.019999999999999574e-01
1.563806015968750000e+09	3.593999999999999861e+00	7.009999999999999565e-01
1.563806016078125000e+09	3.592999999999999972e+00	7.019999999999999574e-01
1.563806016187500000e+09	3.591000000000000192e+00	7.009999999999999565e-01
1.563806016281250000e+09	3.592999999999999972e+00	7.019999999999999574e-01
1.563806016390625000e+09	3.593999999999999861e+00	7.009999999999999565e-01
1.563806016625000000e+09	3.593999999999999861e+00	7.019999999999999574e-01
1.563806016875000000e+09	3.593999999999999861e+00	7.019999999999999574e-01
1.563806017046875000e+09	3.592999999999999972e+00	7.019999999999999574e-01
1.563806017156250000e+09	3.596000000000000085e+00	7.019999999999999574e-01
1.563806017265625000e+09	3.595000000000000195e+00	7.009999999999999565e-01
1.563806017375000000e+09	3.593999999999999861e+00	7.009999999999999565e-01
1.563806017484375000e+09	3.596999999999999975e+00	7.019999999999999574e-01
1.563806017734375000e+09	3.596000000000000085e+00	7.019999999999999574e-01
1.563806017984375000e+09	3.596000000000000085e+00	7.009999999999999565e-01
1.563806018140625000e+09	3.596000000000000085e+00	7.019999999999999574e-01
1.563806018250000000e+09	3.597999999999999865e+00	7.019999999999999574e-01
1.563806018359375000e+09	3.597999999999999865e+00	7.019999999999999574e-01
1.563806018468750000e+09	3.596999999999999975e+00	7.019999999999999574e-01
1.563806018578125000e+09	3.596999999999999975e+00	7.019999999999999574e-01
1.563806018781250000e+09	3.600000000000000089e+00	7.009999999999999565e-01
1.563806019125000000e+09	3.599000000000000199e+00	7.009999999999999565e-01
1.563806019312500000e+09	3.600000000000000089e+00	7.019999999999999574e-01
1.563806019406250000e+09	3.599000000000000199e+00	7.019999999999999574e-01
1.563806019515625000e+09	3.600000000000000089e+00	7.009999999999999565e-01
1.563806019625000000e+09	3.600000000000000089e+00	7.019999999999999574e-01
1.563806019734375000e+09	3.600000000000000089e+00	7.019999999999999574e-01
1.563806019968750000e+09	3.600000000000000089e+00	7.019999999999999574e-01
1.563806020234375000e+09	3.601999999999999869e+00	7.019999999999999574e-01
1.563806020406250000e+09	3.601999999999999869e+00	7.009999999999999565e-01
1.563806020515625000e+09	3.603000000000000203e+00	7.009999999999999565e-01
1.563806020625000000e+09	3.604000000000000092e+00	7.019999999999999574e-01
1.563806020734375000e+09	3.601999999999999869e+00	7.019999999999999574e-01
1.563806020828125000e+09	3.604000000000000092e+00	7.019999999999999574e-01
1.563806021093750000e+09	3.603000000000000203e+00	7.019999999999999574e-01
1.563806021328125000e+09	3.604999999999999982e+00	7.009999999999999565e-01
1.563806021515625000e+09	3.604000000000000092e+00	7.019999999999999574e-01
1.563806021609375000e+09	3.604999999999999982e+00	7.009999999999999565e-01
1.563806021718750000e+09	3.604999999999999982e+00	7.019999999999999574e-01
1.563806021828125000e+09	3.605999999999999872e+00	7.019999999999999574e-01
1.563806021937500000e+09	3.607000000000000206e+00	7.019999999999999574e-01
1.563806022218750000e+09	3.607000000000000206e+00	7.009999999999999565e-01
1.563806022421875000e+09	3.605999999999999872e+00	7.019999999999999574e-01
1.563806022609375000e+09	3.607000000000000206e+00	7.009999999999999565e-01
1.563806022718750000e+09	3.607000000000000206e+00	7.009999999999999565e-01
1.563806022828125000e+09	3.608999999999999986e+00	7.019999999999999574e-01
1.563806022937500000e+09	3.608000000000000096e+00	7.019999999999999574e-01
1.563806023031250000e+09	3.607000000000000206e+00	7.019999999999999574e-01
1.563806023281250000e+09	3.608999999999999986e+00	7.019999999999999574e-01
1.563806023515625000e+09	3.608999999999999986e+00	7.019999999999999574e-01
1.563806023703125000e+09	3.611000000000000210e+00	7.019999999999999574e-01
1.563806023812500000e+09	3.608999999999999986e+00	7.019999999999999574e-01
1.563806023921875000e+09	3.609999999999999876e+00	7.019999999999999574e-01
1.563806024031250000e+09	3.609999999999999876e+00	7.019999999999999574e-01
1.563806024140625000e+09	3.611000000000000210e+00	7.019999999999999574e-01
1.563806024375000000e+09	3.609999999999999876e+00	7.019999999999999574e-01
1.563806024625000000e+09	3.608999999999999986e+00	7.019999999999999574e-01
1.563806024781250000e+09	3.611000000000000210e+00	7.009999999999999565e-01
1.563806024890625000e+09	3.612999999999999989e+00	7.009999999999999565e-01
1.563806025000000000e+09	3.612999999999999989e+00	7.019999999999999574e-01
1.563806025109375000e+09	3.611000000000000210e+00	7.019999999999999574e-01
1.563806025218750000e+09	3.611000000000000210e+00	7.019999999999999574e-01
1.563806025437500000e+09	3.612999999999999989e+00	7.009999999999999565e-01
1.563806025718750000e+09	3.612000000000000099e+00	7.009999999999999565e-01
1.563806025906250000e+09	3.612999999999999989e+00	7.009999999999999565e-01
1.563806026000000000e+09	3.613999999999999879e+00	7.009999999999999565e-01
1.563806026109375000e+09	3.615000000000000213e+00	7.019999999999999574e-01
1.563806026218750000e+09	3.613999999999999879e+00	7.009999999999999565e-01
1.563806026328125000e+09	3.613999999999999879e+00	7.019999999999999574e-01
1.563806026515625000e+09	3.615000000000000213e+00	7.009999999999999565e-01
1.563806026859375000e+09	3.615000000000000213e+00	7.009999999999999565e-01
1.563806027000000000e+09	3.615000000000000213e+00	7.019999999999999574e-01
1.563806027125000000e+09	3.616000000000000103e+00	7.019999999999999574e-01
1.563806027234375000e+09	3.616999999999999993e+00	7.009999999999999565e-01
1.563806027343750000e+09	3.616000000000000103e+00	7.019999999999999574e-01
1.563806027453125000e+09	3.616999999999999993e+00	7.019999999999999574e-01
1.563806027562500000e+09	3.616999999999999993e+00	7.019999999999999574e-01
1.563806027859375000e+09	3.616000000000000103e+00	7.019999999999999574e-01
1.563806028078125000e+09	3.616999999999999993e+00	7.019999999999999574e-01
1.563806028234375000e+09	3.617999999999999883e+00	7.009999999999999565e-01
1.563806028328125000e+09	3.617999999999999883e+00	7.019999999999999574e-01
1.563806028437500000e+09	3.619000000000000217e+00	7.019999999999999574e-01
1.563806028546875000e+09	3.619000000000000217e+00	7.019999999999999574e-01
1.563806028656250000e+09	3.620000000000000107e+00	7.009999999999999565e-01
1.563806029000000000e+09	3.620999999999999996e+00	7.009999999999999565e-01
1.563806029171875000e+09	3.623000000000000220e+00	7.019999999999999574e-01
1.563806029343750000e+09	3.624000000000000110e+00	7.009999999999999565e-01
1.563806029453125000e+09	3.625999999999999890e+00	7.019999999999999574e-01
1.563806029562500000e+09	3.626999999999999780e+00	7.019999999999999574e-01
1.563806029656250000e+09	3.629000000000000004e+00	7.009999999999999565e-01
1.563806029765625000e+09	3.629000000000000004e+00	7.019999999999999574e-01
1.563806030140625000e+09	3.630999999999999783e+00	7.009999999999999565e-01
1.563806030281250000e+09	3.634999999999999787e+00	7.019999999999999574e-01
1.563806030421875000e+09	3.637000000000000011e+00	7.019999999999999574e-01
1.563806030531250000e+09	3.637999999999999901e+00	7.019999999999999574e-01
1.563806030640625000e+09	3.641000000000000014e+00	7.019999999999999574e-01
1.563806030750000000e+09	3.642999999999999794e+00	7.019999999999999574e-01
1.563806030843750000e+09	3.645000000000000018e+00	7.019999999999999574e-01
1.563806031156250000e+09	3.645999999999999908e+00	7.019999999999999574e-01
1.563806031343750000e+09	3.650999999999999801e+00	7.019999999999999574e-01
1.563806031484375000e+09	3.653000000000000025e+00	7.009999999999999565e-01
1.563806031593750000e+09	3.654999999999999805e+00	7.019999999999999574e-01
1.563806031703125000e+09	3.656000000000000139e+00	7.019999999999999574e-01
1.563806031812500000e+09	3.658999999999999808e+00	7.009999999999999565e-01
1.563806031906250000e+09	3.661000000000000032e+00	7.019999999999999574e-01
1.563806032156250000e+09	3.662999999999999812e+00	7.019999999999999574e-01
1.563806032406250000e+09	3.669999999999999929e+00	7.019999999999999574e-01
1.563806032578125000e+09	3.673999999999999932e+00	7.019999999999999574e-01
1.563806032687500000e+09	3.677000000000000046e+00	7.009999999999999565e-01
1.563806032796875000e+09	3.677999999999999936e+00	7.019999999999999574e-01
1.563806032906250000e+09	3.680000000000000160e+00	7.019999999999999574e-01
1.563806033015625000e+09	3.681000000000000050e+00	7.009999999999999565e-01
1.563806033312500000e+09	3.684000000000000163e+00	7.019999999999999574e-01
1.563806033531250000e+09	3.693000000000000060e+00	7.019999999999999574e-01
1.563806033765625000e+09	3.696000000000000174e+00	7.019999999999999574e-01
1.563806033875000000e+09	3.701000000000000068e+00	7.019999999999999574e-01
1.563806033984375000e+09	3.704000000000000181e+00	7.019999999999999574e-01
1.563806034078125000e+09	3.708000000000000185e+00	7.019999999999999574e-01
1.563806034187500000e+09	3.709999999999999964e+00	7.019999999999999574e-01
1.563806034453125000e+09	3.713999999999999968e+00	7.009999999999999565e-01
1.563806034687500000e+09	3.721000000000000085e+00	7.019999999999999574e-01
1.563806034859375000e+09	3.725000000000000089e+00	7.019999999999999574e-01
1.563806034953125000e+09	3.729000000000000092e+00	7.019999999999999574e-01
1.563806035062500000e+09	3.730999999999999872e+00	7.009999999999999565e-01
1.563806035171875000e+09	3.734999999999999876e+00	7.019999999999999574e-01
1.563806035281250000e+09	3.736000000000000210e+00	7.009999999999999565e-01
1.563806035500000000e+09	3.741999999999999993e+00	7.019999999999999574e-01
1.563806035750000000e+09	3.746999999999999886e+00	7.019999999999999574e-01
1.563806035968750000e+09	3.753000000000000114e+00	7.019999999999999574e-01
1.563806036062500000e+09	3.754000000000000004e+00	7.019999999999999574e-01
1.563806036171875000e+09	3.757000000000000117e+00	7.019999999999999574e-01
1.563806036281250000e+09	3.758999999999999897e+00	7.019999999999999574e-01
1.563806036390625000e+09	3.761000000000000121e+00	7.009999999999999565e-01
1.563806036546875000e+09	3.762000000000000011e+00	7.019999999999999574e-01
1.563806036812500000e+09	3.766000000000000014e+00	7.019999999999999574e-01
1.563806036984375000e+09	3.770000000000000018e+00	7.019999999999999574e-01
1.563806037109375000e+09	3.773000000000000131e+00	7.019999999999999574e-01
1.563806037218750000e+09	3.774999999999999911e+00	7.009999999999999565e-01
1.563806037328125000e+09	3.777000000000000135e+00	7.019999999999999574e-01
1.563806037421875000e+09	3.778000000000000025e+00	7.019999999999999574e-01
1.563806037531250000e+09	3.779999999999999805e+00	7.019999999999999574e-01
1.563806037875000000e+09	3.783999999999999808e+00	7.009999999999999565e-01
1.563806038046875000e+09	3.787999999999999812e+00	7.019999999999999574e-01
1.563806038218750000e+09	3.790000000000000036e+00	7.009999999999999565e-01
1.563806038328125000e+09	3.791999999999999815e+00	7.019999999999999574e-01
1.563806038437500000e+09	3.793000000000000149e+00	7.019999999999999574e-01
1.563806038546875000e+09	3.795999999999999819e+00	7.019999999999999574e-01
1.563806038640625000e+09	3.797000000000000153e+00	7.009999999999999565e-01
1.563806038953125000e+09	3.801000000000000156e+00	7.019999999999999574e-01
1.563806039156250000e+09	3.805000000000000160e+00	7.019999999999999574e-01
1.563806039312500000e+09	3.807999999999999829e+00	7.019999999999999574e-01
1.563806039406250000e+09	3.809000000000000163e+00	7.019999999999999574e-01
1.563806039515625000e+09	3.809000000000000163e+00	7.009999999999999565e-01
1.563806039625000000e+09	3.810999999999999943e+00	7.009999999999999565e-01
1.563806039734375000e+09	3.811999999999999833e+00	7.009999999999999565e-01
1.563806040078125000e+09	3.814000000000000057e+00	7.009999999999999565e-01
1.563806040265625000e+09	3.814000000000000057e+00	7.019999999999999574e-01
1.563806040421875000e+09	3.815999999999999837e+00	7.009999999999999565e-01
1.563806040531250000e+09	3.818999999999999950e+00	7.019999999999999574e-01
1.563806040640625000e+09	3.818999999999999950e+00	7.019999999999999574e-01
1.563806040734375000e+09	3.821000000000000174e+00	7.019999999999999574e-01
1.563806040843750000e+09	3.821000000000000174e+00	7.019999999999999574e-01
1.563806041218750000e+09	3.822999999999999954e+00	7.019999999999999574e-01
1.563806041453125000e+09	3.830000000000000071e+00	7.019999999999999574e-01
1.563806041609375000e+09	3.831999999999999851e+00	7.019999999999999574e-01
1.563806041718750000e+09	3.831999999999999851e+00	7.019999999999999574e-01
1.563806041828125000e+09	3.833000000000000185e+00	7.019999999999999574e-01
1.563806041937500000e+09	3.835999999999999854e+00	7.019999999999999574e-01
1.563806042046875000e+09	3.834999999999999964e+00	7.019999999999999574e-01
1.563806042343750000e+09	3.837000000000000188e+00	7.019999999999999574e-01
1.563806042562500000e+09	3.841000000000000192e+00	7.009999999999999565e-01
1.563806042703125000e+09	3.842999999999999972e+00	7.019999999999999574e-01
1.563806042812500000e+09	3.845000000000000195e+00	7.019999999999999574e-01
1.563806042921875000e+09	3.845000000000000195e+00	7.019999999999999574e-01
1.563806043015625000e+09	3.845000000000000195e+00	7.019999999999999574e-01
1.563806043125000000e+09	3.846999999999999975e+00	7.019999999999999574e-01
1.563806043515625000e+09	3.847999999999999865e+00	7.019999999999999574e-01
1.563806043734375000e+09	3.850000000000000089e+00	7.019999999999999574e-01
1.563806043843750000e+09	3.850999999999999979e+00	7.019999999999999574e-01
1.563806043953125000e+09	3.850000000000000089e+00	7.019999999999999574e-01
1.563806044062500000e+09	3.850999999999999979e+00	7.009999999999999565e-01
1.563806044171875000e+09	3.850999999999999979e+00	7.019999999999999574e-01
1.563806044453125000e+09	3.850999999999999979e+00	7.009999999999999565e-01
1.563806044625000000e+09	3.850000000000000089e+00	7.009999999999999565e-01
1.563806044765625000e+09	3.849000000000000199e+00	7.019999999999999574e-01
1.563806044906250000e+09	3.853000000000000203e+00	7.019999999999999574e-01
1.563806045015625000e+09	3.850999999999999979e+00	7.019999999999999574e-01
1.563806045109375000e+09	3.850999999999999979e+00	7.009999999999999565e-01
1.563806045218750000e+09	3.850999999999999979e+00	7.009999999999999565e-01
1.563806045328125000e+09	3.853000000000000203e+00	7.019999999999999574e-01
1.563806045640625000e+09	3.854000000000000092e+00	7.019999999999999574e-01
1.563806045843750000e+09	3.854000000000000092e+00	7.019999999999999574e-01
1.563806046000000000e+09	3.855999999999999872e+00	7.019999999999999574e-01
1.563806046109375000e+09	3.858000000000000096e+00	7.019999999999999574e-01
1.563806046218750000e+09	3.858000000000000096e+00	7.019999999999999574e-01
1.563806046328125000e+09	3.859999999999999876e+00	7.019999999999999574e-01
1.563806046437500000e+09	3.858999999999999986e+00	7.009999999999999565e-01
1.563806046718750000e+09	3.861000000000000210e+00	7.019999999999999574e-01
1.563806046921875000e+09	3.862999999999999989e+00	7.019999999999999574e-01
1.563806047078125000e+09	3.863999999999999879e+00	7.009999999999999565e-01
1.563806047187500000e+09	3.863999999999999879e+00	7.019999999999999574e-01
1.563806047281250000e+09	3.863999999999999879e+00	7.009999999999999565e-01
1.563806047390625000e+09	3.862999999999999989e+00	7.009999999999999565e-01
1.563806047500000000e+09	3.866000000000000103e+00	7.009999999999999565e-01
1.563806047781250000e+09	3.866000000000000103e+00	7.019999999999999574e-01
1.563806048015625000e+09	3.866999999999999993e+00	7.009999999999999565e-01
1.563806048250000000e+09	3.866000000000000103e+00	7.019999999999999574e-01
1.563806048359375000e+09	3.866999999999999993e+00	7.019999999999999574e-01
1.563806048468750000e+09	3.866999999999999993e+00	7.019999999999999574e-01
1.563806048578125000e+09	3.867999999999999883e+00	7.019999999999999574e-01
1.563806048687500000e+09	3.869000000000000217e+00	7.019999999999999574e-01
1.563806048921875000e+09	3.867999999999999883e+00	7.019999999999999574e-01
1.563806049187500000e+09	3.869000000000000217e+00	7.009999999999999565e-01
1.563806049359375000e+09	3.870000000000000107e+00	7.019999999999999574e-01
1.563806049468750000e+09	3.870999999999999996e+00	7.019999999999999574e-01
1.563806049578125000e+09	3.870999999999999996e+00	7.019999999999999574e-01
1.563806049671875000e+09	3.870999999999999996e+00	7.019999999999999574e-01
1.563806049781250000e+09	3.870999999999999996e+00	7.019999999999999574e-01
1.563806049937500000e+09	3.870999999999999996e+00	7.019999999999999574e-01
1.563806050265625000e+09	3.873000000000000220e+00	7.019999999999999574e-01
1.563806050484375000e+09	3.871999999999999886e+00	7.019999999999999574e-01
1.563806050593750000e+09	3.875000000000000000e+00	7.019999999999999574e-01
1.563806050687500000e+09	3.873000000000000220e+00	7.009999999999999565e-01
1.563806050796875000e+09	3.875000000000000000e+00	7.019999999999999574e-01
1.563806050906250000e+09	3.875000000000000000e+00	7.009999999999999565e-01
1.563806051171875000e+09	3.875000000000000000e+00	7.019999999999999574e-01
1.563806051406250000e+09	3.875999999999999890e+00	7.009999999999999565e-01
1.563806051578125000e+09	3.875000000000000000e+00	7.009999999999999565e-01
1.563806051687500000e+09	3.876999999999999780e+00	7.019999999999999574e-01
1.563806051796875000e+09	3.878000000000000114e+00	7.019999999999999574e-01
1.563806051906250000e+09	3.879000000000000004e+00	7.009999999999999565e-01
1.563806052015625000e+09	3.879999999999999893e+00	7.009999999999999565e-01
1.563806052265625000e+09	3.879000000000000004e+00	7.009999999999999565e-01
1.563806052484375000e+09	3.882000000000000117e+00	7.019999999999999574e-01
1.563806052687500000e+09	3.882000000000000117e+00	7.009999999999999565e-01
1.563806052796875000e+09	3.883000000000000007e+00	7.019999999999999574e-01
1.563806052906250000e+09	3.882000000000000117e+00	7.019999999999999574e-01
1.563806053000000000e+09	3.882000000000000117e+00	7.019999999999999574e-01
1.563806053109375000e+09	3.879999999999999893e+00	7.009999999999999565e-01
1.563806053343750000e+09	3.882000000000000117e+00	7.009999999999999565e-01
1.563806053625000000e+09	3.882000000000000117e+00	7.019999999999999574e-01
1.563806053812500000e+09	3.880999999999999783e+00	7.019999999999999574e-01
1.563806053921875000e+09	3.882000000000000117e+00	7.009999999999999565e-01
1.563806054031250000e+09	3.882000000000000117e+00	7.009999999999999565e-01
1.563806054140625000e+09	3.883999999999999897e+00	7.009999999999999565e-01
1.563806054250000000e+09	3.883999999999999897e+00	7.009999999999999565e-01
1.563806054468750000e+09	3.886000000000000121e+00	7.009999999999999565e-01
1.563806054687500000e+09	3.884999999999999787e+00	7.009999999999999565e-01
1.563806054828125000e+09	3.886000000000000121e+00	7.019999999999999574e-01
1.563806054968750000e+09	3.886000000000000121e+00	7.009999999999999565e-01
1.563806055078125000e+09	3.886000000000000121e+00	7.019999999999999574e-01
1.563806055187500000e+09	3.887999999999999901e+00	7.019999999999999574e-01
1.563806055296875000e+09	3.887000000000000011e+00	7.019999999999999574e-01
1.563806055406250000e+09	3.887999999999999901e+00	7.019999999999999574e-01
1.563806055765625000e+09	3.887999999999999901e+00	7.019999999999999574e-01
1.563806055953125000e+09	3.890000000000000124e+00	7.019999999999999574e-01
1.563806056109375000e+09	3.891000000000000014e+00	7.019999999999999574e-01
1.563806056218750000e+09	3.890000000000000124e+00	7.019999999999999574e-01
1.563806056328125000e+09	3.891999999999999904e+00	7.019999999999999574e-01
1.563806056437500000e+09	3.892999999999999794e+00	7.019999999999999574e-01
1.563806056531250000e+09	3.892999999999999794e+00	7.009999999999999565e-01
1.563806056781250000e+09	3.894000000000000128e+00	7.009999999999999565e-01
1.563806057031250000e+09	3.894000000000000128e+00	7.009999999999999565e-01
1.563806057203125000e+09	3.894000000000000128e+00	7.019999999999999574e-01
1.563806057312500000e+09	3.895000000000000018e+00	7.009999999999999565e-01
1.563806057421875000e+09	3.895000000000000018e+00	7.009999999999999565e-01
1.563806057531250000e+09	3.895999999999999908e+00	7.019999999999999574e-01
1.563806057640625000e+09	3.895000000000000018e+00	7.019999999999999574e-01
1.563806057859375000e+09	3.895999999999999908e+00	7.009999999999999565e-01
1.563806058156250000e+09	3.896999999999999797e+00	7.019999999999999574e-01
1.563806058328125000e+09	3.896999999999999797e+00	7.019999999999999574e-01
1.563806058437500000e+09	3.899000000000000021e+00	7.019999999999999574e-01
1.563806058546875000e+09	3.899000000000000021e+00	7.009999999999999565e-01
1.563806058656250000e+09	3.899000000000000021e+00	7.019999999999999574e-01
1.563806058765625000e+09	3.899999999999999911e+00	7.009999999999999565e-01
1.563806059000000000e+09	3.900999999999999801e+00	7.009999999999999565e-01
1.563806059312500000e+09	3.902000000000000135e+00	7.019999999999999574e-01
1.563806059468750000e+09	3.900999999999999801e+00	7.009999999999999565e-01
1.563806059578125000e+09	3.902000000000000135e+00	7.019999999999999574e-01
1.563806059687500000e+09	3.902000000000000135e+00	7.009999999999999565e-01
1.563806059781250000e+09	3.903000000000000025e+00	7.019999999999999574e-01
1.563806059890625000e+09	3.902000000000000135e+00	7.019999999999999574e-01
1.563806060234375000e+09	3.902000000000000135e+00	7.009999999999999565e-01
1.563806060453125000e+09	3.903999999999999915e+00	7.019999999999999574e-01
1.563806060593750000e+09	3.902000000000000135e+00	7.009999999999999565e-01
1.563806060703125000e+09	3.903999999999999915e+00	7.009999999999999565e-01
1.563806060812500000e+09	3.904999999999999805e+00	7.009999999999999565e-01
1.563806060921875000e+09	3.903999999999999915e+00	7.019999999999999574e-01
1.563806061031250000e+09	3.903000000000000025e+00	7.009999999999999565e-01
1.563806061296875000e+09	3.902000000000000135e+00	7.019999999999999574e-01
1.563806061484375000e+09	3.904999999999999805e+00	7.009999999999999565e-01
1.563806061625000000e+09	3.904999999999999805e+00	7.019999999999999574e-01
1.563806061718750000e+09	3.904999999999999805e+00	7.009999999999999565e-01
1.563806061828125000e+09	3.904999999999999805e+00	7.009999999999999565e-01
1.563806061937500000e+09	3.903000000000000025e+00	7.019999999999999574e-01
1.563806062046875000e+09	3.903000000000000025e+00	7.009999999999999565e-01
1.563806062296875000e+09	3.906000000000000139e+00	7.019999999999999574e-01
1.563806062531250000e+09	3.906000000000000139e+00	7.009999999999999565e-01
1.563806062687500000e+09	3.906000000000000139e+00	7.019999999999999574e-01
1.563806062875000000e+09	3.906000000000000139e+00	7.019999999999999574e-01
1.563806062984375000e+09	3.906000000000000139e+00	7.019999999999999574e-01
1.563806063093750000e+09	3.907999999999999918e+00	7.019999999999999574e-01
1.563806063203125000e+09	3.908999999999999808e+00	7.019999999999999574e-01
1.563806063296875000e+09	3.907999999999999918e+00	7.019999999999999574e-01
1.563806063625000000e+09	3.910000000000000142e+00	7.009999999999999565e-01
1.563806063843750000e+09	3.911999999999999922e+00	7.009999999999999565e-01
1.563806064015625000e+09	3.915000000000000036e+00	7.019999999999999574e-01
1.563806064109375000e+09	3.915000000000000036e+00	7.019999999999999574e-01
1.563806064218750000e+09	3.914000000000000146e+00	7.019999999999999574e-01
1.563806064328125000e+09	3.914000000000000146e+00	7.019999999999999574e-01
1.563806064437500000e+09	3.914000000000000146e+00	7.009999999999999565e-01
1.563806064609375000e+09	3.915999999999999925e+00	7.009999999999999565e-01
1.563806064812500000e+09	3.912999999999999812e+00	7.019999999999999574e-01
1.563806064968750000e+09	3.914000000000000146e+00	7.009999999999999565e-01
1.563806065109375000e+09	3.915000000000000036e+00	7.019999999999999574e-01
1.563806065218750000e+09	3.914000000000000146e+00	7.009999999999999565e-01
1.563806065328125000e+09	3.914000000000000146e+00	7.019999999999999574e-01
1.563806065437500000e+09	3.915000000000000036e+00	7.019999999999999574e-01
1.563806065546875000e+09	3.915000000000000036e+00	7.009999999999999565e-01
1.563806065875000000e+09	3.914000000000000146e+00	7.019999999999999574e-01
1.563806066078125000e+09	3.915000000000000036e+00	7.019999999999999574e-01
1.563806066234375000e+09	3.915999999999999925e+00	7.019999999999999574e-01
1.563806066343750000e+09	3.915999999999999925e+00	7.009999999999999565e-01
1.563806066453125000e+09	3.916999999999999815e+00	7.009999999999999565e-01
1.563806066546875000e+09	3.915999999999999925e+00	7.009999999999999565e-01
1.563806066656250000e+09	3.916999999999999815e+00	7.019999999999999574e-01
1.563806066968750000e+09	3.916999999999999815e+00	7.009999999999999565e-01
1.563806067140625000e+09	3.916999999999999815e+00	7.019999999999999574e-01
1.563806067296875000e+09	3.915000000000000036e+00	7.019999999999999574e-01
1.563806067406250000e+09	3.916999999999999815e+00	7.019999999999999574e-01
1.563806067515625000e+09	3.915999999999999925e+00	7.009999999999999565e-01
1.563806067625000000e+09	3.914000000000000146e+00	7.019999999999999574e-01
1.563806067718750000e+09	3.915999999999999925e+00	7.019999999999999574e-01
1.563806067984375000e+09	3.916999999999999815e+00	7.009999999999999565e-01
1.563806068203125000e+09	3.915000000000000036e+00	7.019999999999999574e-01
1.563806068406250000e+09	3.915000000000000036e+00	7.019999999999999574e-01
1.563806068531250000e+09	3.915000000000000036e+00	7.019999999999999574e-01
1.563806068625000000e+09	3.915999999999999925e+00	7.019999999999999574e-01
1.563806068734375000e+09	3.915000000000000036e+00	7.019999999999999574e-01
1.563806068843750000e+09	3.915000000000000036e+00	7.019999999999999574e-01
1.563806069125000000e+09	3.916999999999999815e+00	7.019999999999999574e-01
1.563806069359375000e+09	3.916999999999999815e+00	7.019999999999999574e-01
1.563806069515625000e+09	3.915999999999999925e+00	7.009999999999999565e-01
1.563806069625000000e+09	3.915999999999999925e+00	7.019999999999999574e-01
1.563806069734375000e+09	3.916999999999999815e+00	7.019999999999999574e-01
1.563806069843750000e+09	3.916999999999999815e+00	7.019999999999999574e-01
1.563806069953125000e+09	3.916999999999999815e+00	7.019999999999999574e-01
1.563806070187500000e+09	3.918000000000000149e+00	7.009999999999999565e-01
1.563806070500000000e+09	3.919000000000000039e+00	7.019999999999999574e-01
1.563806070625000000e+09	3.919000000000000039e+00	7.009999999999999565e-01
1.563806070781250000e+09	3.919999999999999929e+00	7.019999999999999574e-01
1.563806070890625000e+09	3.919999999999999929e+00	7.019999999999999574e-01
1.563806071000000000e+09	3.918000000000000149e+00	7.019999999999999574e-01
1.563806071109375000e+09	3.919000000000000039e+00	7.009999999999999565e-01
1.563806071203125000e+09	3.919000000000000039e+00	7.019999999999999574e-01
1.563806071484375000e+09	3.919999999999999929e+00	7.019999999999999574e-01
1.563806071718750000e+09	3.919000000000000039e+00	7.019999999999999574e-01
1.563806071859375000e+09	3.919000000000000039e+00	7.009999999999999565e-01
1.563806071953125000e+09	3.918000000000000149e+00	7.019999999999999574e-01
1.563806072062500000e+09	3.916999999999999815e+00	7.009999999999999565e-01
1.563806072171875000e+09	3.918000000000000149e+00	7.019999999999999574e-01
1.563806072281250000e+09	3.916999999999999815e+00	7.009999999999999565e-01
1.563806072468750000e+09	3.915000000000000036e+00	7.019999999999999574e-01
1.563806072734375000e+09	3.919000000000000039e+00	7.009999999999999565e-01
1.563806072906250000e+09	3.919000000000000039e+00	7.019999999999999574e-01
1.563806073031250000e+09	3.920999999999999819e+00	7.009999999999999565e-01
1.563806073140625000e+09	3.922000000000000153e+00	7.019999999999999574e-01
1.563806073234375000e+09	3.920999999999999819e+00	7.019999999999999574e-01
1.563806073343750000e+09	3.923000000000000043e+00	7.009999999999999565e-01
1.563806073453125000e+09	3.923000000000000043e+00	7.019999999999999574e-01
1.563806073734375000e+09	3.923000000000000043e+00	7.019999999999999574e-01
1.563806073921875000e+09	3.923000000000000043e+00	7.019999999999999574e-01
1.563806074093750000e+09	3.923999999999999932e+00	7.019999999999999574e-01
1.563806074203125000e+09	3.923000000000000043e+00	7.019999999999999574e-01
1.563806074296875000e+09	3.923999999999999932e+00	7.009999999999999565e-01
1.563806074406250000e+09	3.924999999999999822e+00	7.009999999999999565e-01
1.563806074515625000e+09	3.926000000000000156e+00	7.009999999999999565e-01
1.563806074765625000e+09	3.924999999999999822e+00	7.019999999999999574e-01
1.563806074984375000e+09	3.924999999999999822e+00	7.019999999999999574e-01
1.563806075125000000e+09	3.924999999999999822e+00	7.009999999999999565e-01
1.563806075250000000e+09	3.924999999999999822e+00	7.019999999999999574e-01
1.563806075359375000e+09	3.926000000000000156e+00	7.019999999999999574e-01
1.563806075468750000e+09	3.924999999999999822e+00	7.019999999999999574e-01
1.563806075578125000e+09	3.926000000000000156e+00	7.019999999999999574e-01
1.563806075687500000e+09	3.926000000000000156e+00	7.019999999999999574e-01
1.563806075984375000e+09	3.927000000000000046e+00	7.019999999999999574e-01
1.563806076171875000e+09	3.927000000000000046e+00	7.019999999999999574e-01
1.563806076343750000e+09	3.927000000000000046e+00	7.009999999999999565e-01
1.563806076437500000e+09	3.927000000000000046e+00	7.019999999999999574e-01
1.563806076546875000e+09	3.928999999999999826e+00	7.009999999999999565e-01
1.563806076656250000e+09	3.927000000000000046e+00	7.019999999999999574e-01
1.563806076765625000e+09	3.926000000000000156e+00	7.019999999999999574e-01
1.563806077031250000e+09	3.927999999999999936e+00	7.009999999999999565e-01
1.563806077296875000e+09	3.927999999999999936e+00	7.009999999999999565e-01
1.563806077531250000e+09	3.926000000000000156e+00	7.009999999999999565e-01
1.563806077640625000e+09	3.927000000000000046e+00	7.019999999999999574e-01
1.563806077750000000e+09	3.927000000000000046e+00	7.019999999999999574e-01
1.563806077859375000e+09	3.927999999999999936e+00	7.019999999999999574e-01
1.563806077953125000e+09	3.926000000000000156e+00	7.009999999999999565e-01
1.563806078093750000e+09	3.926000000000000156e+00	7.009999999999999565e-01
1.563806078421875000e+09	3.927999999999999936e+00	7.009999999999999565e-01
1.563806078578125000e+09	3.930000000000000160e+00	7.019999999999999574e-01
1.563806078718750000e+09	3.928999999999999826e+00	7.019999999999999574e-01
1.563806078828125000e+09	3.930000000000000160e+00	7.009999999999999565e-01
1.563806078937500000e+09	3.930000000000000160e+00	7.009999999999999565e-01
1.563806079031250000e+09	3.931000000000000050e+00	7.009999999999999565e-01
1.563806079140625000e+09	3.930000000000000160e+00	7.009999999999999565e-01
1.563806079437500000e+09	3.930000000000000160e+00	7.009999999999999565e-01
1.563806079609375000e+09	3.931999999999999940e+00	7.009999999999999565e-01
1.563806079781250000e+09	3.931000000000000050e+00	7.019999999999999574e-01
1.563806079890625000e+09	3.931000000000000050e+00	7.019999999999999574e-01
1.563806079984375000e+09	3.931999999999999940e+00	7.009999999999999565e-01
1.563806080093750000e+09	3.931999999999999940e+00	7.009999999999999565e-01
1.563806080203125000e+09	3.931000000000000050e+00	7.019999999999999574e-01
1.563806080421875000e+09	3.931999999999999940e+00	7.019999999999999574e-01
1.563806080656250000e+09	3.931999999999999940e+00	7.009999999999999565e-01
1.563806080812500000e+09	3.931999999999999940e+00	7.019999999999999574e-01
1.563806080953125000e+09	3.931999999999999940e+00	7.009999999999999565e-01
1.563806081046875000e+09	3.932999999999999829e+00	7.009999999999999565e-01
1.563806081156250000e+09	3.931999999999999940e+00	7.019999999999999574e-01
1.563806081265625000e+09	3.932999999999999829e+00	7.019999999999999574e-01
1.563806081375000000e+09	3.932999999999999829e+00	7.019999999999999574e-01
1.563806081718750000e+09	3.932999999999999829e+00	7.019999999999999574e-01
1.563806081906250000e+09	3.932999999999999829e+00	7.019999999999999574e-01
1.563806082062500000e+09	3.931999999999999940e+00	7.019999999999999574e-01
1.563806082171875000e+09	3.931999999999999940e+00	7.009999999999999565e-01
1.563806082281250000e+09	3.931999999999999940e+00	7.009999999999999565e-01
1.563806082390625000e+09	3.931000000000000050e+00	7.019999999999999574e-01
1.563806082500000000e+09	3.931999999999999940e+00	7.019999999999999574e-01
1.563806082812500000e+09	3.931999999999999940e+00	7.019999999999999574e-01
1.563806083031250000e+09	3.931999999999999940e+00	7.009999999999999565e-01
1.563806083187500000e+09	3.931999999999999940e+00	7.019999999999999574e-01
1.563806083296875000e+09	3.931999999999999940e+00	7.009999999999999565e-01
1.563806083406250000e+09	3.934000000000000163e+00	7.009999999999999565e-01
1.563806083500000000e+09	3.931999999999999940e+00	7.009999999999999565e-01
1.563806083609375000e+09	3.931999999999999940e+00	7.009999999999999565e-01
1.563806083937500000e+09	3.934000000000000163e+00	7.019999999999999574e-01
1.563806084140625000e+09	3.932999999999999829e+00	7.019999999999999574e-01
1.563806084296875000e+09	3.934000000000000163e+00	7.009999999999999565e-01
1.563806084406250000e+09	3.934000000000000163e+00	7.019999999999999574e-01
1.563806084515625000e+09	3.934000000000000163e+00	7.009999999999999565e-01
1.563806084609375000e+09	3.932999999999999829e+00	7.019999999999999574e-01
1.563806084718750000e+09	3.932999999999999829e+00	7.009999999999999565e-01
1.563806085140625000e+09	3.934000000000000163e+00	7.009999999999999565e-01
1.563806085312500000e+09	3.932999999999999829e+00	7.009999999999999565e-01
1.563806085468750000e+09	3.934000000000000163e+00	7.019999999999999574e-01
1.563806085578125000e+09	3.934000000000000163e+00	7.009999999999999565e-01
1.563806085687500000e+09	3.934000000000000163e+00	7.019999999999999574e-01
1.563806085796875000e+09	3.934000000000000163e+00	7.019999999999999574e-01
1.563806085906250000e+09	3.934000000000000163e+00	7.019999999999999574e-01
1.563806086062500000e+09	3.932999999999999829e+00	7.009999999999999565e-01
1.563806086375000000e+09	3.935000000000000053e+00	7.009999999999999565e-01
1.563806086515625000e+09	3.935999999999999943e+00	7.019999999999999574e-01
1.563806086656250000e+09	3.935999999999999943e+00	7.009999999999999565e-01
1.563806086750000000e+09	3.935999999999999943e+00	7.019999999999999574e-01
1.563806086859375000e+09	3.935999999999999943e+00	7.009999999999999565e-01
1.563806086968750000e+09	3.935999999999999943e+00	7.019999999999999574e-01
1.563806087078125000e+09	3.935999999999999943e+00	7.019999999999999574e-01
1.563806087375000000e+09	3.936999999999999833e+00	7.009999999999999565e-01
1.563806087562500000e+09	3.938000000000000167e+00	7.019999999999999574e-01
1.563806087734375000e+09	3.938000000000000167e+00	7.019999999999999574e-01
1.563806087843750000e+09	3.938000000000000167e+00	7.009999999999999565e-01
1.563806087937500000e+09	3.935999999999999943e+00	7.009999999999999565e-01
1.563806088046875000e+09	3.935999999999999943e+00	7.019999999999999574e-01
1.563806088156250000e+09	3.935999999999999943e+00	7.009999999999999565e-01
1.563806088375000000e+09	3.935999999999999943e+00	7.019999999999999574e-01
1.563806088625000000e+09	3.935000000000000053e+00	7.019999999999999574e-01
1.563806088781250000e+09	3.935000000000000053e+00	7.019999999999999574e-01
1.563806088921875000e+09	3.935000000000000053e+00	7.019999999999999574e-01
1.563806089031250000e+09	3.934000000000000163e+00	7.019999999999999574e-01
1.563806089140625000e+09	3.934000000000000163e+00	7.019999999999999574e-01
1.563806089234375000e+09	3.935000000000000053e+00	7.019999999999999574e-01
1.563806089343750000e+09	3.934000000000000163e+00	7.019999999999999574e-01
1.563806089687500000e+09	3.934000000000000163e+00	7.009999999999999565e-01
1.563806089890625000e+09	3.934000000000000163e+00	7.009999999999999565e-01
1.563806090031250000e+09	3.935999999999999943e+00	7.009999999999999565e-01
1.563806090140625000e+09	3.936999999999999833e+00	7.009999999999999565e-01
1.563806090234375000e+09	3.938000000000000167e+00	7.019999999999999574e-01
1.563806090343750000e+09	3.935999999999999943e+00	7.019999999999999574e-01
1.563806090453125000e+09	3.936999999999999833e+00	7.009999999999999565e-01
1.563806090765625000e+09	3.935999999999999943e+00	7.009999999999999565e-01
1.563806090937500000e+09	3.938000000000000167e+00	7.009999999999999565e-01
1.563806091109375000e+09	3.938000000000000167e+00	7.019999999999999574e-01
1.563806091218750000e+09	3.939000000000000057e+00	7.019999999999999574e-01
1.563806091328125000e+09	3.939000000000000057e+00	7.009999999999999565e-01
1.563806091421875000e+09	3.939000000000000057e+00	7.009999999999999565e-01
1.563806091531250000e+09	3.939000000000000057e+00	7.019999999999999574e-01
1.563806091781250000e+09	3.939999999999999947e+00	7.019999999999999574e-01
1.563806092093750000e+09	3.940999999999999837e+00	7.019999999999999574e-01
1.563806092312500000e+09	3.939000000000000057e+00	7.019999999999999574e-01
1.563806092421875000e+09	3.940999999999999837e+00	7.019999999999999574e-01
1.563806092515625000e+09	3.939000000000000057e+00	7.019999999999999574e-01
1.563806092625000000e+09	3.938000000000000167e+00	7.019999999999999574e-01
1.563806092734375000e+09	3.939999999999999947e+00	7.009999999999999565e-01
1.563806092953125000e+09	3.939000000000000057e+00	7.009999999999999565e-01
1.563806093203125000e+09	3.939000000000000057e+00	7.009999999999999565e-01
1.563806093343750000e+09	3.939000000000000057e+00	7.009999999999999565e-01
1.563806093484375000e+09	3.939999999999999947e+00	7.019999999999999574e-01
1.563806093593750000e+09	3.938000000000000167e+00	7.019999999999999574e-01
1.563806093703125000e+09	3.939000000000000057e+00	7.009999999999999565e-01
1.563806093812500000e+09	3.939999999999999947e+00	7.019999999999999574e-01
1.563806093906250000e+09	3.939000000000000057e+00	7.009999999999999565e-01
1.563806094218750000e+09	3.939000000000000057e+00	7.019999999999999574e-01
1.563806094406250000e+09	3.939000000000000057e+00	7.019999999999999574e-01
1.563806094562500000e+09	3.939000000000000057e+00	7.019999999999999574e-01
1.563806094656250000e+09	3.939000000000000057e+00	7.009999999999999565e-01
1.563806094765625000e+09	3.939000000000000057e+00	7.019999999999999574e-01
1.563806094875000000e+09	3.940999999999999837e+00	7.019999999999999574e-01
1.563806094984375000e+09	3.939999999999999947e+00	7.019999999999999574e-01
1.563806095218750000e+09	3.940999999999999837e+00	7.009999999999999565e-01
1.563806095468750000e+09	3.940999999999999837e+00	7.019999999999999574e-01
1.563806095609375000e+09	3.939999999999999947e+00	7.009999999999999565e-01
1.563806095750000000e+09	3.940999999999999837e+00	7.019999999999999574e-01
1.563806095859375000e+09	3.942000000000000171e+00	7.019999999999999574e-01
1.563806095968750000e+09	3.942000000000000171e+00	7.019999999999999574e-01
1.563806096078125000e+09	3.942000000000000171e+00	7.019999999999999574e-01
1.563806096171875000e+09	3.943000000000000060e+00	7.019999999999999574e-01
1.563806096468750000e+09	3.942000000000000171e+00	7.019999999999999574e-01
1.563806096656250000e+09	3.942000000000000171e+00	7.009999999999999565e-01
1.563806096828125000e+09	3.940999999999999837e+00	7.019999999999999574e-01
1.563806096937500000e+09	3.940999999999999837e+00	7.019999999999999574e-01
1.563806097031250000e+09	3.943000000000000060e+00	7.009999999999999565e-01
1.563806097140625000e+09	3.940999999999999837e+00	7.019999999999999574e-01
1.563806097250000000e+09	3.942000000000000171e+00	7.019999999999999574e-01
1.563806097468750000e+09	3.942000000000000171e+00	7.019999999999999574e-01
1.563806097703125000e+09	3.940999999999999837e+00	7.019999999999999574e-01
1.563806097843750000e+09	3.940999999999999837e+00	7.019999999999999574e-01
1.563806098000000000e+09	3.943000000000000060e+00	7.009999999999999565e-01
1.563806098109375000e+09	3.940999999999999837e+00	7.019999999999999574e-01
1.563806098203125000e+09	3.942000000000000171e+00	7.019999999999999574e-01
1.563806098312500000e+09	3.942000000000000171e+00	7.009999999999999565e-01
1.563806098421875000e+09	3.942000000000000171e+00	7.019999999999999574e-01
1.563806098796875000e+09	3.940999999999999837e+00	7.009999999999999565e-01
1.563806099062500000e+09	3.942000000000000171e+00	7.019999999999999574e-01
1.563806099203125000e+09	3.943000000000000060e+00	7.019999999999999574e-01
1.563806099312500000e+09	3.942000000000000171e+00	7.019999999999999574e-01
1.563806099406250000e+09	3.943000000000000060e+00	7.019999999999999574e-01
1.563806099515625000e+09	3.943000000000000060e+00	7.019999999999999574e-01
1.563806099625000000e+09	3.943000000000000060e+00	7.009999999999999565e-01
1.563806099921875000e+09	3.943000000000000060e+00	7.009999999999999565e-01
1.563806100093750000e+09	3.943000000000000060e+00	7.009999999999999565e-01
1.563806100281250000e+09	3.943999999999999950e+00	7.019999999999999574e-01
1.563806100390625000e+09	3.944999999999999840e+00	7.019999999999999574e-01
1.563806100500000000e+09	3.943999999999999950e+00	7.009999999999999565e-01
1.563806100609375000e+09	3.943000000000000060e+00	7.019999999999999574e-01
1.563806100718750000e+09	3.944999999999999840e+00	7.019999999999999574e-01
1.563806100906250000e+09	3.944999999999999840e+00	7.019999999999999574e-01
1.563806101171875000e+09	3.944999999999999840e+00	7.009999999999999565e-01
1.563806101328125000e+09	3.944999999999999840e+00	7.019999999999999574e-01
1.563806101453125000e+09	3.943000000000000060e+00	7.019999999999999574e-01
1.563806101562500000e+09	3.944999999999999840e+00	7.019999999999999574e-01
1.563806101656250000e+09	3.944999999999999840e+00	7.019999999999999574e-01
1.563806101765625000e+09	3.943000000000000060e+00	7.019999999999999574e-01
1.563806101875000000e+09	3.944999999999999840e+00	7.019999999999999574e-01
1.563806102187500000e+09	3.944999999999999840e+00	7.019999999999999574e-01
1.563806102359375000e+09	3.946000000000000174e+00	7.019999999999999574e-01
1.563806102500000000e+09	3.944999999999999840e+00	7.019999999999999574e-01
1.563806102593750000e+09	3.947000000000000064e+00	7.019999999999999574e-01
1.563806102703125000e+09	3.944999999999999840e+00	7.009999999999999565e-01
1.563806102812500000e+09	3.946000000000000174e+00	7.019999999999999574e-01
1.563806102921875000e+09	3.946000000000000174e+00	7.019999999999999574e-01
1.563806103062500000e+09	3.944999999999999840e+00	7.019999999999999574e-01
1.563806103390625000e+09	3.947000000000000064e+00	7.019999999999999574e-01
1.563806103546875000e+09	3.947000000000000064e+00	7.019999999999999574e-01
1.563806103718750000e+09	3.947000000000000064e+00	7.009999999999999565e-01
1.563806103828125000e+09	3.947999999999999954e+00	7.019999999999999574e-01
1.563806103937500000e+09	3.944999999999999840e+00	7.019999999999999574e-01
1.563806104031250000e+09	3.947000000000000064e+00	7.019999999999999574e-01
1.563806104140625000e+09	3.948999999999999844e+00	7.019999999999999574e-01
1.563806104437500000e+09	3.947000000000000064e+00	7.019999999999999574e-01
1.563806104609375000e+09	3.948999999999999844e+00	7.019999999999999574e-01
1.563806104796875000e+09	3.948999999999999844e+00	7.009999999999999565e-01
1.563806104906250000e+09	3.950000000000000178e+00	7.019999999999999574e-01
1.563806105000000000e+09	3.947000000000000064e+00	7.009999999999999565e-01
1.563806105109375000e+09	3.948999999999999844e+00	7.009999999999999565e-01
1.563806105218750000e+09	3.948999999999999844e+00	7.019999999999999574e-01
1.563806105468750000e+09	3.947000000000000064e+00	7.019999999999999574e-01
1.563806105687500000e+09	3.947999999999999954e+00	7.009999999999999565e-01
1.563806105875000000e+09	3.947999999999999954e+00	7.009999999999999565e-01
1.563806105984375000e+09	3.947000000000000064e+00	7.009999999999999565e-01
1.563806106093750000e+09	3.947000000000000064e+00	7.019999999999999574e-01
1.563806106203125000e+09	3.948999999999999844e+00	7.019999999999999574e-01
1.563806106312500000e+09	3.947000000000000064e+00	7.019999999999999574e-01
1.563806106531250000e+09	3.947000000000000064e+00	7.019999999999999574e-01
1.563806106859375000e+09	3.947000000000000064e+00	7.009999999999999565e-01
1.563806107046875000e+09	3.948999999999999844e+00	7.019999999999999574e-01
1.563806107156250000e+09	3.947999999999999954e+00	7.009999999999999565e-01
1.563806107265625000e+09	3.948999999999999844e+00	7.009999999999999565e-01
1.563806107375000000e+09	3.947000000000000064e+00	7.009999999999999565e-01
1.563806107468750000e+09	3.948999999999999844e+00	7.009999999999999565e-01
1.563806107703125000e+09	3.948999999999999844e+00	7.019999999999999574e-01
1.563806107953125000e+09	3.948999999999999844e+00	7.009999999999999565e-01
1.563806108156250000e+09	3.947999999999999954e+00	7.019999999999999574e-01
1.563806108265625000e+09	3.950000000000000178e+00	7.019999999999999574e-01
1.563806108375000000e+09	3.947999999999999954e+00	7.019999999999999574e-01
1.563806108484375000e+09	3.950000000000000178e+00	7.009999999999999565e-01
1.563806108578125000e+09	3.947999999999999954e+00	7.019999999999999574e-01
1.563806108828125000e+09	3.948999999999999844e+00	7.019999999999999574e-01
1.563806109062500000e+09	3.948999999999999844e+00	7.019999999999999574e-01
1.563806109250000000e+09	3.948999999999999844e+00	7.019999999999999574e-01
1.563806109359375000e+09	3.948999999999999844e+00	7.019999999999999574e-01
1.563806109468750000e+09	3.950000000000000178e+00	7.019999999999999574e-01
1.563806109562500000e+09	3.947000000000000064e+00	7.009999999999999565e-01
1.563806109671875000e+09	3.948999999999999844e+00	7.009999999999999565e-01
1.563806109968750000e+09	3.948999999999999844e+00	7.009999999999999565e-01
1.563806110218750000e+09	3.948999999999999844e+00	7.019999999999999574e-01
1.563806110359375000e+09	3.948999999999999844e+00	7.009999999999999565e-01
1.563806110468750000e+09	3.948999999999999844e+00	7.009999999999999565e-01
1.563806110578125000e+09	3.948999999999999844e+00	7.019999999999999574e-01
1.563806110687500000e+09	3.947999999999999954e+00	7.019999999999999574e-01
1.563806110796875000e+09	3.947000000000000064e+00	7.009999999999999565e-01
1.563806111171875000e+09	3.947000000000000064e+00	7.009999999999999565e-01
1.563806111328125000e+09	3.948999999999999844e+00	7.009999999999999565e-01
1.563806111453125000e+09	3.947999999999999954e+00	7.019999999999999574e-01
1.563806111562500000e+09	3.948999999999999844e+00	7.009999999999999565e-01
1.563806111671875000e+09	3.947999999999999954e+00	7.019999999999999574e-01
1.563806111781250000e+09	3.950000000000000178e+00	7.019999999999999574e-01
1.563806111875000000e+09	3.948999999999999844e+00	7.019999999999999574e-01
1.563806112156250000e+09	3.951999999999999957e+00	7.019999999999999574e-01
1.563806112375000000e+09	3.950000000000000178e+00	7.019999999999999574e-01
1.563806112515625000e+09	3.954000000000000181e+00	7.019999999999999574e-01
1.563806112625000000e+09	3.950000000000000178e+00	7.019999999999999574e-01
1.563806112734375000e+09	3.951999999999999957e+00	7.019999999999999574e-01
1.563806112843750000e+09	3.954000000000000181e+00	7.009999999999999565e-01
1.563806112953125000e+09	3.951999999999999957e+00	7.019999999999999574e-01
1.563806113296875000e+09	3.951999999999999957e+00	7.019999999999999574e-01
1.563806113531250000e+09	3.952999999999999847e+00	7.019999999999999574e-01
1.563806113687500000e+09	3.951999999999999957e+00	7.009999999999999565e-01
1.563806113796875000e+09	3.950000000000000178e+00	7.009999999999999565e-01
1.563806113890625000e+09	3.951999999999999957e+00	7.009999999999999565e-01
1.563806114000000000e+09	3.951000000000000068e+00	7.019999999999999574e-01
1.563806114109375000e+09	3.951999999999999957e+00	7.009999999999999565e-01
1.563806114406250000e+09	3.951000000000000068e+00	7.019999999999999574e-01
1.563806114625000000e+09	3.951999999999999957e+00	7.009999999999999565e-01
1.563806114781250000e+09	3.950000000000000178e+00	7.009999999999999565e-01
1.563806114890625000e+09	3.950000000000000178e+00	7.009999999999999565e-01
1.563806115000000000e+09	3.951000000000000068e+00	7.009999999999999565e-01
1.563806115109375000e+09	3.948999999999999844e+00	7.009999999999999565e-01
1.563806115218750000e+09	3.950000000000000178e+00	7.009999999999999565e-01
1.563806115421875000e+09	3.950000000000000178e+00	7.009999999999999565e-01
1.563806115656250000e+09	3.951999999999999957e+00	7.019999999999999574e-01
1.563806115812500000e+09	3.952999999999999847e+00	7.019999999999999574e-01
1.563806115921875000e+09	3.951999999999999957e+00	7.009999999999999565e-01
1.563806116031250000e+09	3.951999999999999957e+00	7.019999999999999574e-01
1.563806116140625000e+09	3.951999999999999957e+00	7.009999999999999565e-01
1.563806116234375000e+09	3.951999999999999957e+00	7.019999999999999574e-01
1.563806116484375000e+09	3.951999999999999957e+00	7.009999999999999565e-01
1.563806116734375000e+09	3.951999999999999957e+00	7.009999999999999565e-01
1.563806116875000000e+09	3.952999999999999847e+00	7.019999999999999574e-01
1.563806116984375000e+09	3.952999999999999847e+00	7.009999999999999565e-01
1.563806117093750000e+09	3.951999999999999957e+00	7.009999999999999565e-01
1.563806117203125000e+09	3.952999999999999847e+00	7.019999999999999574e-01
1.563806117312500000e+09	3.950000000000000178e+00	7.019999999999999574e-01
1.563806117421875000e+09	3.952999999999999847e+00	7.009999999999999565e-01
1.563806117687500000e+09	3.951999999999999957e+00	7.009999999999999565e-01
1.563806117906250000e+09	3.951999999999999957e+00	7.009999999999999565e-01
1.563806118062500000e+09	3.951000000000000068e+00	7.009999999999999565e-01
1.563806118171875000e+09	3.951999999999999957e+00	7.019999999999999574e-01
1.563806118281250000e+09	3.951000000000000068e+00	7.009999999999999565e-01
1.563806118390625000e+09	3.950000000000000178e+00	7.019999999999999574e-01
1.563806118484375000e+09	3.951000000000000068e+00	7.019999999999999574e-01
1.563806118796875000e+09	3.950000000000000178e+00	7.019999999999999574e-01
1.563806118984375000e+09	3.950000000000000178e+00	7.019999999999999574e-01
1.563806119140625000e+09	3.951000000000000068e+00	7.009999999999999565e-01
1.563806119250000000e+09	3.948999999999999844e+00	7.009999999999999565e-01
1.563806119359375000e+09	3.951999999999999957e+00	7.009999999999999565e-01
1.563806119468750000e+09	3.952999999999999847e+00	7.019999999999999574e-01
1.563806119562500000e+09	3.952999999999999847e+00	7.019999999999999574e-01
1.563806119906250000e+09	3.952999999999999847e+00	7.019999999999999574e-01
1.563806120062500000e+09	3.955000000000000071e+00	7.009999999999999565e-01
1.563806120203125000e+09	3.955000000000000071e+00	7.019999999999999574e-01
1.563806120312500000e+09	3.955999999999999961e+00	7.019999999999999574e-01
1.563806120421875000e+09	3.955000000000000071e+00	7.019999999999999574e-01
1.563806120515625000e+09	3.954000000000000181e+00	7.019999999999999574e-01
1.563806120625000000e+09	3.955999999999999961e+00	7.009999999999999565e-01
1.563806120843750000e+09	3.955999999999999961e+00	7.009999999999999565e-01
1.563806121171875000e+09	3.955999999999999961e+00	7.019999999999999574e-01
1.563806121375000000e+09	3.955999999999999961e+00	7.009999999999999565e-01
1.563806121484375000e+09	3.955999999999999961e+00	7.019999999999999574e-01
1.563806121593750000e+09	3.954000000000000181e+00	7.019999999999999574e-01
1.563806121703125000e+09	3.955999999999999961e+00	7.019999999999999574e-01
1.563806121812500000e+09	3.955999999999999961e+00	7.019999999999999574e-01
1.563806122046875000e+09	3.954000000000000181e+00	7.009999999999999565e-01
1.563806122265625000e+09	3.952999999999999847e+00	7.019999999999999574e-01
1.563806122453125000e+09	3.955999999999999961e+00	7.019999999999999574e-01
1.563806122546875000e+09	3.954000000000000181e+00	7.019999999999999574e-01
1.563806122656250000e+09	3.954000000000000181e+00	7.009999999999999565e-01
1.563806122765625000e+09	3.955000000000000071e+00	7.019999999999999574e-01
1.563806122875000000e+09	3.955000000000000071e+00	7.019999999999999574e-01
1.563806123109375000e+09	3.955000000000000071e+00	7.019999999999999574e-01
1.563806123359375000e+09	3.955999999999999961e+00	7.009999999999999565e-01
1.563806123562500000e+09	3.955999999999999961e+00	7.019999999999999574e-01
1.563806123671875000e+09	3.955999999999999961e+00	7.019999999999999574e-01
1.563806123781250000e+09	3.954000000000000181e+00	7.009999999999999565e-01
1.563806123890625000e+09	3.954000000000000181e+00	7.019999999999999574e-01
1.563806123984375000e+09	3.955999999999999961e+00	7.019999999999999574e-01
1.563806124203125000e+09	3.955999999999999961e+00	7.009999999999999565e-01
1.563806124437500000e+09	3.954000000000000181e+00	7.019999999999999574e-01
1.563806124640625000e+09	3.955999999999999961e+00	7.019999999999999574e-01
1.563806124750000000e+09	3.955999999999999961e+00	7.009999999999999565e-01
1.563806124859375000e+09	3.956999999999999851e+00	7.019999999999999574e-01
1.563806124968750000e+09	3.958000000000000185e+00	7.019999999999999574e-01
1.563806125078125000e+09	3.955999999999999961e+00	7.009999999999999565e-01
1.563806125296875000e+09	3.955999999999999961e+00	7.009999999999999565e-01
1.563806125531250000e+09	3.955999999999999961e+00	7.019999999999999574e-01
1.563806125671875000e+09	3.955999999999999961e+00	7.019999999999999574e-01
1.563806125812500000e+09	3.955999999999999961e+00	7.009999999999999565e-01
1.563806125921875000e+09	3.955000000000000071e+00	7.019999999999999574e-01
1.563806126031250000e+09	3.955999999999999961e+00	7.009999999999999565e-01
1.563806126125000000e+09	3.954000000000000181e+00	7.019999999999999574e-01
1.563806126234375000e+09	3.954000000000000181e+00	7.019999999999999574e-01
1.563806126640625000e+09	-0.000000000000000000e+00	1.000000000000000021e-02
1.563806126843750000e+09	-0.000000000000000000e+00	8.999999999999999320e-03
1.563806126937500000e+09	-0.000000000000000000e+00	8.000000000000000167e-03
1.563806127046875000e+09	-0.000000000000000000e+00	8.000000000000000167e-03
1.563806127156250000e+09	-0.000000000000000000e+00	7.000000000000000146e-03
1.563806127265625000e+09	-0.000000000000000000e+00	7.000000000000000146e-03
1.563806127406250000e+09	-0.000000000000000000e+00	8.000000000000000167e-03
1.563806127640625000e+09	-0.000000000000000000e+00	7.000000000000000146e-03
1.563806127781250000e+09	-0.000000000000000000e+00	7.000000000000000146e-03
1.563806127937500000e+09	-0.000000000000000000e+00	6.000000000000000125e-03
1.563806128078125000e+09	-0.000000000000000000e+00	7.000000000000000146e-03
1.563806128187500000e+09	-0.000000000000000000e+00	6.000000000000000125e-03
1.563806128281250000e+09	-0.000000000000000000e+00	6.000000000000000125e-03
1.563806128390625000e+09	-0.000000000000000000e+00	6.000000000000000125e-03
1.563806128500000000e+09	-0.000000000000000000e+00	6.000000000000000125e-03
1.563806128875000000e+09	-0.000000000000000000e+00	6.000000000000000125e-03
1.563806129062500000e+09	-0.000000000000000000e+00	7.000000000000000146e-03
1.563806129203125000e+09	-0.000000000000000000e+00	6.000000000000000125e-03
1.563806129328125000e+09	-0.000000000000000000e+00	6.000000000000000125e-03
1.563806129437500000e+09	-0.000000000000000000e+00	6.000000000000000125e-03
1.563806129546875000e+09	-0.000000000000000000e+00	6.000000000000000125e-03
1.563806129656250000e+09	-0.000000000000000000e+00	6.000000000000000125e-03
1.563806129765625000e+09	-0.000000000000000000e+00	6.000000000000000125e-03
1.563806130046875000e+09	-0.000000000000000000e+00	6.000000000000000125e-03
1.563806130234375000e+09	-0.000000000000000000e+00	6.000000000000000125e-03
1.563806130359375000e+09	-0.000000000000000000e+00	6.000000000000000125e-03
