# UNIX time, Current (A), PS Voltage (V), REF Voltage (V)
# SAMPLE_SURFACE = 53.0
# SAMPLE_NAME = WTh_batch6.2
# COATING_STEP = 2
1.563806902765625000e+09	-0.000000000000000000e+00	1.000000000000000021e-03
1.563806902859375000e+09	-0.000000000000000000e+00	1.000000000000000021e-03
1.563806902968750000e+09	-0.000000000000000000e+00	1.000000000000000021e-03
1.563806903078125000e+09	-0.000000000000000000e+00	2.000000000000000042e-03
1.563806903187500000e+09	-0.000000000000000000e+00	1.000000000000000021e-03
1.563806903281250000e+09	-0.000000000000000000e+00	1.000000000000000021e-03
1.563806903390625000e+09	-0.000000000000000000e+00	1.000000000000000021e-03
1.563806903500000000e+09	-0.000000000000000000e+00	2.000000000000000042e-03
1.563806903609375000e+09	-0.000000000000000000e+00	1.000000000000000021e-03
1.563806903718750000e+09	-0.000000000000000000e+00	1.000000000000000021e-03
1.563806903812500000e+09	-0.000000000000000000e+00	1.000000000000000021e-03
1.563806903921875000e+09	-0.000000000000000000e+00	1.000000000000000021e-03
1.563806904203125000e+09	-0.000000000000000000e+00	1.000000000000000021e-03
1.563806904328125000e+09	-0.000000000000000000e+00	1.000000000000000021e-03
1.563806904437500000e+09	-0.000000000000000000e+00	1.000000000000000021e-03
1.563806904546875000e+09	-0.000000000000000000e+00	1.000000000000000021e-03
1.563806904656250000e+09	-0.000000000000000000e+00	1.000000000000000021e-03
1.563806904765625000e+09	-0.000000000000000000e+00	1.000000000000000021e-03
1.563806904875000000e+09	-0.000000000000000000e+00	1.000000000000000021e-03
1.563806905218750000e+09	-0.000000000000000000e+00	1.000000000000000021e-03
1.563806905390625000e+09	-0.000000000000000000e+00	1.000000000000000021e-03
1.563806905531250000e+09	-0.000000000000000000e+00	1.000000000000000021e-03
1.563806905625000000e+09	-0.000000000000000000e+00	1.000000000000000021e-03
1.563806905734375000e+09	-0.000000000000000000e+00	1.000000000000000021e-03
1.563806905843750000e+09	-0.000000000000000000e+00	1.000000000000000021e-03
1.563806906390625000e+09	3.891999999999999904e+00	7.009999999999999565e-01
1.563806906546875000e+09	3.915999999999999925e+00	7.019999999999999574e-01
1.563806906656250000e+09	3.924999999999999822e+00	7.009999999999999565e-01
1.563806906750000000e+09	3.927000000000000046e+00	7.019999999999999574e-01
1.563806906859375000e+09	3.930000000000000160e+00	7.019999999999999574e-01
1.563806906968750000e+09	3.931999999999999940e+00	7.009999999999999565e-01
1.563806907250000000e+09	3.932999999999999829e+00	7.019999999999999574e-01
1.563806907609375000e+09	3.932999999999999829e+00	7.009999999999999565e-01
1.563806907734375000e+09	3.930000000000000160e+00	7.009999999999999565e-01
1.563806907843750000e+09	3.927999999999999936e+00	7.019999999999999574e-01
1.563806907953125000e+09	3.927999999999999936e+00	7.009999999999999565e-01
1.563806908046875000e+09	3.927000000000000046e+00	7.009999999999999565e-01
1.563806908156250000e+09	3.924999999999999822e+00	7.019999999999999574e-01
1.563806908421875000e+09	3.924999999999999822e+00	7.009999999999999565e-01
1.563806908609375000e+09	3.923000000000000043e+00	7.019999999999999574e-01
1.563806908890625000e+09	3.920999999999999819e+00	7.009999999999999565e-01
1.563806909000000000e+09	3.922000000000000153e+00	7.009999999999999565e-01
1.563806909109375000e+09	3.919999999999999929e+00	7.019999999999999574e-01
1.563806909203125000e+09	3.920999999999999819e+00	7.009999999999999565e-01
1.563806909312500000e+09	3.919000000000000039e+00	7.019999999999999574e-01
1.563806909687500000e+09	3.915999999999999925e+00	7.019999999999999574e-01
1.563806909875000000e+09	3.915000000000000036e+00	7.009999999999999565e-01
1.563806910031250000e+09	3.915999999999999925e+00	7.019999999999999574e-01
1.563806910140625000e+09	3.914000000000000146e+00	7.009999999999999565e-01
1.563806910250000000e+09	3.915000000000000036e+00	7.019999999999999574e-01
1.563806910359375000e+09	3.914000000000000146e+00	7.019999999999999574e-01
1.563806910468750000e+09	3.914000000000000146e+00	7.019999999999999574e-01
1.563806910781250000e+09	3.912999999999999812e+00	7.009999999999999565e-01
1.563806911000000000e+09	3.914000000000000146e+00	7.019999999999999574e-01
1.563806911140625000e+09	3.912999999999999812e+00	7.019999999999999574e-01
1.563806911250000000e+09	3.911999999999999922e+00	7.019999999999999574e-01
1.563806911343750000e+09	3.911000000000000032e+00	7.019999999999999574e-01
1.563806911453125000e+09	3.912999999999999812e+00	7.009999999999999565e-01
1.563806911562500000e+09	3.911999999999999922e+00	7.019999999999999574e-01
1.563806911859375000e+09	3.910000000000000142e+00	7.009999999999999565e-01
1.563806912109375000e+09	3.911999999999999922e+00	7.019999999999999574e-01
1.563806912250000000e+09	3.914000000000000146e+00	7.009999999999999565e-01
1.563806912359375000e+09	3.911999999999999922e+00	7.019999999999999574e-01
1.563806912468750000e+09	3.911999999999999922e+00	7.009999999999999565e-01
1.563806912578125000e+09	3.911000000000000032e+00	7.009999999999999565e-01
1.563806912671875000e+09	3.911000000000000032e+00	7.019999999999999574e-01
1.563806913062500000e+09	3.911000000000000032e+00	7.019999999999999574e-01
1.563806913203125000e+09	3.908999999999999808e+00	7.019999999999999574e-01
1.563806913328125000e+09	3.910000000000000142e+00	7.019999999999999574e-01
1.563806913437500000e+09	3.908999999999999808e+00	7.009999999999999565e-01
1.563806913546875000e+09	3.908999999999999808e+00	7.019999999999999574e-01
1.563806913656250000e+09	3.910000000000000142e+00	7.009999999999999565e-01
1.563806913765625000e+09	3.910000000000000142e+00	7.019999999999999574e-01
1.563806914078125000e+09	3.911000000000000032e+00	7.019999999999999574e-01
1.563806914265625000e+09	3.910000000000000142e+00	7.009999999999999565e-01
1.563806914406250000e+09	3.907999999999999918e+00	7.009999999999999565e-01
1.563806914515625000e+09	3.910000000000000142e+00	7.009999999999999565e-01
1.563806914625000000e+09	3.911000000000000032e+00	7.019999999999999574e-01
1.563806914734375000e+09	3.910000000000000142e+00	7.009999999999999565e-01
1.563806914843750000e+09	3.911999999999999922e+00	7.009999999999999565e-01
1.563806915234375000e+09	3.911999999999999922e+00	7.019999999999999574e-01
1.563806915437500000e+09	3.912999999999999812e+00	7.019999999999999574e-01
1.563806915546875000e+09	3.912999999999999812e+00	7.019999999999999574e-01
1.563806915656250000e+09	3.912999999999999812e+00	7.019999999999999574e-01
1.563806915750000000e+09	3.914000000000000146e+00	7.009999999999999565e-01
1.563806915859375000e+09	3.911999999999999922e+00	7.019999999999999574e-01
1.563806916156250000e+09	3.914000000000000146e+00	7.009999999999999565e-01
1.563806916453125000e+09	3.911000000000000032e+00	7.019999999999999574e-01
1.563806916671875000e+09	3.911000000000000032e+00	7.019999999999999574e-01
1.563806916781250000e+09	3.911999999999999922e+00	7.009999999999999565e-01
1.563806916875000000e+09	3.911000000000000032e+00	7.009999999999999565e-01
1.563806916984375000e+09	3.911999999999999922e+00	7.009999999999999565e-01
1.563806917093750000e+09	3.914000000000000146e+00	7.009999999999999565e-01
1.563806917437500000e+09	3.911999999999999922e+00	7.009999999999999565e-01
1.563806917640625000e+09	3.911999999999999922e+00	7.019999999999999574e-01
1.563806917796875000e+09	3.914000000000000146e+00	7.009999999999999565e-01
1.563806917906250000e+09	3.910000000000000142e+00	7.019999999999999574e-01
1.563806918015625000e+09	3.911999999999999922e+00	7.009999999999999565e-01
1.563806918125000000e+09	3.910000000000000142e+00	7.009999999999999565e-01
1.563806918234375000e+09	3.911999999999999922e+00	7.009999999999999565e-01
1.563806918515625000e+09	3.911000000000000032e+00	7.019999999999999574e-01
1.563806918750000000e+09	3.911999999999999922e+00	7.019999999999999574e-01
1.563806918906250000e+09	3.911999999999999922e+00	7.009999999999999565e-01
1.563806919015625000e+09	3.910000000000000142e+00	7.009999999999999565e-01
1.563806919125000000e+09	3.911999999999999922e+00	7.009999999999999565e-01
1.563806919234375000e+09	3.911999999999999922e+00	7.009999999999999565e-01
1.563806919328125000e+09	3.912999999999999812e+00	7.019999999999999574e-01
1.563806919718750000e+09	3.914000000000000146e+00	7.019999999999999574e-01
1.563806919875000000e+09	3.912999999999999812e+00	7.009999999999999565e-01
1.563806920015625000e+09	3.914000000000000146e+00	7.019999999999999574e-01
1.563806920125000000e+09	3.914000000000000146e+00	7.009999999999999565e-01
1.563806920234375000e+09	3.912999999999999812e+00	7.019999999999999574e-01
1.563806920343750000e+09	3.912999999999999812e+00	7.019999999999999574e-01
1.563806920453125000e+09	3.912999999999999812e+00	7.019999999999999574e-01
1.563806920750000000e+09	3.912999999999999812e+00	7.019999999999999574e-01
1.563806920984375000e+09	3.912999999999999812e+00	7.019999999999999574e-01
1.563806921125000000e+09	3.912999999999999812e+00	7.019999999999999574e-01
1.563806921234375000e+09	3.912999999999999812e+00	7.019999999999999574e-01
1.563806921343750000e+09	3.911999999999999922e+00	7.009999999999999565e-01
1.563806921437500000e+09	3.911999999999999922e+00	7.019999999999999574e-01
1.563806921546875000e+09	3.911999999999999922e+00	7.009999999999999565e-01
1.563806921953125000e+09	3.914000000000000146e+00	7.009999999999999565e-01
1.563806922093750000e+09	3.912999999999999812e+00	7.019999999999999574e-01
1.563806922234375000e+09	3.912999999999999812e+00	7.009999999999999565e-01
1.563806922328125000e+09	3.915000000000000036e+00	7.009999999999999565e-01
1.563806922437500000e+09	3.914000000000000146e+00	7.019999999999999574e-01
1.563806922546875000e+09	3.914000000000000146e+00	7.019999999999999574e-01
1.563806922656250000e+09	3.914000000000000146e+00	7.009999999999999565e-01
1.563806923062500000e+09	3.914000000000000146e+00	7.019999999999999574e-01
1.563806923281250000e+09	3.912999999999999812e+00	7.019999999999999574e-01
1.563806923406250000e+09	3.911999999999999922e+00	7.019999999999999574e-01
1.563806923515625000e+09	3.911999999999999922e+00	7.019999999999999574e-01
1.563806923625000000e+09	3.912999999999999812e+00	7.019999999999999574e-01
1.563806923718750000e+09	3.912999999999999812e+00	7.019999999999999574e-01
1.563806923828125000e+09	3.912999999999999812e+00	7.019999999999999574e-01
1.563806924171875000e+09	3.914000000000000146e+00	7.009999999999999565e-01
1.563806924343750000e+09	3.911999999999999922e+00	7.009999999999999565e-01
1.563806924484375000e+09	3.911999999999999922e+00	7.019999999999999574e-01
1.563806924593750000e+09	3.914000000000000146e+00	7.019999999999999574e-01
1.563806924703125000e+09	3.914000000000000146e+00	7.019999999999999574e-01
1.563806924812500000e+09	3.912999999999999812e+00	7.019999999999999574e-01
1.563806924921875000e+09	3.914000000000000146e+00	7.009999999999999565e-01
1.563806925234375000e+09	3.912999999999999812e+00	7.009999999999999565e-01
1.563806925437500000e+09	3.911000000000000032e+00	7.019999999999999574e-01
1.563806925578125000e+09	3.911999999999999922e+00	7.019999999999999574e-01
1.563806925687500000e+09	3.912999999999999812e+00	7.019999999999999574e-01
1.563806925796875000e+09	3.910000000000000142e+00	7.009999999999999565e-01
1.563806925890625000e+09	3.911999999999999922e+00	7.019999999999999574e-01
1.563806926000000000e+09	3.911999999999999922e+00	7.019999999999999574e-01
1.563806926296875000e+09	3.911999999999999922e+00	7.019999999999999574e-01
1.563806926515625000e+09	3.911000000000000032e+00	7.019999999999999574e-01
1.563806926656250000e+09	3.910000000000000142e+00	7.019999999999999574e-01
1.563806926765625000e+09	3.910000000000000142e+00	7.009999999999999565e-01
1.563806926875000000e+09	3.911999999999999922e+00	7.019999999999999574e-01
1.563806926984375000e+09	3.911999999999999922e+00	7.019999999999999574e-01
1.563806927093750000e+09	3.910000000000000142e+00	7.009999999999999565e-01
1.563806927390625000e+09	3.911000000000000032e+00	7.019999999999999574e-01
1.563806927609375000e+09	3.911999999999999922e+00	7.009999999999999565e-01
1.563806927750000000e+09	3.910000000000000142e+00	7.019999999999999574e-01
1.563806927859375000e+09	3.911000000000000032e+00	7.019999999999999574e-01
1.563806927968750000e+09	3.908999999999999808e+00	7.019999999999999574e-01
1.563806928078125000e+09	3.910000000000000142e+00	7.019999999999999574e-01
1.563806928187500000e+09	3.911999999999999922e+00	7.019999999999999574e-01
1.563806928500000000e+09	3.911999999999999922e+00	7.019999999999999574e-01
1.563806928703125000e+09	3.912999999999999812e+00	7.009999999999999565e-01
1.563806928843750000e+09	3.911999999999999922e+00	7.019999999999999574e-01
1.563806928937500000e+09	3.911999999999999922e+00	7.009999999999999565e-01
1.563806929046875000e+09	3.910000000000000142e+00	7.009999999999999565e-01
1.563806929156250000e+09	3.911000000000000032e+00	7.009999999999999565e-01
1.563806929265625000e+09	3.911999999999999922e+00	7.019999999999999574e-01
1.563806929546875000e+09	3.910000000000000142e+00	7.019999999999999574e-01
1.563806929781250000e+09	3.910000000000000142e+00	7.019999999999999574e-01
1.563806929937500000e+09	3.907999999999999918e+00	7.019999999999999574e-01
1.563806930046875000e+09	3.908999999999999808e+00	7.019999999999999574e-01
1.563806930156250000e+09	3.910000000000000142e+00	7.019999999999999574e-01
1.563806930250000000e+09	3.908999999999999808e+00	7.019999999999999574e-01
1.563806930359375000e+09	3.908999999999999808e+00	7.009999999999999565e-01
1.563806930734375000e+09	3.910000000000000142e+00	7.019999999999999574e-01
1.563806930968750000e+09	3.908999999999999808e+00	7.019999999999999574e-01
1.563806931125000000e+09	3.907999999999999918e+00	7.019999999999999574e-01
1.563806931234375000e+09	3.907999999999999918e+00	7.019999999999999574e-01
1.563806931328125000e+09	3.907999999999999918e+00	7.009999999999999565e-01
1.563806931437500000e+09	3.907000000000000028e+00	7.019999999999999574e-01
1.563806931546875000e+09	3.907999999999999918e+00	7.019999999999999574e-01
1.563806931890625000e+09	3.907000000000000028e+00	7.019999999999999574e-01
1.563806932062500000e+09	3.906000000000000139e+00	7.019999999999999574e-01
1.563806932187500000e+09	3.906000000000000139e+00	7.019999999999999574e-01
1.563806932296875000e+09	3.906000000000000139e+00	7.019999999999999574e-01
1.563806932390625000e+09	3.906000000000000139e+00	7.009999999999999565e-01
1.563806932500000000e+09	3.907000000000000028e+00	7.019999999999999574e-01
1.563806932609375000e+09	3.907000000000000028e+00	7.009999999999999565e-01
1.563806932984375000e+09	3.903999999999999915e+00	7.019999999999999574e-01
1.563806933156250000e+09	3.906000000000000139e+00	7.009999999999999565e-01
1.563806933312500000e+09	3.907999999999999918e+00	7.009999999999999565e-01
1.563806933421875000e+09	3.907000000000000028e+00	7.019999999999999574e-01
1.563806933515625000e+09	3.907000000000000028e+00	7.019999999999999574e-01
1.563806933625000000e+09	3.907999999999999918e+00	7.009999999999999565e-01
1.563806933734375000e+09	3.906000000000000139e+00	7.019999999999999574e-01
1.563806934140625000e+09	3.907999999999999918e+00	7.009999999999999565e-01
1.563806934265625000e+09	3.907999999999999918e+00	7.009999999999999565e-01
1.563806934421875000e+09	3.906000000000000139e+00	7.019999999999999574e-01
1.563806934531250000e+09	3.904999999999999805e+00	7.019999999999999574e-01
1.563806934625000000e+09	3.906000000000000139e+00	7.019999999999999574e-01
1.563806934734375000e+09	3.906000000000000139e+00	7.019999999999999574e-01
1.563806934843750000e+09	3.906000000000000139e+00	7.019999999999999574e-01
1.563806935187500000e+09	3.907999999999999918e+00	7.019999999999999574e-01
1.563806935406250000e+09	3.907999999999999918e+00	7.009999999999999565e-01
1.563806935531250000e+09	3.906000000000000139e+00	7.009999999999999565e-01
1.563806935640625000e+09	3.907000000000000028e+00	7.019999999999999574e-01
1.563806935750000000e+09	3.907000000000000028e+00	7.019999999999999574e-01
1.563806935859375000e+09	3.907999999999999918e+00	7.009999999999999565e-01
1.563806935953125000e+09	3.907000000000000028e+00	7.019999999999999574e-01
1.563806936359375000e+09	3.904999999999999805e+00	7.019999999999999574e-01
1.563806936578125000e+09	3.904999999999999805e+00	7.009999999999999565e-01
1.563806936671875000e+09	3.906000000000000139e+00	7.009999999999999565e-01
1.563806936781250000e+09	3.907000000000000028e+00	7.009999999999999565e-01
1.563806936890625000e+09	3.904999999999999805e+00	7.009999999999999565e-01
1.563806937000000000e+09	3.904999999999999805e+00	7.019999999999999574e-01
1.563806937281250000e+09	3.904999999999999805e+00	7.009999999999999565e-01
1.563806937531250000e+09	3.906000000000000139e+00	7.019999999999999574e-01
1.563806937765625000e+09	3.906000000000000139e+00	7.019999999999999574e-01
1.563806937859375000e+09	3.906000000000000139e+00	7.019999999999999574e-01
1.563806937968750000e+09	3.904999999999999805e+00	7.019999999999999574e-01
1.563806938078125000e+09	3.903999999999999915e+00	7.019999999999999574e-01
1.563806938187500000e+09	3.903999999999999915e+00	7.019999999999999574e-01
1.563806938453125000e+09	3.904999999999999805e+00	7.009999999999999565e-01
1.563806938703125000e+09	3.903000000000000025e+00	7.009999999999999565e-01
1.563806938875000000e+09	3.904999999999999805e+00	7.009999999999999565e-01
1.563806938984375000e+09	3.906000000000000139e+00	7.019999999999999574e-01
1.563806939078125000e+09	3.903999999999999915e+00	7.009999999999999565e-01
1.563806939187500000e+09	3.906000000000000139e+00	7.019999999999999574e-01
1.563806939296875000e+09	3.903999999999999915e+00	7.019999999999999574e-01
1.563806939562500000e+09	3.903000000000000025e+00	7.019999999999999574e-01
1.563806939796875000e+09	3.903000000000000025e+00	7.009999999999999565e-01
1.563806940000000000e+09	3.903999999999999915e+00	7.019999999999999574e-01
1.563806940093750000e+09	3.903000000000000025e+00	7.019999999999999574e-01
1.563806940203125000e+09	3.903999999999999915e+00	7.009999999999999565e-01
1.563806940312500000e+09	3.903999999999999915e+00	7.019999999999999574e-01
1.563806940421875000e+09	3.903999999999999915e+00	7.019999999999999574e-01
1.563806940625000000e+09	3.903999999999999915e+00	7.009999999999999565e-01
1.563806940921875000e+09	3.903999999999999915e+00	7.019999999999999574e-01
1.563806941093750000e+09	3.903999999999999915e+00	7.019999999999999574e-01
1.563806941187500000e+09	3.903000000000000025e+00	7.019999999999999574e-01
1.563806941296875000e+09	3.900999999999999801e+00	7.019999999999999574e-01
1.563806941406250000e+09	3.902000000000000135e+00	7.019999999999999574e-01
1.563806941515625000e+09	3.902000000000000135e+00	7.019999999999999574e-01
1.563806941781250000e+09	3.902000000000000135e+00	7.019999999999999574e-01
1.563806942093750000e+09	3.903000000000000025e+00	7.009999999999999565e-01
1.563806942250000000e+09	3.903000000000000025e+00	7.019999999999999574e-01
1.563806942359375000e+09	3.903999999999999915e+00	7.019999999999999574e-01
1.563806942453125000e+09	3.902000000000000135e+00	7.009999999999999565e-01
1.563806942562500000e+09	3.903000000000000025e+00	7.019999999999999574e-01
1.563806942671875000e+09	3.903000000000000025e+00	7.009999999999999565e-01
1.563806942953125000e+09	3.902000000000000135e+00	7.019999999999999574e-01
1.563806943203125000e+09	3.902000000000000135e+00	7.019999999999999574e-01
1.563806943343750000e+09	3.900999999999999801e+00	7.019999999999999574e-01
1.563806943453125000e+09	3.903000000000000025e+00	7.009999999999999565e-01
1.563806943546875000e+09	3.902000000000000135e+00	7.019999999999999574e-01
1.563806943656250000e+09	3.902000000000000135e+00	7.019999999999999574e-01
1.563806943765625000e+09	3.902000000000000135e+00	7.009999999999999565e-01
1.563806944125000000e+09	3.903000000000000025e+00	7.009999999999999565e-01
1.563806944328125000e+09	3.902000000000000135e+00	7.019999999999999574e-01
1.563806944468750000e+09	3.902000000000000135e+00	7.019999999999999574e-01
1.563806944578125000e+09	3.902000000000000135e+00	7.019999999999999574e-01
1.563806944687500000e+09	3.900999999999999801e+00	7.019999999999999574e-01
1.563806944781250000e+09	3.902000000000000135e+00	7.019999999999999574e-01
1.563806944890625000e+09	3.902000000000000135e+00	7.019999999999999574e-01
1.563806945296875000e+09	3.900999999999999801e+00	7.009999999999999565e-01
1.563806945484375000e+09	3.899999999999999911e+00	7.009999999999999565e-01
1.563806945640625000e+09	3.899000000000000021e+00	7.019999999999999574e-01
1.563806945750000000e+09	3.899000000000000021e+00	7.009999999999999565e-01
1.563806945859375000e+09	3.899000000000000021e+00	7.019999999999999574e-01
1.563806945968750000e+09	3.899000000000000021e+00	7.019999999999999574e-01
1.563806946078125000e+09	3.898000000000000131e+00	7.009999999999999565e-01
1.563806946328125000e+09	3.896999999999999797e+00	7.009999999999999565e-01
1.563806946546875000e+09	3.899000000000000021e+00	7.019999999999999574e-01
1.563806946687500000e+09	3.899000000000000021e+00	7.019999999999999574e-01
1.563806946812500000e+09	3.899000000000000021e+00	7.019999999999999574e-01
1.563806946921875000e+09	3.898000000000000131e+00	7.009999999999999565e-01
1.563806947031250000e+09	3.899000000000000021e+00	7.019999999999999574e-01
1.563806947140625000e+09	3.898000000000000131e+00	7.019999999999999574e-01
1.563806947234375000e+09	3.896999999999999797e+00	7.009999999999999565e-01
1.563806947546875000e+09	3.899000000000000021e+00	7.009999999999999565e-01
1.563806947734375000e+09	3.899000000000000021e+00	7.019999999999999574e-01
1.563806947906250000e+09	3.895000000000000018e+00	7.019999999999999574e-01
1.563806948015625000e+09	3.896999999999999797e+00	7.019999999999999574e-01
1.563806948125000000e+09	3.895000000000000018e+00	7.019999999999999574e-01
1.563806948218750000e+09	3.896999999999999797e+00	7.009999999999999565e-01
1.563806948328125000e+09	3.895000000000000018e+00	7.019999999999999574e-01
1.563806948515625000e+09	3.895000000000000018e+00	7.009999999999999565e-01
1.563806948781250000e+09	3.895000000000000018e+00	7.019999999999999574e-01
1.563806948984375000e+09	3.895999999999999908e+00	7.009999999999999565e-01
1.563806949093750000e+09	3.895000000000000018e+00	7.019999999999999574e-01
1.563806949203125000e+09	3.892999999999999794e+00	7.019999999999999574e-01
1.563806949312500000e+09	3.894000000000000128e+00	7.019999999999999574e-01
1.563806949406250000e+09	3.895999999999999908e+00	7.019999999999999574e-01
1.563806949671875000e+09	3.895000000000000018e+00	7.019999999999999574e-01
1.563806949921875000e+09	3.894000000000000128e+00	7.009999999999999565e-01
1.563806950109375000e+09	3.892999999999999794e+00	7.019999999999999574e-01
1.563806950218750000e+09	3.894000000000000128e+00	7.019999999999999574e-01
1.563806950328125000e+09	3.892999999999999794e+00	7.019999999999999574e-01
1.563806950421875000e+09	3.894000000000000128e+00	7.019999999999999574e-01
1.563806950531250000e+09	3.895000000000000018e+00	7.009999999999999565e-01
1.563806950796875000e+09	3.894000000000000128e+00	7.019999999999999574e-01
1.563806951031250000e+09	3.895000000000000018e+00	7.009999999999999565e-01
1.563806951203125000e+09	3.895000000000000018e+00	7.009999999999999565e-01
1.563806951312500000e+09	3.895000000000000018e+00	7.019999999999999574e-01
1.563806951406250000e+09	3.895999999999999908e+00	7.019999999999999574e-01
1.563806951515625000e+09	3.894000000000000128e+00	7.019999999999999574e-01
1.563806951625000000e+09	3.892999999999999794e+00	7.019999999999999574e-01
1.563806951796875000e+09	3.895000000000000018e+00	7.019999999999999574e-01
1.563806952093750000e+09	3.895000000000000018e+00	7.009999999999999565e-01
1.563806952265625000e+09	3.891999999999999904e+00	7.019999999999999574e-01
1.563806952406250000e+09	3.891999999999999904e+00	7.019999999999999574e-01
1.563806952515625000e+09	3.891000000000000014e+00	7.019999999999999574e-01
1.563806952625000000e+09	3.891000000000000014e+00	7.009999999999999565e-01
1.563806952734375000e+09	3.892999999999999794e+00	7.009999999999999565e-01
1.563806952843750000e+09	3.891999999999999904e+00	7.019999999999999574e-01
1.563806953218750000e+09	3.892999999999999794e+00	7.009999999999999565e-01
1.563806953390625000e+09	3.891999999999999904e+00	7.019999999999999574e-01
1.563806953515625000e+09	3.891000000000000014e+00	7.019999999999999574e-01
1.563806953625000000e+09	3.891999999999999904e+00	7.009999999999999565e-01
1.563806953718750000e+09	3.891000000000000014e+00	7.009999999999999565e-01
1.563806953828125000e+09	3.892999999999999794e+00	7.009999999999999565e-01
1.563806953937500000e+09	3.890000000000000124e+00	7.019999999999999574e-01
1.563806954281250000e+09	3.888999999999999790e+00	7.009999999999999565e-01
1.563806954453125000e+09	3.890000000000000124e+00	7.019999999999999574e-01
1.563806954578125000e+09	3.888999999999999790e+00	7.019999999999999574e-01
1.563806954687500000e+09	3.887999999999999901e+00	7.019999999999999574e-01
1.563806954796875000e+09	3.887999999999999901e+00	7.019999999999999574e-01
1.563806954890625000e+09	3.888999999999999790e+00	7.019999999999999574e-01
1.563806955000000000e+09	3.887999999999999901e+00	7.019999999999999574e-01
1.563806955421875000e+09	3.888999999999999790e+00	7.019999999999999574e-01
1.563806955546875000e+09	3.888999999999999790e+00	7.019999999999999574e-01
1.563806955687500000e+09	3.887999999999999901e+00	7.019999999999999574e-01
1.563806955796875000e+09	3.888999999999999790e+00	7.019999999999999574e-01
1.563806955906250000e+09	3.890000000000000124e+00	7.019999999999999574e-01
1.563806956015625000e+09	3.888999999999999790e+00	7.019999999999999574e-01
1.563806956125000000e+09	3.888999999999999790e+00	7.019999999999999574e-01
1.563806956531250000e+09	3.888999999999999790e+00	7.009999999999999565e-01
1.563806956718750000e+09	3.890000000000000124e+00	7.019999999999999574e-01
1.563806956828125000e+09	3.887999999999999901e+00	7.019999999999999574e-01
1.563806956937500000e+09	3.887000000000000011e+00	7.019999999999999574e-01
1.563806957046875000e+09	3.886000000000000121e+00	7.009999999999999565e-01
1.563806957156250000e+09	3.887999999999999901e+00	7.019999999999999574e-01
1.563806957453125000e+09	3.887000000000000011e+00	7.019999999999999574e-01
1.563806957703125000e+09	3.886000000000000121e+00	7.019999999999999574e-01
1.563806957859375000e+09	3.884999999999999787e+00	7.009999999999999565e-01
1.563806957968750000e+09	3.884999999999999787e+00	7.009999999999999565e-01
1.563806958078125000e+09	3.886000000000000121e+00	7.009999999999999565e-01
1.563806958187500000e+09	3.884999999999999787e+00	7.019999999999999574e-01
1.563806958281250000e+09	3.884999999999999787e+00	7.009999999999999565e-01
1.563806958703125000e+09	3.883999999999999897e+00	7.019999999999999574e-01
1.563806958859375000e+09	3.886000000000000121e+00	7.019999999999999574e-01
1.563806958984375000e+09	3.883999999999999897e+00	7.019999999999999574e-01
1.563806959093750000e+09	3.883999999999999897e+00	7.019999999999999574e-01
1.563806959187500000e+09	3.883999999999999897e+00	7.009999999999999565e-01
1.563806959296875000e+09	3.883000000000000007e+00	7.009999999999999565e-01
1.563806959406250000e+09	3.883999999999999897e+00	7.019999999999999574e-01
1.563806959750000000e+09	3.882000000000000117e+00	7.009999999999999565e-01
1.563806960000000000e+09	3.883000000000000007e+00	7.019999999999999574e-01
1.563806960156250000e+09	3.886000000000000121e+00	7.009999999999999565e-01
1.563806960265625000e+09	3.883999999999999897e+00	7.019999999999999574e-01
1.563806960359375000e+09	3.883999999999999897e+00	7.019999999999999574e-01
1.563806960468750000e+09	3.886000000000000121e+00	7.009999999999999565e-01
1.563806960578125000e+09	3.883999999999999897e+00	7.019999999999999574e-01
1.563806961015625000e+09	3.887000000000000011e+00	7.019999999999999574e-01
1.563806961203125000e+09	3.886000000000000121e+00	7.009999999999999565e-01
1.563806961312500000e+09	3.887000000000000011e+00	7.019999999999999574e-01
1.563806961421875000e+09	3.886000000000000121e+00	7.019999999999999574e-01
1.563806961531250000e+09	3.883999999999999897e+00	7.019999999999999574e-01
1.563806961640625000e+09	3.887000000000000011e+00	7.009999999999999565e-01
1.563806961890625000e+09	3.884999999999999787e+00	7.009999999999999565e-01
1.563806962125000000e+09	3.884999999999999787e+00	7.019999999999999574e-01
1.563806962312500000e+09	3.886000000000000121e+00	7.009999999999999565e-01
1.563806962421875000e+09	3.886000000000000121e+00	7.009999999999999565e-01
1.563806962515625000e+09	3.883999999999999897e+00	7.019999999999999574e-01
1.563806962625000000e+09	3.883999999999999897e+00	7.009999999999999565e-01
1.563806962734375000e+09	3.884999999999999787e+00	7.019999999999999574e-01
1.563806962953125000e+09	3.883000000000000007e+00	7.019999999999999574e-01
1.563806963234375000e+09	3.883000000000000007e+00	7.019999999999999574e-01
1.563806963390625000e+09	3.884999999999999787e+00	7.009999999999999565e-01
1.563806963500000000e+09	3.883999999999999897e+00	7.009999999999999565e-01
1.563806963593750000e+09	3.883999999999999897e+00	7.009999999999999565e-01
1.563806963703125000e+09	3.883000000000000007e+00	7.019999999999999574e-01
1.563806963812500000e+09	3.882000000000000117e+00	7.019999999999999574e-01
1.563806964015625000e+09	3.883000000000000007e+00	7.019999999999999574e-01
1.563806964312500000e+09	3.882000000000000117e+00	7.019999999999999574e-01
1.563806964484375000e+09	3.883999999999999897e+00	7.019999999999999574e-01
1.563806964593750000e+09	3.883999999999999897e+00	7.009999999999999565e-01
1.563806964703125000e+09	3.882000000000000117e+00	7.019999999999999574e-01
1.563806964812500000e+09	3.883999999999999897e+00	7.009999999999999565e-01
1.563806964921875000e+09	3.883999999999999897e+00	7.019999999999999574e-01
1.563806965078125000e+09	3.883999999999999897e+00	7.019999999999999574e-01
1.563806965390625000e+09	3.883999999999999897e+00	7.019999999999999574e-01
1.563806965593750000e+09	3.884999999999999787e+00	7.019999999999999574e-01
1.563806965703125000e+09	3.883999999999999897e+00	7.019999999999999574e-01
1.563806965796875000e+09	3.883999999999999897e+00	7.019999999999999574e-01
1.563806965906250000e+09	3.883000000000000007e+00	7.019999999999999574e-01
1.563806966015625000e+09	3.883999999999999897e+00	7.019999999999999574e-01
1.563806966140625000e+09	3.882000000000000117e+00	7.009999999999999565e-01
1.563806966484375000e+09	3.883999999999999897e+00	7.019999999999999574e-01
1.563806966640625000e+09	3.883999999999999897e+00	7.019999999999999574e-01
1.563806966843750000e+09	3.883999999999999897e+00	7.019999999999999574e-01
1.563806966937500000e+09	3.882000000000000117e+00	7.009999999999999565e-01
1.563806967046875000e+09	3.883999999999999897e+00	7.019999999999999574e-01
1.563806967156250000e+09	3.882000000000000117e+00	7.019999999999999574e-01
1.563806967265625000e+09	3.880999999999999783e+00	7.019999999999999574e-01
1.563806967562500000e+09	3.883000000000000007e+00	7.019999999999999574e-01
1.563806967781250000e+09	3.882000000000000117e+00	7.009999999999999565e-01
1.563806967937500000e+09	3.882000000000000117e+00	7.019999999999999574e-01
1.563806968046875000e+09	3.880999999999999783e+00	7.019999999999999574e-01
1.563806968156250000e+09	3.883000000000000007e+00	7.019999999999999574e-01
1.563806968250000000e+09	3.883000000000000007e+00	7.009999999999999565e-01
1.563806968359375000e+09	3.883999999999999897e+00	7.019999999999999574e-01
1.563806968703125000e+09	3.884999999999999787e+00	7.019999999999999574e-01
1.563806968890625000e+09	3.886000000000000121e+00	7.019999999999999574e-01
1.563806969031250000e+09	3.887999999999999901e+00	7.019999999999999574e-01
1.563806969140625000e+09	3.886000000000000121e+00	7.019999999999999574e-01
1.563806969250000000e+09	3.886000000000000121e+00	7.019999999999999574e-01
1.563806969359375000e+09	3.886000000000000121e+00	7.009999999999999565e-01
1.563806969453125000e+09	3.886000000000000121e+00	7.019999999999999574e-01
1.563806969859375000e+09	3.887999999999999901e+00	7.009999999999999565e-01
1.563806970031250000e+09	3.886000000000000121e+00	7.019999999999999574e-01
1.563806970171875000e+09	3.886000000000000121e+00	7.019999999999999574e-01
1.563806970265625000e+09	3.884999999999999787e+00	7.019999999999999574e-01
1.563806970375000000e+09	3.887999999999999901e+00	7.019999999999999574e-01
1.563806970484375000e+09	3.886000000000000121e+00	7.019999999999999574e-01
1.563806970593750000e+09	3.887000000000000011e+00	7.009999999999999565e-01
1.563806970921875000e+09	3.886000000000000121e+00	7.019999999999999574e-01
1.563806971109375000e+09	3.886000000000000121e+00	7.019999999999999574e-01
1.563806971250000000e+09	3.886000000000000121e+00	7.019999999999999574e-01
1.563806971359375000e+09	3.887999999999999901e+00	7.009999999999999565e-01
1.563806971453125000e+09	3.886000000000000121e+00	7.009999999999999565e-01
1.563806971562500000e+09	3.887999999999999901e+00	7.009999999999999565e-01
1.563806971671875000e+09	3.887000000000000011e+00	7.019999999999999574e-01
1.563806972046875000e+09	3.887000000000000011e+00	7.019999999999999574e-01
1.563806972203125000e+09	3.887000000000000011e+00	7.019999999999999574e-01
1.563806972359375000e+09	3.886000000000000121e+00	7.019999999999999574e-01
1.563806972468750000e+09	3.887000000000000011e+00	7.009999999999999565e-01
1.563806972578125000e+09	3.887999999999999901e+00	7.019999999999999574e-01
1.563806972687500000e+09	3.887999999999999901e+00	7.009999999999999565e-01
1.563806972781250000e+09	3.887000000000000011e+00	7.009999999999999565e-01
1.563806973046875000e+09	3.887999999999999901e+00	7.009999999999999565e-01
1.563806973312500000e+09	3.887999999999999901e+00	7.019999999999999574e-01
1.563806973453125000e+09	3.890000000000000124e+00	7.009999999999999565e-01
1.563806973562500000e+09	3.890000000000000124e+00	7.009999999999999565e-01
1.563806973671875000e+09	3.891000000000000014e+00	7.009999999999999565e-01
1.563806973781250000e+09	3.890000000000000124e+00	7.019999999999999574e-01
1.563806973890625000e+09	3.890000000000000124e+00	7.019999999999999574e-01
1.563806974312500000e+09	3.891000000000000014e+00	7.019999999999999574e-01
1.563806974515625000e+09	3.891999999999999904e+00	7.019999999999999574e-01
1.563806974671875000e+09	3.891999999999999904e+00	7.019999999999999574e-01
1.563806974781250000e+09	3.891999999999999904e+00	7.009999999999999565e-01
1.563806974890625000e+09	3.891999999999999904e+00	7.019999999999999574e-01
1.563806975000000000e+09	3.891000000000000014e+00	7.019999999999999574e-01
1.563806975109375000e+09	3.891999999999999904e+00	7.019999999999999574e-01
1.563806975359375000e+09	3.891999999999999904e+00	7.009999999999999565e-01
1.563806975593750000e+09	3.892999999999999794e+00	7.009999999999999565e-01
1.563806975750000000e+09	3.892999999999999794e+00	7.019999999999999574e-01
1.563806975859375000e+09	3.892999999999999794e+00	7.019999999999999574e-01
1.563806975953125000e+09	3.892999999999999794e+00	7.019999999999999574e-01
1.563806976062500000e+09	3.892999999999999794e+00	7.019999999999999574e-01
1.563806976171875000e+09	3.894000000000000128e+00	7.019999999999999574e-01
1.563806976468750000e+09	3.892999999999999794e+00	7.019999999999999574e-01
1.563806976703125000e+09	3.894000000000000128e+00	7.019999999999999574e-01
1.563806976875000000e+09	3.894000000000000128e+00	7.019999999999999574e-01
1.563806976968750000e+09	3.892999999999999794e+00	7.019999999999999574e-01
1.563806977078125000e+09	3.894000000000000128e+00	7.009999999999999565e-01
1.563806977187500000e+09	3.892999999999999794e+00	7.019999999999999574e-01
1.563806977296875000e+09	3.894000000000000128e+00	7.019999999999999574e-01
1.563806977515625000e+09	3.895000000000000018e+00	7.019999999999999574e-01
1.563806977781250000e+09	3.895000000000000018e+00	7.009999999999999565e-01
1.563806977984375000e+09	3.892999999999999794e+00	7.009999999999999565e-01
1.563806978093750000e+09	3.892999999999999794e+00	7.009999999999999565e-01
1.563806978203125000e+09	3.895000000000000018e+00	7.009999999999999565e-01
1.563806978296875000e+09	3.894000000000000128e+00	7.019999999999999574e-01
1.563806978406250000e+09	3.895000000000000018e+00	7.019999999999999574e-01
1.563806978625000000e+09	3.895999999999999908e+00	7.009999999999999565e-01
1.563806978890625000e+09	3.895000000000000018e+00	7.019999999999999574e-01
1.563806979093750000e+09	3.895000000000000018e+00	7.019999999999999574e-01
1.563806979203125000e+09	3.895000000000000018e+00	7.019999999999999574e-01
1.563806979312500000e+09	3.895000000000000018e+00	7.019999999999999574e-01
1.563806979421875000e+09	3.896999999999999797e+00	7.009999999999999565e-01
1.563806979515625000e+09	3.895000000000000018e+00	7.019999999999999574e-01
1.563806979843750000e+09	3.895000000000000018e+00	7.019999999999999574e-01
1.563806980046875000e+09	3.896999999999999797e+00	7.019999999999999574e-01
1.563806980218750000e+09	3.895000000000000018e+00	7.019999999999999574e-01
1.563806980328125000e+09	3.895000000000000018e+00	7.019999999999999574e-01
1.563806980437500000e+09	3.894000000000000128e+00	7.009999999999999565e-01
1.563806980546875000e+09	3.895000000000000018e+00	7.019999999999999574e-01
1.563806980640625000e+09	3.894000000000000128e+00	7.019999999999999574e-01
1.563806980906250000e+09	3.895000000000000018e+00	7.009999999999999565e-01
1.563806981140625000e+09	3.895000000000000018e+00	7.019999999999999574e-01
1.563806981390625000e+09	3.895999999999999908e+00	7.009999999999999565e-01
1.563806981500000000e+09	3.895000000000000018e+00	7.019999999999999574e-01
1.563806981609375000e+09	3.895000000000000018e+00	7.019999999999999574e-01
1.563806981718750000e+09	3.895999999999999908e+00	7.019999999999999574e-01
1.563806981828125000e+09	3.895999999999999908e+00	7.009999999999999565e-01
1.563806982078125000e+09	3.895999999999999908e+00	7.009999999999999565e-01
1.563806982343750000e+09	3.895999999999999908e+00	7.019999999999999574e-01
1.563806982515625000e+09	3.896999999999999797e+00	7.019999999999999574e-01
1.563806982625000000e+09	3.898000000000000131e+00	7.009999999999999565e-01
1.563806982734375000e+09	3.898000000000000131e+00	7.019999999999999574e-01
1.563806982843750000e+09	3.899000000000000021e+00	7.009999999999999565e-01
1.563806982953125000e+09	3.899999999999999911e+00	7.019999999999999574e-01
1.563806983140625000e+09	3.900999999999999801e+00	7.009999999999999565e-01
1.563806983437500000e+09	3.900999999999999801e+00	7.009999999999999565e-01
1.563806983625000000e+09	3.902000000000000135e+00	7.019999999999999574e-01
1.563806983718750000e+09	3.900999999999999801e+00	7.009999999999999565e-01
1.563806983828125000e+09	3.900999999999999801e+00	7.019999999999999574e-01
1.563806983937500000e+09	3.902000000000000135e+00	7.019999999999999574e-01
1.563806984046875000e+09	3.900999999999999801e+00	7.019999999999999574e-01
1.563806984203125000e+09	3.899999999999999911e+00	7.019999999999999574e-01
1.563806984468750000e+09	3.900999999999999801e+00	7.009999999999999565e-01
1.563806984640625000e+09	3.900999999999999801e+00	7.009999999999999565e-01
1.563806984781250000e+09	3.899999999999999911e+00	7.019999999999999574e-01
1.563806984890625000e+09	3.899999999999999911e+00	7.009999999999999565e-01
1.563806985000000000e+09	3.900999999999999801e+00	7.019999999999999574e-01
1.563806985109375000e+09	3.900999999999999801e+00	7.019999999999999574e-01
1.563806985203125000e+09	3.899000000000000021e+00	7.019999999999999574e-01
1.563806985515625000e+09	3.899000000000000021e+00	7.019999999999999574e-01
1.563806985703125000e+09	3.902000000000000135e+00	7.019999999999999574e-01
1.563806985875000000e+09	3.900999999999999801e+00	7.019999999999999574e-01
1.563806985984375000e+09	3.900999999999999801e+00	7.009999999999999565e-01
1.563806986093750000e+09	3.900999999999999801e+00	7.009999999999999565e-01
1.563806986203125000e+09	3.900999999999999801e+00	7.009999999999999565e-01
1.563806986312500000e+09	3.902000000000000135e+00	7.019999999999999574e-01
1.563806986500000000e+09	3.902000000000000135e+00	7.009999999999999565e-01
1.563806986765625000e+09	3.902000000000000135e+00	7.019999999999999574e-01
1.563806986906250000e+09	3.900999999999999801e+00	7.009999999999999565e-01
1.563806987046875000e+09	3.903000000000000025e+00	7.019999999999999574e-01
1.563806987140625000e+09	3.900999999999999801e+00	7.019999999999999574e-01
1.563806987250000000e+09	3.900999999999999801e+00	7.019999999999999574e-01
1.563806987359375000e+09	3.902000000000000135e+00	7.019999999999999574e-01
1.563806987468750000e+09	3.902000000000000135e+00	7.009999999999999565e-01
1.563806987828125000e+09	3.900999999999999801e+00	7.009999999999999565e-01
1.563806988046875000e+09	3.902000000000000135e+00	7.009999999999999565e-01
1.563806988156250000e+09	3.902000000000000135e+00	7.009999999999999565e-01
1.563806988265625000e+09	3.900999999999999801e+00	7.019999999999999574e-01
1.563806988375000000e+09	3.902000000000000135e+00	7.009999999999999565e-01
1.563806988484375000e+09	3.902000000000000135e+00	7.009999999999999565e-01
1.563806988593750000e+09	3.900999999999999801e+00	7.019999999999999574e-01
1.563806988968750000e+09	3.902000000000000135e+00	7.009999999999999565e-01
1.563806989156250000e+09	3.902000000000000135e+00	7.019999999999999574e-01
1.563806989328125000e+09	3.902000000000000135e+00	7.019999999999999574e-01
1.563806989421875000e+09	3.900999999999999801e+00	7.019999999999999574e-01
1.563806989531250000e+09	3.900999999999999801e+00	7.019999999999999574e-01
1.563806989640625000e+09	3.902000000000000135e+00	7.019999999999999574e-01
1.563806989750000000e+09	3.900999999999999801e+00	7.009999999999999565e-01
1.563806990031250000e+09	3.900999999999999801e+00	7.019999999999999574e-01
1.563806990265625000e+09	3.899999999999999911e+00	7.019999999999999574e-01
1.563806990437500000e+09	3.902000000000000135e+00	7.009999999999999565e-01
1.563806990546875000e+09	3.900999999999999801e+00	7.019999999999999574e-01
1.563806990656250000e+09	3.902000000000000135e+00	7.019999999999999574e-01
1.563806990765625000e+09	3.902000000000000135e+00	7.019999999999999574e-01
1.563806990875000000e+09	3.900999999999999801e+00	7.019999999999999574e-01
1.563806991156250000e+09	3.902000000000000135e+00	7.009999999999999565e-01
1.563806991390625000e+09	3.902000000000000135e+00	7.009999999999999565e-01
1.563806991562500000e+09	3.903000000000000025e+00	7.019999999999999574e-01
1.563806991671875000e+09	3.903999999999999915e+00	7.009999999999999565e-01
1.563806991781250000e+09	3.906000000000000139e+00	7.019999999999999574e-01
1.563806991890625000e+09	3.906000000000000139e+00	7.019999999999999574e-01
1.563806991984375000e+09	3.906000000000000139e+00	7.019999999999999574e-01
1.563806992171875000e+09	3.906000000000000139e+00	7.019999999999999574e-01
1.563806992468750000e+09	3.907999999999999918e+00	7.019999999999999574e-01
1.563806992687500000e+09	3.907000000000000028e+00	7.009999999999999565e-01
1.563806992796875000e+09	3.907999999999999918e+00	7.019999999999999574e-01
1.563806992906250000e+09	3.906000000000000139e+00	7.019999999999999574e-01
1.563806993015625000e+09	3.904999999999999805e+00	7.019999999999999574e-01
1.563806993125000000e+09	3.907999999999999918e+00	7.009999999999999565e-01
1.563806993343750000e+09	3.906000000000000139e+00	7.019999999999999574e-01
1.563806993640625000e+09	3.906000000000000139e+00	7.019999999999999574e-01
1.563806993812500000e+09	3.906000000000000139e+00	7.009999999999999565e-01
1.563806993921875000e+09	3.906000000000000139e+00	7.019999999999999574e-01
1.563806994031250000e+09	3.907000000000000028e+00	7.019999999999999574e-01
1.563806994140625000e+09	3.907999999999999918e+00	7.009999999999999565e-01
1.563806994250000000e+09	3.906000000000000139e+00	7.009999999999999565e-01
1.563806994468750000e+09	3.904999999999999805e+00	7.019999999999999574e-01
1.563806994718750000e+09	3.906000000000000139e+00	7.019999999999999574e-01
1.563806994921875000e+09	3.906000000000000139e+00	7.019999999999999574e-01
1.563806995031250000e+09	3.907999999999999918e+00	7.019999999999999574e-01
1.563806995140625000e+09	3.906000000000000139e+00	7.019999999999999574e-01
1.563806995234375000e+09	3.906000000000000139e+00	7.019999999999999574e-01
1.563806995343750000e+09	3.907000000000000028e+00	7.019999999999999574e-01
1.563806995546875000e+09	3.907999999999999918e+00	7.019999999999999574e-01
1.563806995875000000e+09	3.910000000000000142e+00	7.019999999999999574e-01
1.563806996078125000e+09	3.910000000000000142e+00	7.009999999999999565e-01
1.563806996203125000e+09	3.910000000000000142e+00	7.019999999999999574e-01
1.563806996312500000e+09	3.910000000000000142e+00	7.019999999999999574e-01
1.563806996406250000e+09	3.907999999999999918e+00	7.009999999999999565e-01
1.563806996515625000e+09	3.910000000000000142e+00	7.019999999999999574e-01
1.563806996750000000e+09	3.911999999999999922e+00	7.009999999999999565e-01
1.563806996953125000e+09	3.911999999999999922e+00	7.009999999999999565e-01
1.563806997109375000e+09	3.911999999999999922e+00	7.019999999999999574e-01
1.563806997234375000e+09	3.914000000000000146e+00	7.019999999999999574e-01
1.563806997343750000e+09	3.911999999999999922e+00	7.019999999999999574e-01
1.563806997453125000e+09	3.911000000000000032e+00	7.019999999999999574e-01
1.563806997562500000e+09	3.912999999999999812e+00	7.019999999999999574e-01
1.563806997671875000e+09	3.914000000000000146e+00	7.009999999999999565e-01
1.563806998015625000e+09	3.910000000000000142e+00	7.019999999999999574e-01
1.563806998187500000e+09	3.911000000000000032e+00	7.019999999999999574e-01
1.563806998328125000e+09	3.910000000000000142e+00	7.009999999999999565e-01
1.563806998437500000e+09	3.910000000000000142e+00	7.019999999999999574e-01
1.563806998531250000e+09	3.911000000000000032e+00	7.019999999999999574e-01
1.563806998640625000e+09	3.911000000000000032e+00	7.019999999999999574e-01
1.563806998750000000e+09	3.911999999999999922e+00	7.019999999999999574e-01
1.563806999046875000e+09	3.910000000000000142e+00	7.019999999999999574e-01
1.563806999265625000e+09	3.910000000000000142e+00	7.019999999999999574e-01
1.563806999406250000e+09	3.910000000000000142e+00	7.019999999999999574e-01
1.563806999515625000e+09	3.911000000000000032e+00	7.019999999999999574e-01
1.563806999625000000e+09	3.910000000000000142e+00	7.019999999999999574e-01
1.563806999734375000e+09	3.910000000000000142e+00	7.019999999999999574e-01
1.563806999843750000e+09	3.910000000000000142e+00	7.019999999999999574e-01
1.563807000140625000e+09	3.910000000000000142e+00	7.019999999999999574e-01
1.563807000359375000e+09	3.910000000000000142e+00	7.019999999999999574e-01
1.563807000500000000e+09	3.911000000000000032e+00	7.009999999999999565e-01
1.563807000609375000e+09	3.910000000000000142e+00	7.009999999999999565e-01
1.563807000718750000e+09	3.907999999999999918e+00	7.019999999999999574e-01
1.563807000828125000e+09	3.911000000000000032e+00	7.019999999999999574e-01
1.563807000921875000e+09	3.911999999999999922e+00	7.009999999999999565e-01
1.563807001218750000e+09	3.910000000000000142e+00	7.019999999999999574e-01
1.563807001453125000e+09	3.914000000000000146e+00	7.019999999999999574e-01
1.563807001593750000e+09	3.912999999999999812e+00	7.019999999999999574e-01
1.563807001703125000e+09	3.915000000000000036e+00	7.009999999999999565e-01
1.563807001812500000e+09	3.915000000000000036e+00	7.009999999999999565e-01
1.563807001906250000e+09	3.915000000000000036e+00	7.019999999999999574e-01
1.563807002015625000e+09	3.915999999999999925e+00	7.019999999999999574e-01
1.563807002343750000e+09	3.915000000000000036e+00	7.009999999999999565e-01
1.563807002546875000e+09	3.915000000000000036e+00	7.019999999999999574e-01
1.563807002687500000e+09	3.915000000000000036e+00	7.019999999999999574e-01
1.563807002796875000e+09	3.915000000000000036e+00	7.019999999999999574e-01
1.563807002906250000e+09	3.914000000000000146e+00	7.009999999999999565e-01
1.563807003015625000e+09	3.912999999999999812e+00	7.019999999999999574e-01
1.563807003125000000e+09	3.914000000000000146e+00	7.019999999999999574e-01
1.563807003515625000e+09	3.914000000000000146e+00	7.019999999999999574e-01
1.563807003718750000e+09	3.914000000000000146e+00	7.019999999999999574e-01
1.563807003875000000e+09	3.911999999999999922e+00	7.019999999999999574e-01
1.563807003984375000e+09	3.911000000000000032e+00	7.009999999999999565e-01
1.563807004093750000e+09	3.911999999999999922e+00	7.019999999999999574e-01
1.563807004203125000e+09	3.914000000000000146e+00	7.009999999999999565e-01
1.563807004296875000e+09	3.914000000000000146e+00	7.019999999999999574e-01
1.563807004562500000e+09	3.914000000000000146e+00	7.019999999999999574e-01
1.563807004781250000e+09	3.912999999999999812e+00	7.009999999999999565e-01
1.563807004921875000e+09	3.911000000000000032e+00	7.009999999999999565e-01
1.563807005031250000e+09	3.911999999999999922e+00	7.009999999999999565e-01
1.563807005125000000e+09	3.911000000000000032e+00	7.019999999999999574e-01
1.563807005234375000e+09	3.911999999999999922e+00	7.019999999999999574e-01
1.563807005343750000e+09	3.912999999999999812e+00	7.019999999999999574e-01
1.563807005609375000e+09	3.910000000000000142e+00	7.019999999999999574e-01
1.563807005828125000e+09	3.911999999999999922e+00	7.009999999999999565e-01
1.563807006046875000e+09	3.912999999999999812e+00	7.019999999999999574e-01
1.563807006156250000e+09	3.914000000000000146e+00	7.019999999999999574e-01
1.563807006250000000e+09	3.914000000000000146e+00	7.019999999999999574e-01
1.563807006359375000e+09	3.915000000000000036e+00	7.019999999999999574e-01
1.563807006468750000e+09	3.914000000000000146e+00	7.019999999999999574e-01
1.563807006718750000e+09	3.914000000000000146e+00	7.019999999999999574e-01
1.563807006968750000e+09	3.915000000000000036e+00	7.019999999999999574e-01
1.563807007140625000e+09	3.915000000000000036e+00	7.019999999999999574e-01
1.563807007250000000e+09	3.915000000000000036e+00	7.019999999999999574e-01
1.563807007359375000e+09	3.914000000000000146e+00	7.009999999999999565e-01
1.563807007468750000e+09	3.914000000000000146e+00	7.009999999999999565e-01
1.563807007562500000e+09	3.914000000000000146e+00	7.019999999999999574e-01
1.563807007843750000e+09	3.914000000000000146e+00	7.009999999999999565e-01
1.563807008093750000e+09	3.914000000000000146e+00	7.019999999999999574e-01
1.563807008250000000e+09	3.914000000000000146e+00	7.019999999999999574e-01
1.563807008359375000e+09	3.914000000000000146e+00	7.019999999999999574e-01
1.563807008468750000e+09	3.915000000000000036e+00	7.019999999999999574e-01
1.563807008578125000e+09	3.914000000000000146e+00	7.019999999999999574e-01
1.563807008671875000e+09	3.915000000000000036e+00	7.009999999999999565e-01
1.563807008921875000e+09	3.914000000000000146e+00	7.009999999999999565e-01
1.563807009156250000e+09	3.915000000000000036e+00	7.019999999999999574e-01
1.563807009343750000e+09	3.915999999999999925e+00	7.009999999999999565e-01
1.563807009453125000e+09	3.914000000000000146e+00	7.019999999999999574e-01
1.563807009562500000e+09	3.915999999999999925e+00	7.009999999999999565e-01
1.563807009671875000e+09	3.915000000000000036e+00	7.009999999999999565e-01
1.563807009781250000e+09	3.914000000000000146e+00	7.019999999999999574e-01
1.563807010031250000e+09	3.915999999999999925e+00	7.019999999999999574e-01
1.563807010359375000e+09	3.919000000000000039e+00	7.019999999999999574e-01
1.563807010531250000e+09	3.916999999999999815e+00	7.009999999999999565e-01
1.563807010656250000e+09	3.916999999999999815e+00	7.019999999999999574e-01
1.563807010750000000e+09	3.916999999999999815e+00	7.019999999999999574e-01
1.563807010859375000e+09	3.918000000000000149e+00	7.009999999999999565e-01
1.563807010968750000e+09	3.916999999999999815e+00	7.019999999999999574e-01
1.563807011203125000e+09	3.915999999999999925e+00	7.019999999999999574e-01
1.563807011453125000e+09	3.919000000000000039e+00	7.019999999999999574e-01
1.563807011640625000e+09	3.916999999999999815e+00	7.019999999999999574e-01
1.563807011750000000e+09	3.916999999999999815e+00	7.009999999999999565e-01
1.563807011843750000e+09	3.918000000000000149e+00	7.009999999999999565e-01
1.563807011953125000e+09	3.916999999999999815e+00	7.019999999999999574e-01
1.563807012062500000e+09	3.918000000000000149e+00	7.019999999999999574e-01
1.563807012328125000e+09	3.918000000000000149e+00	7.009999999999999565e-01
1.563807012515625000e+09	3.919000000000000039e+00	7.019999999999999574e-01
1.563807012734375000e+09	3.918000000000000149e+00	7.019999999999999574e-01
1.563807012843750000e+09	3.918000000000000149e+00	7.019999999999999574e-01
1.563807012937500000e+09	3.919000000000000039e+00	7.009999999999999565e-01
1.563807013046875000e+09	3.919999999999999929e+00	7.019999999999999574e-01
1.563807013156250000e+09	3.919000000000000039e+00	7.019999999999999574e-01
1.563807013375000000e+09	3.919000000000000039e+00	7.019999999999999574e-01
1.563807013609375000e+09	3.919000000000000039e+00	7.019999999999999574e-01
1.563807013828125000e+09	3.919000000000000039e+00	7.019999999999999574e-01
1.563807013921875000e+09	3.919000000000000039e+00	7.009999999999999565e-01
1.563807014031250000e+09	3.919000000000000039e+00	7.019999999999999574e-01
1.563807014140625000e+09	3.919000000000000039e+00	7.019999999999999574e-01
1.563807014250000000e+09	3.919000000000000039e+00	7.019999999999999574e-01
1.563807014468750000e+09	3.920999999999999819e+00	7.019999999999999574e-01
1.563807014703125000e+09	3.920999999999999819e+00	7.019999999999999574e-01
1.563807014843750000e+09	3.923000000000000043e+00	7.019999999999999574e-01
1.563807014968750000e+09	3.923000000000000043e+00	7.009999999999999565e-01
1.563807015078125000e+09	3.923000000000000043e+00	7.019999999999999574e-01
1.563807015187500000e+09	3.923000000000000043e+00	7.019999999999999574e-01
1.563807015296875000e+09	3.923000000000000043e+00	7.019999999999999574e-01
1.563807015390625000e+09	3.923000000000000043e+00	7.009999999999999565e-01
1.563807015687500000e+09	3.922000000000000153e+00	7.019999999999999574e-01
1.563807015906250000e+09	3.920999999999999819e+00	7.009999999999999565e-01
1.563807016078125000e+09	3.922000000000000153e+00	7.009999999999999565e-01
1.563807016187500000e+09	3.923000000000000043e+00	7.019999999999999574e-01
1.563807016296875000e+09	3.922000000000000153e+00	7.019999999999999574e-01
1.563807016390625000e+09	3.922000000000000153e+00	7.019999999999999574e-01
1.563807016500000000e+09	3.923000000000000043e+00	7.009999999999999565e-01
1.563807016781250000e+09	3.920999999999999819e+00	7.019999999999999574e-01
1.563807017015625000e+09	3.923000000000000043e+00	7.019999999999999574e-01
1.563807017171875000e+09	3.920999999999999819e+00	7.019999999999999574e-01
1.563807017281250000e+09	3.919999999999999929e+00	7.019999999999999574e-01
1.563807017375000000e+09	3.922000000000000153e+00	7.009999999999999565e-01
1.563807017484375000e+09	3.923000000000000043e+00	7.019999999999999574e-01
1.563807017593750000e+09	3.920999999999999819e+00	7.009999999999999565e-01
1.563807017828125000e+09	3.920999999999999819e+00	7.019999999999999574e-01
1.563807018109375000e+09	3.920999999999999819e+00	7.009999999999999565e-01
1.563807018312500000e+09	3.920999999999999819e+00	7.009999999999999565e-01
1.563807018421875000e+09	3.922000000000000153e+00	7.019999999999999574e-01
1.563807018515625000e+09	3.920999999999999819e+00	7.009999999999999565e-01
1.563807018640625000e+09	3.919999999999999929e+00	7.019999999999999574e-01
1.563807018734375000e+09	3.920999999999999819e+00	7.009999999999999565e-01
1.563807019015625000e+09	3.922000000000000153e+00	7.019999999999999574e-01
1.563807019250000000e+09	3.920999999999999819e+00	7.009999999999999565e-01
1.563807019406250000e+09	3.922000000000000153e+00	7.019999999999999574e-01
1.563807019515625000e+09	3.922000000000000153e+00	7.019999999999999574e-01
1.563807019625000000e+09	3.919999999999999929e+00	7.019999999999999574e-01
1.563807019734375000e+09	3.923000000000000043e+00	7.019999999999999574e-01
1.563807019828125000e+09	3.920999999999999819e+00	7.019999999999999574e-01
1.563807020062500000e+09	3.919999999999999929e+00	7.019999999999999574e-01
1.563807020296875000e+09	3.922000000000000153e+00	7.019999999999999574e-01
1.563807020500000000e+09	3.920999999999999819e+00	7.009999999999999565e-01
1.563807020609375000e+09	3.919000000000000039e+00	7.019999999999999574e-01
1.563807020718750000e+09	3.919999999999999929e+00	7.009999999999999565e-01
1.563807020828125000e+09	3.920999999999999819e+00	7.009999999999999565e-01
1.563807020937500000e+09	3.920999999999999819e+00	7.019999999999999574e-01
1.563807021203125000e+09	3.923000000000000043e+00	7.009999999999999565e-01
1.563807021437500000e+09	3.923000000000000043e+00	7.019999999999999574e-01
1.563807021593750000e+09	3.923999999999999932e+00	7.019999999999999574e-01
1.563807021703125000e+09	3.922000000000000153e+00	7.019999999999999574e-01
1.563807021812500000e+09	3.923000000000000043e+00	7.019999999999999574e-01
1.563807021906250000e+09	3.920999999999999819e+00	7.019999999999999574e-01
1.563807022015625000e+09	3.923000000000000043e+00	7.009999999999999565e-01
1.563807022265625000e+09	3.923000000000000043e+00	7.009999999999999565e-01
1.563807022484375000e+09	3.923999999999999932e+00	7.009999999999999565e-01
1.563807022687500000e+09	3.922000000000000153e+00	7.009999999999999565e-01
1.563807022796875000e+09	3.923000000000000043e+00	7.019999999999999574e-01
1.563807022906250000e+09	3.923000000000000043e+00	7.019999999999999574e-01
1.563807023015625000e+09	3.922000000000000153e+00	7.019999999999999574e-01
1.563807023125000000e+09	3.924999999999999822e+00	7.019999999999999574e-01
1.563807023375000000e+09	3.923999999999999932e+00	7.019999999999999574e-01
1.563807023593750000e+09	3.923000000000000043e+00	7.009999999999999565e-01
1.563807023718750000e+09	3.924999999999999822e+00	7.019999999999999574e-01
1.563807023859375000e+09	3.927000000000000046e+00	7.009999999999999565e-01
1.563807023968750000e+09	3.926000000000000156e+00	7.019999999999999574e-01
1.563807024078125000e+09	3.924999999999999822e+00	7.009999999999999565e-01
1.563807024187500000e+09	3.926000000000000156e+00	7.009999999999999565e-01
1.563807024296875000e+09	3.927000000000000046e+00	7.019999999999999574e-01
1.563807024687500000e+09	3.926000000000000156e+00	7.009999999999999565e-01
1.563807024828125000e+09	3.926000000000000156e+00	7.019999999999999574e-01
1.563807025062500000e+09	3.926000000000000156e+00	7.019999999999999574e-01
1.563807025171875000e+09	3.926000000000000156e+00	7.019999999999999574e-01
1.563807025281250000e+09	3.926000000000000156e+00	7.019999999999999574e-01
1.563807025390625000e+09	3.926000000000000156e+00	7.019999999999999574e-01
1.563807025500000000e+09	3.924999999999999822e+00	7.019999999999999574e-01
1.563807025781250000e+09	3.926000000000000156e+00	7.019999999999999574e-01
1.563807026031250000e+09	3.924999999999999822e+00	7.019999999999999574e-01
1.563807026203125000e+09	3.924999999999999822e+00	7.009999999999999565e-01
1.563807026312500000e+09	3.926000000000000156e+00	7.009999999999999565e-01
1.563807026421875000e+09	3.926000000000000156e+00	7.019999999999999574e-01
1.563807026515625000e+09	3.926000000000000156e+00	7.019999999999999574e-01
1.563807026625000000e+09	3.924999999999999822e+00	7.019999999999999574e-01
1.563807026937500000e+09	3.924999999999999822e+00	7.019999999999999574e-01
1.563807027140625000e+09	3.926000000000000156e+00	7.019999999999999574e-01
1.563807027296875000e+09	3.926000000000000156e+00	7.019999999999999574e-01
1.563807027406250000e+09	3.927000000000000046e+00	7.009999999999999565e-01
1.563807027515625000e+09	3.924999999999999822e+00	7.009999999999999565e-01
1.563807027625000000e+09	3.926000000000000156e+00	7.019999999999999574e-01
1.563807027734375000e+09	3.927000000000000046e+00	7.019999999999999574e-01
1.563807028015625000e+09	3.927000000000000046e+00	7.019999999999999574e-01
1.563807028203125000e+09	3.927000000000000046e+00	7.019999999999999574e-01
1.563807028359375000e+09	3.927999999999999936e+00	7.019999999999999574e-01
1.563807028453125000e+09	3.927000000000000046e+00	7.009999999999999565e-01
1.563807028562500000e+09	3.927999999999999936e+00	7.009999999999999565e-01
1.563807028671875000e+09	3.928999999999999826e+00	7.019999999999999574e-01
1.563807028781250000e+09	3.927999999999999936e+00	7.019999999999999574e-01
1.563807029015625000e+09	3.928999999999999826e+00	7.009999999999999565e-01
1.563807029265625000e+09	3.927999999999999936e+00	7.019999999999999574e-01
1.563807029468750000e+09	3.928999999999999826e+00	7.009999999999999565e-01
1.563807029578125000e+09	3.928999999999999826e+00	7.019999999999999574e-01
1.563807029687500000e+09	3.930000000000000160e+00	7.009999999999999565e-01
1.563807029796875000e+09	3.928999999999999826e+00	7.019999999999999574e-01
1.563807029906250000e+09	3.927999999999999936e+00	7.009999999999999565e-01
1.563807030140625000e+09	3.928999999999999826e+00	7.019999999999999574e-01
1.563807030390625000e+09	3.927999999999999936e+00	7.019999999999999574e-01
1.563807030593750000e+09	3.927999999999999936e+00	7.009999999999999565e-01
1.563807030687500000e+09	3.927999999999999936e+00	7.009999999999999565e-01
1.563807030796875000e+09	3.927999999999999936e+00	7.019999999999999574e-01
1.563807030906250000e+09	3.927999999999999936e+00	7.009999999999999565e-01
1.563807031015625000e+09	3.927999999999999936e+00	7.019999999999999574e-01
1.563807031250000000e+09	3.927999999999999936e+00	7.019999999999999574e-01
1.563807031515625000e+09	3.928999999999999826e+00	7.019999999999999574e-01
1.563807031687500000e+09	3.930000000000000160e+00	7.009999999999999565e-01
1.563807031796875000e+09	3.927999999999999936e+00	7.019999999999999574e-01
1.563807031906250000e+09	3.928999999999999826e+00	7.019999999999999574e-01
1.563807032015625000e+09	3.930000000000000160e+00	7.019999999999999574e-01
1.563807032125000000e+09	3.930000000000000160e+00	7.019999999999999574e-01
1.563807032359375000e+09	3.930000000000000160e+00	7.019999999999999574e-01
1.563807032609375000e+09	3.931999999999999940e+00	7.019999999999999574e-01
1.563807032781250000e+09	3.931999999999999940e+00	7.019999999999999574e-01
1.563807032937500000e+09	3.931999999999999940e+00	7.009999999999999565e-01
1.563807033046875000e+09	3.931999999999999940e+00	7.019999999999999574e-01
1.563807033140625000e+09	3.931999999999999940e+00	7.019999999999999574e-01
1.563807033250000000e+09	3.931999999999999940e+00	7.019999999999999574e-01
1.563807033359375000e+09	3.930000000000000160e+00	7.019999999999999574e-01
1.563807033671875000e+09	3.931000000000000050e+00	7.019999999999999574e-01
1.563807033890625000e+09	3.931999999999999940e+00	7.009999999999999565e-01
1.563807034046875000e+09	3.930000000000000160e+00	7.009999999999999565e-01
1.563807034156250000e+09	3.931999999999999940e+00	7.019999999999999574e-01
1.563807034250000000e+09	3.931000000000000050e+00	7.019999999999999574e-01
1.563807034359375000e+09	3.931999999999999940e+00	7.009999999999999565e-01
1.563807034468750000e+09	3.931999999999999940e+00	7.019999999999999574e-01
1.563807034859375000e+09	3.931999999999999940e+00	7.019999999999999574e-01
1.563807035000000000e+09	3.931000000000000050e+00	7.019999999999999574e-01
1.563807035156250000e+09	3.930000000000000160e+00	7.019999999999999574e-01
1.563807035265625000e+09	3.931999999999999940e+00	7.019999999999999574e-01
1.563807035375000000e+09	3.931000000000000050e+00	7.009999999999999565e-01
1.563807035484375000e+09	3.930000000000000160e+00	7.009999999999999565e-01
1.563807035593750000e+09	3.931999999999999940e+00	7.019999999999999574e-01
1.563807035968750000e+09	3.931999999999999940e+00	7.019999999999999574e-01
1.563807036109375000e+09	3.931999999999999940e+00	7.019999999999999574e-01
1.563807036265625000e+09	3.931000000000000050e+00	7.009999999999999565e-01
1.563807036375000000e+09	3.932999999999999829e+00	7.019999999999999574e-01
1.563807036468750000e+09	3.931999999999999940e+00	7.019999999999999574e-01
1.563807036578125000e+09	3.931999999999999940e+00	7.019999999999999574e-01
1.563807036687500000e+09	3.934000000000000163e+00	7.019999999999999574e-01
1.563807037015625000e+09	3.931999999999999940e+00	7.009999999999999565e-01
1.563807037203125000e+09	3.931999999999999940e+00	7.019999999999999574e-01
1.563807037359375000e+09	3.931999999999999940e+00	7.009999999999999565e-01
1.563807037468750000e+09	3.932999999999999829e+00	7.009999999999999565e-01
1.563807037562500000e+09	3.932999999999999829e+00	7.019999999999999574e-01
1.563807037671875000e+09	3.934000000000000163e+00	7.019999999999999574e-01
1.563807037781250000e+09	3.931999999999999940e+00	7.019999999999999574e-01
1.563807038109375000e+09	3.932999999999999829e+00	7.009999999999999565e-01
1.563807038312500000e+09	3.932999999999999829e+00	7.019999999999999574e-01
1.563807038468750000e+09	3.931999999999999940e+00	7.019999999999999574e-01
1.563807038578125000e+09	3.931999999999999940e+00	7.019999999999999574e-01
1.563807038687500000e+09	3.931999999999999940e+00	7.019999999999999574e-01
1.563807038781250000e+09	3.931999999999999940e+00	7.019999999999999574e-01
1.563807038890625000e+09	3.934000000000000163e+00	7.009999999999999565e-01
1.563807039218750000e+09	3.931999999999999940e+00	7.009999999999999565e-01
1.563807039421875000e+09	3.931999999999999940e+00	7.009999999999999565e-01
1.563807039578125000e+09	3.931999999999999940e+00	7.019999999999999574e-01
1.563807039687500000e+09	3.931999999999999940e+00	7.009999999999999565e-01
1.563807039796875000e+09	3.931999999999999940e+00	7.019999999999999574e-01
1.563807039906250000e+09	3.932999999999999829e+00	7.009999999999999565e-01
1.563807040015625000e+09	3.931999999999999940e+00	7.019999999999999574e-01
1.563807040375000000e+09	3.931999999999999940e+00	7.019999999999999574e-01
1.563807040578125000e+09	3.931999999999999940e+00	7.009999999999999565e-01
1.563807040734375000e+09	3.931999999999999940e+00	7.019999999999999574e-01
1.563807040843750000e+09	3.931999999999999940e+00	7.019999999999999574e-01
1.563807040953125000e+09	3.932999999999999829e+00	7.019999999999999574e-01
1.563807041062500000e+09	3.931999999999999940e+00	7.019999999999999574e-01
1.563807041171875000e+09	3.932999999999999829e+00	7.009999999999999565e-01
1.563807041390625000e+09	3.934000000000000163e+00	7.019999999999999574e-01
1.563807041625000000e+09	3.934000000000000163e+00	7.009999999999999565e-01
1.563807041843750000e+09	3.934000000000000163e+00	7.019999999999999574e-01
1.563807041953125000e+09	3.934000000000000163e+00	7.009999999999999565e-01
1.563807042046875000e+09	3.934000000000000163e+00	7.019999999999999574e-01
1.563807042156250000e+09	3.934000000000000163e+00	7.019999999999999574e-01
1.563807042265625000e+09	3.932999999999999829e+00	7.009999999999999565e-01
1.563807042484375000e+09	3.934000000000000163e+00	7.019999999999999574e-01
1.563807042703125000e+09	3.932999999999999829e+00	7.019999999999999574e-01
1.563807042859375000e+09	3.931999999999999940e+00	7.019999999999999574e-01
1.563807043000000000e+09	3.931999999999999940e+00	7.009999999999999565e-01
1.563807043109375000e+09	3.931999999999999940e+00	7.009999999999999565e-01
1.563807043218750000e+09	3.931999999999999940e+00	7.019999999999999574e-01
1.563807043328125000e+09	3.931999999999999940e+00	7.009999999999999565e-01
1.563807043437500000e+09	3.931999999999999940e+00	7.019999999999999574e-01
1.563807043703125000e+09	3.934000000000000163e+00	7.019999999999999574e-01
1.563807043906250000e+09	3.931999999999999940e+00	7.019999999999999574e-01
1.563807044078125000e+09	3.932999999999999829e+00	7.019999999999999574e-01
1.563807044187500000e+09	3.932999999999999829e+00	7.009999999999999565e-01
1.563807044281250000e+09	3.934000000000000163e+00	7.019999999999999574e-01
1.563807044390625000e+09	3.932999999999999829e+00	7.009999999999999565e-01
1.563807044500000000e+09	3.931999999999999940e+00	7.019999999999999574e-01
1.563807044796875000e+09	3.932999999999999829e+00	7.009999999999999565e-01
1.563807045031250000e+09	3.932999999999999829e+00	7.009999999999999565e-01
1.563807045187500000e+09	3.935999999999999943e+00	7.009999999999999565e-01
1.563807045296875000e+09	3.934000000000000163e+00	7.019999999999999574e-01
1.563807045406250000e+09	3.932999999999999829e+00	7.019999999999999574e-01
1.563807045515625000e+09	3.935000000000000053e+00	7.009999999999999565e-01
1.563807045609375000e+09	3.934000000000000163e+00	7.019999999999999574e-01
1.563807045859375000e+09	3.932999999999999829e+00	7.019999999999999574e-01
1.563807046078125000e+09	3.934000000000000163e+00	7.009999999999999565e-01
1.563807046296875000e+09	3.935999999999999943e+00	7.019999999999999574e-01
1.563807046406250000e+09	3.934000000000000163e+00	7.019999999999999574e-01
1.563807046515625000e+09	3.935000000000000053e+00	7.019999999999999574e-01
1.563807046625000000e+09	3.935000000000000053e+00	7.019999999999999574e-01
1.563807046718750000e+09	3.934000000000000163e+00	7.009999999999999565e-01
1.563807046953125000e+09	3.935999999999999943e+00	7.019999999999999574e-01
1.563807047265625000e+09	3.934000000000000163e+00	7.019999999999999574e-01
1.563807047406250000e+09	3.932999999999999829e+00	7.019999999999999574e-01
1.563807047531250000e+09	3.932999999999999829e+00	7.019999999999999574e-01
1.563807047640625000e+09	3.931999999999999940e+00	7.019999999999999574e-01
1.563807047750000000e+09	3.934000000000000163e+00	7.009999999999999565e-01
1.563807047843750000e+09	3.935000000000000053e+00	7.009999999999999565e-01
1.563807047953125000e+09	3.931999999999999940e+00	7.019999999999999574e-01
1.563807048265625000e+09	3.934000000000000163e+00	7.019999999999999574e-01
1.563807048453125000e+09	3.931000000000000050e+00	7.019999999999999574e-01
1.563807048609375000e+09	3.931999999999999940e+00	7.009999999999999565e-01
1.563807048718750000e+09	3.931000000000000050e+00	7.019999999999999574e-01
1.563807048828125000e+09	3.932999999999999829e+00	7.019999999999999574e-01
1.563807048937500000e+09	3.934000000000000163e+00	7.019999999999999574e-01
1.563807049046875000e+09	3.931999999999999940e+00	7.019999999999999574e-01
1.563807049281250000e+09	3.932999999999999829e+00	7.009999999999999565e-01
1.563807049562500000e+09	3.932999999999999829e+00	7.019999999999999574e-01
1.563807049750000000e+09	3.934000000000000163e+00	7.019999999999999574e-01
1.563807049859375000e+09	3.935000000000000053e+00	7.019999999999999574e-01
1.563807049968750000e+09	3.935999999999999943e+00	7.019999999999999574e-01
1.563807050078125000e+09	3.935999999999999943e+00	7.009999999999999565e-01
1.563807050171875000e+09	3.934000000000000163e+00	7.019999999999999574e-01
1.563807050375000000e+09	3.935999999999999943e+00	7.019999999999999574e-01
1.563807050640625000e+09	3.935999999999999943e+00	7.019999999999999574e-01
1.563807050781250000e+09	3.935999999999999943e+00	7.009999999999999565e-01
1.563807050906250000e+09	3.938000000000000167e+00	7.009999999999999565e-01
1.563807051015625000e+09	3.935999999999999943e+00	7.019999999999999574e-01
1.563807051125000000e+09	3.935999999999999943e+00	7.019999999999999574e-01
1.563807051218750000e+09	3.936999999999999833e+00	7.019999999999999574e-01
1.563807051328125000e+09	3.938000000000000167e+00	7.019999999999999574e-01
1.563807051703125000e+09	3.938000000000000167e+00	7.019999999999999574e-01
1.563807051890625000e+09	3.938000000000000167e+00	7.009999999999999565e-01
1.563807052015625000e+09	3.935999999999999943e+00	7.019999999999999574e-01
1.563807052125000000e+09	3.938000000000000167e+00	7.019999999999999574e-01
1.563807052234375000e+09	3.938000000000000167e+00	7.019999999999999574e-01
1.563807052343750000e+09	3.938000000000000167e+00	7.009999999999999565e-01
1.563807052437500000e+09	3.938000000000000167e+00	7.009999999999999565e-01
1.563807052781250000e+09	3.936999999999999833e+00	7.009999999999999565e-01
1.563807053000000000e+09	3.935999999999999943e+00	7.009999999999999565e-01
1.563807053140625000e+09	3.938000000000000167e+00	7.009999999999999565e-01
1.563807053250000000e+09	3.935999999999999943e+00	7.009999999999999565e-01
1.563807053359375000e+09	3.935999999999999943e+00	7.019999999999999574e-01
1.563807053468750000e+09	3.935999999999999943e+00	7.019999999999999574e-01
1.563807053562500000e+09	3.935999999999999943e+00	7.019999999999999574e-01
1.563807053859375000e+09	3.936999999999999833e+00	7.019999999999999574e-01
1.563807054046875000e+09	3.935999999999999943e+00	7.019999999999999574e-01
1.563807054281250000e+09	3.935999999999999943e+00	7.009999999999999565e-01
1.563807054390625000e+09	3.935999999999999943e+00	7.019999999999999574e-01
1.563807054500000000e+09	3.935000000000000053e+00	7.019999999999999574e-01
1.563807054593750000e+09	3.935999999999999943e+00	7.019999999999999574e-01
1.563807054703125000e+09	3.938000000000000167e+00	7.019999999999999574e-01
1.563807054921875000e+09	3.935999999999999943e+00	7.019999999999999574e-01
1.563807055171875000e+09	3.935999999999999943e+00	7.009999999999999565e-01
1.563807055328125000e+09	3.938000000000000167e+00	7.019999999999999574e-01
1.563807055453125000e+09	3.938000000000000167e+00	7.009999999999999565e-01
1.563807055562500000e+09	3.939000000000000057e+00	7.019999999999999574e-01
1.563807055656250000e+09	3.938000000000000167e+00	7.019999999999999574e-01
1.563807055765625000e+09	3.939000000000000057e+00	7.019999999999999574e-01
1.563807055875000000e+09	3.939000000000000057e+00	7.019999999999999574e-01
1.563807056156250000e+09	3.939000000000000057e+00	7.009999999999999565e-01
1.563807056437500000e+09	3.938000000000000167e+00	7.019999999999999574e-01
1.563807056578125000e+09	3.938000000000000167e+00	7.019999999999999574e-01
1.563807056687500000e+09	3.938000000000000167e+00	7.009999999999999565e-01
1.563807056781250000e+09	3.938000000000000167e+00	7.019999999999999574e-01
1.563807056890625000e+09	3.939000000000000057e+00	7.019999999999999574e-01
1.563807057000000000e+09	3.939000000000000057e+00	7.019999999999999574e-01
1.563807057343750000e+09	3.938000000000000167e+00	7.009999999999999565e-01
1.563807057531250000e+09	3.938000000000000167e+00	7.009999999999999565e-01
1.563807057687500000e+09	3.938000000000000167e+00	7.009999999999999565e-01
1.563807057796875000e+09	3.936999999999999833e+00	7.019999999999999574e-01
1.563807057906250000e+09	3.935999999999999943e+00	7.009999999999999565e-01
1.563807058000000000e+09	3.938000000000000167e+00	7.019999999999999574e-01
1.563807058109375000e+09	3.936999999999999833e+00	7.009999999999999565e-01
1.563807058453125000e+09	3.936999999999999833e+00	7.019999999999999574e-01
1.563807058687500000e+09	3.936999999999999833e+00	7.019999999999999574e-01
1.563807058812500000e+09	3.939000000000000057e+00	7.019999999999999574e-01
1.563807058921875000e+09	3.936999999999999833e+00	7.009999999999999565e-01
1.563807059031250000e+09	3.939000000000000057e+00	7.019999999999999574e-01
1.563807059140625000e+09	3.938000000000000167e+00	7.009999999999999565e-01
1.563807059234375000e+09	3.938000000000000167e+00	7.009999999999999565e-01
1.563807059515625000e+09	3.939000000000000057e+00	7.009999999999999565e-01
1.563807059718750000e+09	3.939000000000000057e+00	7.009999999999999565e-01
1.563807059890625000e+09	3.939000000000000057e+00	7.019999999999999574e-01
1.563807060000000000e+09	3.939000000000000057e+00	7.009999999999999565e-01
1.563807060093750000e+09	3.939000000000000057e+00	7.009999999999999565e-01
1.563807060203125000e+09	3.939000000000000057e+00	7.009999999999999565e-01
1.563807060312500000e+09	3.939000000000000057e+00	7.019999999999999574e-01
1.563807060593750000e+09	3.939000000000000057e+00	7.019999999999999574e-01
1.563807060828125000e+09	3.939999999999999947e+00	7.019999999999999574e-01
1.563807061000000000e+09	3.939999999999999947e+00	7.009999999999999565e-01
1.563807061125000000e+09	3.939000000000000057e+00	7.019999999999999574e-01
1.563807061218750000e+09	3.939000000000000057e+00	7.009999999999999565e-01
1.563807061328125000e+09	3.939000000000000057e+00	7.019999999999999574e-01
1.563807061437500000e+09	3.939000000000000057e+00	7.009999999999999565e-01
1.563807061687500000e+09	3.940999999999999837e+00	7.019999999999999574e-01
1.563807061984375000e+09	3.939999999999999947e+00	7.019999999999999574e-01
1.563807062218750000e+09	3.939999999999999947e+00	7.019999999999999574e-01
1.563807062328125000e+09	3.939000000000000057e+00	7.019999999999999574e-01
1.563807062437500000e+09	3.939000000000000057e+00	7.019999999999999574e-01
1.563807062546875000e+09	3.939000000000000057e+00	7.009999999999999565e-01
1.563807062656250000e+09	3.939000000000000057e+00	7.019999999999999574e-01
1.563807062890625000e+09	3.938000000000000167e+00	7.019999999999999574e-01
1.563807063140625000e+09	3.938000000000000167e+00	7.019999999999999574e-01
1.563807063343750000e+09	3.939000000000000057e+00	7.019999999999999574e-01
1.563807063453125000e+09	3.938000000000000167e+00	7.019999999999999574e-01
1.563807063546875000e+09	3.938000000000000167e+00	7.009999999999999565e-01
1.563807063656250000e+09	3.939000000000000057e+00	7.019999999999999574e-01
1.563807063765625000e+09	3.939000000000000057e+00	7.019999999999999574e-01
1.563807064078125000e+09	3.939000000000000057e+00	7.009999999999999565e-01
1.563807064296875000e+09	3.939000000000000057e+00	7.019999999999999574e-01
1.563807064453125000e+09	3.940999999999999837e+00	7.009999999999999565e-01
1.563807064562500000e+09	3.939999999999999947e+00	7.009999999999999565e-01
1.563807064671875000e+09	3.940999999999999837e+00	7.019999999999999574e-01
1.563807064781250000e+09	3.940999999999999837e+00	7.019999999999999574e-01
1.563807064875000000e+09	3.940999999999999837e+00	7.019999999999999574e-01
1.563807065093750000e+09	3.942000000000000171e+00	7.019999999999999574e-01
1.563807065343750000e+09	3.940999999999999837e+00	7.009999999999999565e-01
1.563807065562500000e+09	3.940999999999999837e+00	7.019999999999999574e-01
1.563807065671875000e+09	3.940999999999999837e+00	7.009999999999999565e-01
1.563807065781250000e+09	3.940999999999999837e+00	7.009999999999999565e-01
1.563807065890625000e+09	3.939999999999999947e+00	7.019999999999999574e-01
1.563807066000000000e+09	3.940999999999999837e+00	7.019999999999999574e-01
1.563807066234375000e+09	3.940999999999999837e+00	7.009999999999999565e-01
1.563807066468750000e+09	3.940999999999999837e+00	7.009999999999999565e-01
1.563807066609375000e+09	3.939999999999999947e+00	7.009999999999999565e-01
1.563807066765625000e+09	3.939999999999999947e+00	7.019999999999999574e-01
1.563807066875000000e+09	3.939999999999999947e+00	7.019999999999999574e-01
1.563807066984375000e+09	3.939999999999999947e+00	7.009999999999999565e-01
1.563807067093750000e+09	3.939999999999999947e+00	7.009999999999999565e-01
1.563807067203125000e+09	3.940999999999999837e+00	7.019999999999999574e-01
1.563807067500000000e+09	3.939999999999999947e+00	7.009999999999999565e-01
1.563807067671875000e+09	3.940999999999999837e+00	7.009999999999999565e-01
1.563807067828125000e+09	3.940999999999999837e+00	7.009999999999999565e-01
1.563807067937500000e+09	3.942000000000000171e+00	7.019999999999999574e-01
1.563807068046875000e+09	3.940999999999999837e+00	7.009999999999999565e-01
1.563807068156250000e+09	3.939999999999999947e+00	7.019999999999999574e-01
1.563807068265625000e+09	3.940999999999999837e+00	7.009999999999999565e-01
1.563807068484375000e+09	3.940999999999999837e+00	7.019999999999999574e-01
1.563807068734375000e+09	3.939999999999999947e+00	7.019999999999999574e-01
1.563807068953125000e+09	3.939000000000000057e+00	7.019999999999999574e-01
1.563807069093750000e+09	3.939999999999999947e+00	7.019999999999999574e-01
1.563807069203125000e+09	3.939000000000000057e+00	7.009999999999999565e-01
1.563807069312500000e+09	3.939000000000000057e+00	7.019999999999999574e-01
1.563807069406250000e+09	3.940999999999999837e+00	7.019999999999999574e-01
1.563807069515625000e+09	3.940999999999999837e+00	7.019999999999999574e-01
1.563807069796875000e+09	3.942000000000000171e+00	7.019999999999999574e-01
1.563807070000000000e+09	3.940999999999999837e+00	7.019999999999999574e-01
1.563807070171875000e+09	3.943000000000000060e+00	7.009999999999999565e-01
1.563807070281250000e+09	3.942000000000000171e+00	7.019999999999999574e-01
1.563807070390625000e+09	3.940999999999999837e+00	7.009999999999999565e-01
1.563807070500000000e+09	3.940999999999999837e+00	7.019999999999999574e-01
1.563807070609375000e+09	3.940999999999999837e+00	7.019999999999999574e-01
1.563807070875000000e+09	3.940999999999999837e+00	7.019999999999999574e-01
1.563807071109375000e+09	3.939000000000000057e+00	7.019999999999999574e-01
1.563807071296875000e+09	3.940999999999999837e+00	7.019999999999999574e-01
1.563807071406250000e+09	3.940999999999999837e+00	7.019999999999999574e-01
1.563807071515625000e+09	3.939000000000000057e+00	7.019999999999999574e-01
1.563807071625000000e+09	3.939999999999999947e+00	7.019999999999999574e-01
1.563807071734375000e+09	3.940999999999999837e+00	7.009999999999999565e-01
1.563807071921875000e+09	3.940999999999999837e+00	7.009999999999999565e-01
1.563807072187500000e+09	3.940999999999999837e+00	7.019999999999999574e-01
1.563807072312500000e+09	3.939999999999999947e+00	7.009999999999999565e-01
1.563807072468750000e+09	3.939999999999999947e+00	7.009999999999999565e-01
1.563807072562500000e+09	3.939000000000000057e+00	7.019999999999999574e-01
1.563807072671875000e+09	3.939000000000000057e+00	7.019999999999999574e-01
1.563807072781250000e+09	3.939999999999999947e+00	7.009999999999999565e-01
1.563807072890625000e+09	3.939000000000000057e+00	7.019999999999999574e-01
1.563807073125000000e+09	3.939999999999999947e+00	7.009999999999999565e-01
1.563807073359375000e+09	3.939999999999999947e+00	7.019999999999999574e-01
1.563807073546875000e+09	3.939999999999999947e+00	7.019999999999999574e-01
1.563807073656250000e+09	3.939000000000000057e+00	7.019999999999999574e-01
1.563807073765625000e+09	3.940999999999999837e+00	7.019999999999999574e-01
1.563807073875000000e+09	3.940999999999999837e+00	7.019999999999999574e-01
1.563807073984375000e+09	3.940999999999999837e+00	7.019999999999999574e-01
1.563807074203125000e+09	3.942000000000000171e+00	7.019999999999999574e-01
1.563807074437500000e+09	3.943000000000000060e+00	7.019999999999999574e-01
1.563807074687500000e+09	3.940999999999999837e+00	7.019999999999999574e-01
1.563807074781250000e+09	3.942000000000000171e+00	7.019999999999999574e-01
1.563807074890625000e+09	3.940999999999999837e+00	7.009999999999999565e-01
1.563807075000000000e+09	3.943000000000000060e+00	7.019999999999999574e-01
1.563807075109375000e+09	3.942000000000000171e+00	7.019999999999999574e-01
1.563807075328125000e+09	3.940999999999999837e+00	7.019999999999999574e-01
1.563807075578125000e+09	3.940999999999999837e+00	7.009999999999999565e-01
1.563807075703125000e+09	3.939999999999999947e+00	7.019999999999999574e-01
1.563807075859375000e+09	3.939999999999999947e+00	7.019999999999999574e-01
1.563807075968750000e+09	3.939999999999999947e+00	7.019999999999999574e-01
1.563807076078125000e+09	3.939000000000000057e+00	7.019999999999999574e-01
1.563807076171875000e+09	3.939000000000000057e+00	7.009999999999999565e-01
1.563807076281250000e+09	3.939999999999999947e+00	7.019999999999999574e-01
1.563807076703125000e+09	3.940999999999999837e+00	7.019999999999999574e-01
1.563807076859375000e+09	3.939000000000000057e+00	7.009999999999999565e-01
1.563807077015625000e+09	3.939000000000000057e+00	7.019999999999999574e-01
1.563807077125000000e+09	3.939000000000000057e+00	7.009999999999999565e-01
1.563807077218750000e+09	3.939000000000000057e+00	7.009999999999999565e-01
1.563807077328125000e+09	3.939000000000000057e+00	7.019999999999999574e-01
1.563807077437500000e+09	3.939999999999999947e+00	7.009999999999999565e-01
1.563807077656250000e+09	3.939999999999999947e+00	7.019999999999999574e-01
1.563807077906250000e+09	3.940999999999999837e+00	7.019999999999999574e-01
1.563807078046875000e+09	3.942000000000000171e+00	7.019999999999999574e-01
1.563807078187500000e+09	3.942000000000000171e+00	7.009999999999999565e-01
1.563807078296875000e+09	3.943000000000000060e+00	7.019999999999999574e-01
1.563807078390625000e+09	3.943000000000000060e+00	7.019999999999999574e-01
1.563807078500000000e+09	3.943999999999999950e+00	7.019999999999999574e-01
1.563807078609375000e+09	3.943000000000000060e+00	7.009999999999999565e-01
1.563807079000000000e+09	3.943000000000000060e+00	7.019999999999999574e-01
1.563807079171875000e+09	3.943000000000000060e+00	7.019999999999999574e-01
1.563807079312500000e+09	3.943000000000000060e+00	7.009999999999999565e-01
1.563807079421875000e+09	3.943000000000000060e+00	7.019999999999999574e-01
1.563807079515625000e+09	3.944999999999999840e+00	7.019999999999999574e-01
1.563807079625000000e+09	3.943999999999999950e+00	7.019999999999999574e-01
1.563807079734375000e+09	3.944999999999999840e+00	7.019999999999999574e-01
1.563807080031250000e+09	3.943999999999999950e+00	7.009999999999999565e-01
1.563807080203125000e+09	3.943999999999999950e+00	7.009999999999999565e-01
1.563807080375000000e+09	3.943000000000000060e+00	7.019999999999999574e-01
1.563807080484375000e+09	3.944999999999999840e+00	7.009999999999999565e-01
1.563807080593750000e+09	3.943999999999999950e+00	7.019999999999999574e-01
1.563807080687500000e+09	3.943000000000000060e+00	7.019999999999999574e-01
1.563807080796875000e+09	3.944999999999999840e+00	7.019999999999999574e-01
1.563807080953125000e+09	3.944999999999999840e+00	7.019999999999999574e-01
1.563807081218750000e+09	3.944999999999999840e+00	7.019999999999999574e-01
1.563807081406250000e+09	3.943000000000000060e+00	7.019999999999999574e-01
1.563807081546875000e+09	3.944999999999999840e+00	7.019999999999999574e-01
1.563807081656250000e+09	3.943000000000000060e+00	7.019999999999999574e-01
1.563807081765625000e+09	3.943999999999999950e+00	7.009999999999999565e-01
1.563807081875000000e+09	3.943999999999999950e+00	7.019999999999999574e-01
1.563807081968750000e+09	3.943999999999999950e+00	7.019999999999999574e-01
1.563807082343750000e+09	3.943999999999999950e+00	7.019999999999999574e-01
1.563807082546875000e+09	3.942000000000000171e+00	7.009999999999999565e-01
1.563807082687500000e+09	3.944999999999999840e+00	7.019999999999999574e-01
1.563807082796875000e+09	3.943000000000000060e+00	7.009999999999999565e-01
1.563807082890625000e+09	3.943000000000000060e+00	7.019999999999999574e-01
1.563807083000000000e+09	3.943999999999999950e+00	7.009999999999999565e-01
1.563807083109375000e+09	3.943000000000000060e+00	7.019999999999999574e-01
1.563807083484375000e+09	3.944999999999999840e+00	7.019999999999999574e-01
1.563807083671875000e+09	3.942000000000000171e+00	7.009999999999999565e-01
1.563807083859375000e+09	3.943000000000000060e+00	7.009999999999999565e-01
1.563807083953125000e+09	3.943000000000000060e+00	7.009999999999999565e-01
1.563807084062500000e+09	3.943000000000000060e+00	7.019999999999999574e-01
1.563807084171875000e+09	3.943000000000000060e+00	7.019999999999999574e-01
1.563807084281250000e+09	3.943000000000000060e+00	7.019999999999999574e-01
1.563807084500000000e+09	3.943000000000000060e+00	7.019999999999999574e-01
1.563807084734375000e+09	3.943000000000000060e+00	7.019999999999999574e-01
1.563807084937500000e+09	3.943999999999999950e+00	7.019999999999999574e-01
1.563807085031250000e+09	3.943000000000000060e+00	7.019999999999999574e-01
1.563807085140625000e+09	3.944999999999999840e+00	7.009999999999999565e-01
1.563807085250000000e+09	3.943999999999999950e+00	7.019999999999999574e-01
1.563807085359375000e+09	3.943000000000000060e+00	7.019999999999999574e-01
1.563807085578125000e+09	3.943999999999999950e+00	7.019999999999999574e-01
1.563807085843750000e+09	3.943000000000000060e+00	7.019999999999999574e-01
1.563807086046875000e+09	3.944999999999999840e+00	7.019999999999999574e-01
1.563807086156250000e+09	3.942000000000000171e+00	7.019999999999999574e-01
1.563807086265625000e+09	3.943999999999999950e+00	7.019999999999999574e-01
1.563807086375000000e+09	3.944999999999999840e+00	7.009999999999999565e-01
1.563807086468750000e+09	3.944999999999999840e+00	7.009999999999999565e-01
1.563807086687500000e+09	3.943000000000000060e+00	7.009999999999999565e-01
1.563807086937500000e+09	3.943999999999999950e+00	7.019999999999999574e-01
1.563807087125000000e+09	3.944999999999999840e+00	7.009999999999999565e-01
1.563807087234375000e+09	3.943000000000000060e+00	7.019999999999999574e-01
1.563807087343750000e+09	3.944999999999999840e+00	7.019999999999999574e-01
1.563807087453125000e+09	3.943000000000000060e+00	7.019999999999999574e-01
1.563807087562500000e+09	3.943000000000000060e+00	7.019999999999999574e-01
1.563807087781250000e+09	3.944999999999999840e+00	7.019999999999999574e-01
1.563807088015625000e+09	3.944999999999999840e+00	7.009999999999999565e-01
1.563807088234375000e+09	3.944999999999999840e+00	7.019999999999999574e-01
1.563807088328125000e+09	3.944999999999999840e+00	7.009999999999999565e-01
1.563807088437500000e+09	3.944999999999999840e+00	7.019999999999999574e-01
1.563807088546875000e+09	3.946000000000000174e+00	7.019999999999999574e-01
1.563807088656250000e+09	3.947000000000000064e+00	7.019999999999999574e-01
1.563807088875000000e+09	3.946000000000000174e+00	7.019999999999999574e-01
1.563807089125000000e+09	3.947000000000000064e+00	7.019999999999999574e-01
1.563807089328125000e+09	3.947000000000000064e+00	7.009999999999999565e-01
1.563807089437500000e+09	3.947000000000000064e+00	7.019999999999999574e-01
1.563807089546875000e+09	3.947999999999999954e+00	7.009999999999999565e-01
1.563807089656250000e+09	3.947000000000000064e+00	7.009999999999999565e-01
1.563807089750000000e+09	3.947000000000000064e+00	7.019999999999999574e-01
1.563807089984375000e+09	3.946000000000000174e+00	7.019999999999999574e-01
1.563807090218750000e+09	3.944999999999999840e+00	7.019999999999999574e-01
1.563807090421875000e+09	3.943999999999999950e+00	7.019999999999999574e-01
1.563807090531250000e+09	3.946000000000000174e+00	7.019999999999999574e-01
1.563807090640625000e+09	3.944999999999999840e+00	7.009999999999999565e-01
1.563807090734375000e+09	3.944999999999999840e+00	7.009999999999999565e-01
1.563807090843750000e+09	3.947000000000000064e+00	7.009999999999999565e-01
1.563807091140625000e+09	3.946000000000000174e+00	7.009999999999999565e-01
1.563807091390625000e+09	3.944999999999999840e+00	7.009999999999999565e-01
1.563807091562500000e+09	3.944999999999999840e+00	7.019999999999999574e-01
1.563807091671875000e+09	3.944999999999999840e+00	7.019999999999999574e-01
1.563807091781250000e+09	3.946000000000000174e+00	7.009999999999999565e-01
1.563807091890625000e+09	3.943999999999999950e+00	7.019999999999999574e-01
1.563807092000000000e+09	3.943999999999999950e+00	7.019999999999999574e-01
1.563807092234375000e+09	3.944999999999999840e+00	7.009999999999999565e-01
1.563807092468750000e+09	3.944999999999999840e+00	7.019999999999999574e-01
1.563807092640625000e+09	3.943000000000000060e+00	7.019999999999999574e-01
1.563807092734375000e+09	3.943000000000000060e+00	7.009999999999999565e-01
1.563807092843750000e+09	3.943999999999999950e+00	7.019999999999999574e-01
1.563807092953125000e+09	3.943999999999999950e+00	7.009999999999999565e-01
1.563807093062500000e+09	3.944999999999999840e+00	7.019999999999999574e-01
1.563807093171875000e+09	3.947000000000000064e+00	7.009999999999999565e-01
1.563807093468750000e+09	3.943999999999999950e+00	7.019999999999999574e-01
1.563807093656250000e+09	3.944999999999999840e+00	7.019999999999999574e-01
1.563807093812500000e+09	3.943999999999999950e+00	7.009999999999999565e-01
1.563807093921875000e+09	3.946000000000000174e+00	7.009999999999999565e-01
1.563807094031250000e+09	3.944999999999999840e+00	7.019999999999999574e-01
1.563807094140625000e+09	3.944999999999999840e+00	7.019999999999999574e-01
1.563807094234375000e+09	3.946000000000000174e+00	7.019999999999999574e-01
1.563807094531250000e+09	3.946000000000000174e+00	7.019999999999999574e-01
1.563807094765625000e+09	3.946000000000000174e+00	7.019999999999999574e-01
1.563807094921875000e+09	3.947000000000000064e+00	7.019999999999999574e-01
1.563807095031250000e+09	3.946000000000000174e+00	7.009999999999999565e-01
1.563807095125000000e+09	3.944999999999999840e+00	7.019999999999999574e-01
1.563807095234375000e+09	3.944999999999999840e+00	7.009999999999999565e-01
1.563807095343750000e+09	3.943999999999999950e+00	7.009999999999999565e-01
1.563807095671875000e+09	3.944999999999999840e+00	7.009999999999999565e-01
1.563807095828125000e+09	3.946000000000000174e+00	7.009999999999999565e-01
1.563807095968750000e+09	3.943999999999999950e+00	7.009999999999999565e-01
1.563807096078125000e+09	3.943000000000000060e+00	7.019999999999999574e-01
1.563807096187500000e+09	3.944999999999999840e+00	7.019999999999999574e-01
1.563807096281250000e+09	3.947000000000000064e+00	7.019999999999999574e-01
1.563807096390625000e+09	3.944999999999999840e+00	7.019999999999999574e-01
1.563807096531250000e+09	3.944999999999999840e+00	7.009999999999999565e-01
1.563807096796875000e+09	3.944999999999999840e+00	7.019999999999999574e-01
1.563807096953125000e+09	3.944999999999999840e+00	7.009999999999999565e-01
1.563807097109375000e+09	3.946000000000000174e+00	7.019999999999999574e-01
1.563807097218750000e+09	3.944999999999999840e+00	7.019999999999999574e-01
1.563807097328125000e+09	3.944999999999999840e+00	7.019999999999999574e-01
1.563807097421875000e+09	3.946000000000000174e+00	7.019999999999999574e-01
1.563807097531250000e+09	3.947000000000000064e+00	7.019999999999999574e-01
1.563807097828125000e+09	3.946000000000000174e+00	7.019999999999999574e-01
1.563807098125000000e+09	3.947000000000000064e+00	7.019999999999999574e-01
1.563807098281250000e+09	3.947000000000000064e+00	7.009999999999999565e-01
1.563807098375000000e+09	3.948999999999999844e+00	7.019999999999999574e-01
1.563807098484375000e+09	3.947999999999999954e+00	7.019999999999999574e-01
1.563807098593750000e+09	3.947999999999999954e+00	7.019999999999999574e-01
1.563807098703125000e+09	3.947000000000000064e+00	7.019999999999999574e-01
1.563807099015625000e+09	3.948999999999999844e+00	7.019999999999999574e-01
1.563807099234375000e+09	3.947000000000000064e+00	7.019999999999999574e-01
1.563807099359375000e+09	3.947999999999999954e+00	7.019999999999999574e-01
1.563807099468750000e+09	3.948999999999999844e+00	7.019999999999999574e-01
1.563807099578125000e+09	3.947999999999999954e+00	7.019999999999999574e-01
1.563807099687500000e+09	3.948999999999999844e+00	7.019999999999999574e-01
1.563807099796875000e+09	3.947999999999999954e+00	7.019999999999999574e-01
1.563807100078125000e+09	3.947000000000000064e+00	7.009999999999999565e-01
1.563807100250000000e+09	3.947000000000000064e+00	7.019999999999999574e-01
1.563807100406250000e+09	3.947999999999999954e+00	7.019999999999999574e-01
1.563807100625000000e+09	-0.000000000000000000e+00	1.299999999999999940e-02
1.563807100718750000e+09	-0.000000000000000000e+00	1.000000000000000021e-02
1.563807100828125000e+09	-0.000000000000000000e+00	1.000000000000000021e-02
1.563807101000000000e+09	-0.000000000000000000e+00	8.999999999999999320e-03
1.563807101312500000e+09	-0.000000000000000000e+00	8.000000000000000167e-03
1.563807101468750000e+09	-0.000000000000000000e+00	8.000000000000000167e-03
1.563807101625000000e+09	-0.000000000000000000e+00	7.000000000000000146e-03
1.563807101734375000e+09	-0.000000000000000000e+00	7.000000000000000146e-03
1.563807101828125000e+09	-0.000000000000000000e+00	7.000000000000000146e-03
1.563807101937500000e+09	-0.000000000000000000e+00	7.000000000000000146e-03
1.563807102046875000e+09	-0.000000000000000000e+00	7.000000000000000146e-03
1.563807102359375000e+09	-0.000000000000000000e+00	6.000000000000000125e-03
1.563807102578125000e+09	-0.000000000000000000e+00	7.000000000000000146e-03
1.563807102718750000e+09	-0.000000000000000000e+00	6.000000000000000125e-03
1.563807102859375000e+09	-0.000000000000000000e+00	6.000000000000000125e-03
1.563807102953125000e+09	-0.000000000000000000e+00	6.000000000000000125e-03
1.563807103062500000e+09	-0.000000000000000000e+00	7.000000000000000146e-03
1.563807103171875000e+09	-0.000000000000000000e+00	6.000000000000000125e-03
1.563807103281250000e+09	-0.000000000000000000e+00	6.000000000000000125e-03
1.563807103546875000e+09	-0.000000000000000000e+00	6.000000000000000125e-03
1.563807103781250000e+09	-0.000000000000000000e+00	6.000000000000000125e-03
1.563807103906250000e+09	-0.000000000000000000e+00	6.000000000000000125e-03
1.563807104062500000e+09	-0.000000000000000000e+00	6.000000000000000125e-03
1.563807104171875000e+09	-0.000000000000000000e+00	6.000000000000000125e-03
1.563807104281250000e+09	-0.000000000000000000e+00	6.000000000000000125e-03
1.563807104375000000e+09	-0.000000000000000000e+00	6.000000000000000125e-03
