# UNIX time, Current (A), PS Voltage (V), REF Voltage (V)
# SAMPLE_SURFACE = 94.3
# SAMPLE_NAME = WTh_batch2
# COATING_STEP = 2
1.563544732468750000e+09	-0.000000000000000000e+00	0.000000000000000000e+00
1.563544732562500000e+09	-0.000000000000000000e+00	0.000000000000000000e+00
1.563544732671875000e+09	-0.000000000000000000e+00	0.000000000000000000e+00
1.563544732781250000e+09	-0.000000000000000000e+00	0.000000000000000000e+00
1.563544732875000000e+09	-0.000000000000000000e+00	0.000000000000000000e+00
1.563544732984375000e+09	-0.000000000000000000e+00	0.000000000000000000e+00
1.563544733078125000e+09	-0.000000000000000000e+00	0.000000000000000000e+00
1.563544733187500000e+09	-0.000000000000000000e+00	0.000000000000000000e+00
1.563544733281250000e+09	-0.000000000000000000e+00	0.000000000000000000e+00
1.563544733390625000e+09	-0.000000000000000000e+00	0.000000000000000000e+00
1.563544733578125000e+09	-0.000000000000000000e+00	0.000000000000000000e+00
1.563544733781250000e+09	-0.000000000000000000e+00	0.000000000000000000e+00
1.563544733906250000e+09	-0.000000000000000000e+00	0.000000000000000000e+00
1.563544734015625000e+09	-0.000000000000000000e+00	0.000000000000000000e+00
1.563544734125000000e+09	-0.000000000000000000e+00	0.000000000000000000e+00
1.563544734218750000e+09	-0.000000000000000000e+00	0.000000000000000000e+00
1.563544734328125000e+09	-0.000000000000000000e+00	0.000000000000000000e+00
1.563544734515625000e+09	-0.000000000000000000e+00	0.000000000000000000e+00
1.563544734703125000e+09	-0.000000000000000000e+00	0.000000000000000000e+00
1.563544734859375000e+09	-0.000000000000000000e+00	0.000000000000000000e+00
1.563544735062500000e+09	6.453000000000000291e+00	1.000000000000000000e+00
1.563544735171875000e+09	6.458000000000000185e+00	1.000999999999999890e+00
1.563544735265625000e+09	6.488000000000000433e+00	1.000999999999999890e+00
1.563544735375000000e+09	6.519000000000000128e+00	1.000999999999999890e+00
1.563544735640625000e+09	6.544999999999999929e+00	1.000999999999999890e+00
1.563544735968750000e+09	6.597999999999999865e+00	1.000999999999999890e+00
1.563544736125000000e+09	6.610000000000000320e+00	1.002000000000000002e+00
1.563544736234375000e+09	6.616999999999999993e+00	1.002000000000000002e+00
1.563544736328125000e+09	6.621000000000000441e+00	1.002000000000000002e+00
1.563544736437500000e+09	6.623999999999999666e+00	1.000999999999999890e+00
1.563544736546875000e+09	6.625000000000000000e+00	1.000999999999999890e+00
1.563544736921875000e+09	6.631999999999999673e+00	1.000999999999999890e+00
1.563544737156250000e+09	6.636000000000000121e+00	1.000999999999999890e+00
1.563544737265625000e+09	6.639999999999999680e+00	1.000999999999999890e+00
1.563544737359375000e+09	6.641000000000000014e+00	1.002000000000000002e+00
1.563544737468750000e+09	6.642000000000000348e+00	1.000999999999999890e+00
1.563544737562500000e+09	6.642999999999999794e+00	1.000999999999999890e+00
1.563544737890625000e+09	6.645999999999999908e+00	1.000999999999999890e+00
1.563544738125000000e+09	6.645999999999999908e+00	1.000999999999999890e+00
1.563544738281250000e+09	6.649000000000000021e+00	1.000999999999999890e+00
1.563544738390625000e+09	6.652000000000000135e+00	1.000999999999999890e+00
1.563544738484375000e+09	6.652000000000000135e+00	1.000999999999999890e+00
1.563544738593750000e+09	6.652999999999999581e+00	1.000999999999999890e+00
1.563544738703125000e+09	6.652000000000000135e+00	1.002000000000000002e+00
1.563544738984375000e+09	6.653999999999999915e+00	1.002000000000000002e+00
1.563544739218750000e+09	6.655999999999999694e+00	1.002000000000000002e+00
1.563544739390625000e+09	6.657000000000000028e+00	1.000999999999999890e+00
1.563544739484375000e+09	6.658000000000000362e+00	1.002000000000000002e+00
1.563544739593750000e+09	6.658000000000000362e+00	1.000999999999999890e+00
1.563544739703125000e+09	6.660000000000000142e+00	1.000999999999999890e+00
1.563544739796875000e+09	6.658000000000000362e+00	1.002000000000000002e+00
1.563544740062500000e+09	6.660000000000000142e+00	1.002000000000000002e+00
1.563544740312500000e+09	6.661999999999999922e+00	1.000999999999999890e+00
1.563544740484375000e+09	6.661999999999999922e+00	1.000999999999999890e+00
1.563544740625000000e+09	6.665000000000000036e+00	1.002000000000000002e+00
1.563544740734375000e+09	6.666000000000000369e+00	1.002000000000000002e+00
1.563544740828125000e+09	6.663999999999999702e+00	1.000999999999999890e+00
1.563544740937500000e+09	6.666000000000000369e+00	1.000999999999999890e+00
1.563544741046875000e+09	6.663999999999999702e+00	1.002000000000000002e+00
1.563544741343750000e+09	6.663999999999999702e+00	1.002000000000000002e+00
1.563544741609375000e+09	6.666000000000000369e+00	1.002000000000000002e+00
1.563544741750000000e+09	6.666000000000000369e+00	1.000999999999999890e+00
1.563544741843750000e+09	6.666999999999999815e+00	1.000999999999999890e+00
1.563544741953125000e+09	6.666999999999999815e+00	1.002000000000000002e+00
1.563544742062500000e+09	6.666999999999999815e+00	1.002000000000000002e+00
1.563544742156250000e+09	6.666000000000000369e+00	1.002000000000000002e+00
1.563544742609375000e+09	6.668000000000000149e+00	1.002000000000000002e+00
1.563544742781250000e+09	6.668999999999999595e+00	1.002000000000000002e+00
1.563544742890625000e+09	6.668999999999999595e+00	1.002000000000000002e+00
1.563544742984375000e+09	6.671000000000000263e+00	1.000999999999999890e+00
1.563544743093750000e+09	6.671000000000000263e+00	1.002000000000000002e+00
1.563544743203125000e+09	6.669999999999999929e+00	1.000999999999999890e+00
1.563544743468750000e+09	6.669999999999999929e+00	1.000999999999999890e+00
1.563544743703125000e+09	6.671000000000000263e+00	1.002000000000000002e+00
1.563544743875000000e+09	6.673000000000000043e+00	1.000999999999999890e+00
1.563544743968750000e+09	6.674000000000000377e+00	1.000999999999999890e+00
1.563544744078125000e+09	6.671999999999999709e+00	1.002000000000000002e+00
1.563544744187500000e+09	6.671000000000000263e+00	1.000999999999999890e+00
1.563544744281250000e+09	6.671000000000000263e+00	1.000999999999999890e+00
1.563544744531250000e+09	6.673000000000000043e+00	1.002000000000000002e+00
1.563544744796875000e+09	6.674000000000000377e+00	1.002000000000000002e+00
1.563544745000000000e+09	6.674000000000000377e+00	1.002000000000000002e+00
1.563544745093750000e+09	6.674000000000000377e+00	1.000999999999999890e+00
1.563544745203125000e+09	6.674000000000000377e+00	1.000999999999999890e+00
1.563544745296875000e+09	6.673000000000000043e+00	1.000999999999999890e+00
1.563544745406250000e+09	6.674999999999999822e+00	1.000999999999999890e+00
1.563544745687500000e+09	6.674999999999999822e+00	1.000999999999999890e+00
1.563544745984375000e+09	6.676999999999999602e+00	1.000999999999999890e+00
1.563544746109375000e+09	6.676999999999999602e+00	1.002000000000000002e+00
1.563544746218750000e+09	6.676000000000000156e+00	1.000999999999999890e+00
1.563544746328125000e+09	6.676999999999999602e+00	1.000999999999999890e+00
1.563544746421875000e+09	6.676999999999999602e+00	1.000999999999999890e+00
1.563544746531250000e+09	6.676999999999999602e+00	1.000999999999999890e+00
1.563544746750000000e+09	6.674999999999999822e+00	1.000999999999999890e+00
1.563544747015625000e+09	6.674999999999999822e+00	1.000999999999999890e+00
1.563544747187500000e+09	6.674000000000000377e+00	1.000999999999999890e+00
1.563544747281250000e+09	6.676999999999999602e+00	1.002000000000000002e+00
1.563544747390625000e+09	6.674999999999999822e+00	1.002000000000000002e+00
1.563544747500000000e+09	6.676000000000000156e+00	1.002000000000000002e+00
1.563544747593750000e+09	6.676000000000000156e+00	1.002000000000000002e+00
1.563544748109375000e+09	6.676000000000000156e+00	1.000999999999999890e+00
1.563544748250000000e+09	6.674999999999999822e+00	1.000999999999999890e+00
1.563544748390625000e+09	6.674999999999999822e+00	1.000999999999999890e+00
1.563544748484375000e+09	6.674999999999999822e+00	1.000999999999999890e+00
1.563544748593750000e+09	6.674999999999999822e+00	1.000999999999999890e+00
1.563544748703125000e+09	6.674999999999999822e+00	1.000999999999999890e+00
1.563544748796875000e+09	6.674999999999999822e+00	1.000999999999999890e+00
1.563544749062500000e+09	6.674000000000000377e+00	1.002000000000000002e+00
1.563544749281250000e+09	6.674999999999999822e+00	1.002000000000000002e+00
1.563544749453125000e+09	6.674999999999999822e+00	1.002000000000000002e+00
1.563544749562500000e+09	6.674000000000000377e+00	1.002000000000000002e+00
1.563544749656250000e+09	6.676000000000000156e+00	1.000999999999999890e+00
1.563544749765625000e+09	6.676999999999999602e+00	1.000999999999999890e+00
1.563544749875000000e+09	6.676999999999999602e+00	1.000999999999999890e+00
1.563544750140625000e+09	6.677999999999999936e+00	1.000999999999999890e+00
1.563544750406250000e+09	6.677999999999999936e+00	1.002000000000000002e+00
1.563544750562500000e+09	6.677999999999999936e+00	1.002000000000000002e+00
1.563544750656250000e+09	6.677999999999999936e+00	1.002000000000000002e+00
1.563544750765625000e+09	6.679000000000000270e+00	1.000999999999999890e+00
1.563544750875000000e+09	6.679000000000000270e+00	1.000999999999999890e+00
1.563544750968750000e+09	6.679000000000000270e+00	1.000999999999999890e+00
1.563544751187500000e+09	6.679999999999999716e+00	1.000999999999999890e+00
1.563544751500000000e+09	6.677999999999999936e+00	1.002000000000000002e+00
1.563544751687500000e+09	6.679999999999999716e+00	1.000999999999999890e+00
1.563544751796875000e+09	6.679000000000000270e+00	1.002000000000000002e+00
1.563544751890625000e+09	6.679000000000000270e+00	1.002000000000000002e+00
1.563544752000000000e+09	6.677999999999999936e+00	1.000999999999999890e+00
1.563544752093750000e+09	6.676999999999999602e+00	1.000999999999999890e+00
1.563544752562500000e+09	6.679000000000000270e+00	1.000999999999999890e+00
1.563544752718750000e+09	6.677999999999999936e+00	1.000999999999999890e+00
1.563544752828125000e+09	6.677999999999999936e+00	1.000999999999999890e+00
1.563544752921875000e+09	6.677999999999999936e+00	1.000999999999999890e+00
1.563544753031250000e+09	6.677999999999999936e+00	1.002000000000000002e+00
1.563544753125000000e+09	6.679000000000000270e+00	1.000999999999999890e+00
1.563544753453125000e+09	6.679000000000000270e+00	1.002000000000000002e+00
1.563544753718750000e+09	6.679999999999999716e+00	1.000999999999999890e+00
1.563544753859375000e+09	6.679999999999999716e+00	1.002000000000000002e+00
1.563544753968750000e+09	6.679000000000000270e+00	1.000999999999999890e+00
1.563544754062500000e+09	6.677999999999999936e+00	1.000999999999999890e+00
1.563544754171875000e+09	6.679999999999999716e+00	1.002000000000000002e+00
1.563544754281250000e+09	6.679999999999999716e+00	1.000999999999999890e+00
1.563544754671875000e+09	6.682000000000000384e+00	1.002000000000000002e+00
1.563544754953125000e+09	6.682000000000000384e+00	1.000999999999999890e+00
1.563544755062500000e+09	6.681000000000000050e+00	1.000999999999999890e+00
1.563544755156250000e+09	6.677999999999999936e+00	1.000999999999999890e+00
1.563544755265625000e+09	6.679999999999999716e+00	1.000999999999999890e+00
1.563544755375000000e+09	6.681000000000000050e+00	1.002000000000000002e+00
1.563544755671875000e+09	6.681000000000000050e+00	1.000999999999999890e+00
1.563544755890625000e+09	6.681000000000000050e+00	1.000999999999999890e+00
1.563544756062500000e+09	6.677999999999999936e+00	1.000999999999999890e+00
1.563544756156250000e+09	6.679999999999999716e+00	1.002000000000000002e+00
1.563544756265625000e+09	6.677999999999999936e+00	1.000999999999999890e+00
1.563544756375000000e+09	6.679000000000000270e+00	1.000999999999999890e+00
1.563544756468750000e+09	6.677999999999999936e+00	1.000999999999999890e+00
1.563544756640625000e+09	6.679000000000000270e+00	1.000999999999999890e+00
1.563544756968750000e+09	6.679000000000000270e+00	1.000999999999999890e+00
1.563544757125000000e+09	6.677999999999999936e+00	1.000999999999999890e+00
1.563544757234375000e+09	6.677999999999999936e+00	1.000999999999999890e+00
1.563544757328125000e+09	6.679000000000000270e+00	1.000999999999999890e+00
1.563544757437500000e+09	6.679000000000000270e+00	1.002000000000000002e+00
1.563544757531250000e+09	6.677999999999999936e+00	1.002000000000000002e+00
1.563544757812500000e+09	6.676999999999999602e+00	1.000999999999999890e+00
1.563544758062500000e+09	6.679999999999999716e+00	1.002000000000000002e+00
1.563544758234375000e+09	6.679000000000000270e+00	1.002000000000000002e+00
1.563544758328125000e+09	6.679999999999999716e+00	1.000999999999999890e+00
1.563544758437500000e+09	6.679000000000000270e+00	1.000999999999999890e+00
1.563544758546875000e+09	6.679999999999999716e+00	1.002000000000000002e+00
1.563544758656250000e+09	6.679999999999999716e+00	1.000999999999999890e+00
1.563544758937500000e+09	6.679000000000000270e+00	1.002000000000000002e+00
1.563544759156250000e+09	6.679999999999999716e+00	1.000999999999999890e+00
1.563544759328125000e+09	6.679000000000000270e+00	1.000999999999999890e+00
1.563544759437500000e+09	6.677999999999999936e+00	1.000000000000000000e+00
1.563544759546875000e+09	6.679999999999999716e+00	1.000999999999999890e+00
1.563544759640625000e+09	6.679999999999999716e+00	1.000999999999999890e+00
1.563544759750000000e+09	6.681000000000000050e+00	1.000999999999999890e+00
1.563544760015625000e+09	6.679999999999999716e+00	1.002000000000000002e+00
1.563544760328125000e+09	6.677999999999999936e+00	1.000999999999999890e+00
1.563544760468750000e+09	6.679000000000000270e+00	1.002000000000000002e+00
1.563544760578125000e+09	6.679999999999999716e+00	1.002000000000000002e+00
1.563544760687500000e+09	6.679000000000000270e+00	1.000999999999999890e+00
1.563544760781250000e+09	6.679000000000000270e+00	1.000999999999999890e+00
1.563544760890625000e+09	6.679000000000000270e+00	1.000999999999999890e+00
1.563544761125000000e+09	6.679000000000000270e+00	1.000000000000000000e+00
1.563544761359375000e+09	6.679000000000000270e+00	1.002000000000000002e+00
1.563544761515625000e+09	6.679000000000000270e+00	1.000999999999999890e+00
1.563544761609375000e+09	6.679000000000000270e+00	1.000999999999999890e+00
1.563544761718750000e+09	6.679000000000000270e+00	1.000999999999999890e+00
1.563544761812500000e+09	6.677999999999999936e+00	1.000999999999999890e+00
1.563544761921875000e+09	6.676999999999999602e+00	1.002000000000000002e+00
1.563544762156250000e+09	6.679000000000000270e+00	1.002000000000000002e+00
1.563544762531250000e+09	6.677999999999999936e+00	1.000999999999999890e+00
1.563544762687500000e+09	6.677999999999999936e+00	1.000999999999999890e+00
1.563544762781250000e+09	6.677999999999999936e+00	1.000999999999999890e+00
1.563544762890625000e+09	6.677999999999999936e+00	1.000999999999999890e+00
1.563544762984375000e+09	6.679000000000000270e+00	1.002000000000000002e+00
1.563544763093750000e+09	6.677999999999999936e+00	1.000999999999999890e+00
1.563544763328125000e+09	6.679000000000000270e+00	1.000999999999999890e+00
1.563544763640625000e+09	6.677999999999999936e+00	1.002000000000000002e+00
1.563544763796875000e+09	6.679000000000000270e+00	1.000999999999999890e+00
1.563544763906250000e+09	6.679999999999999716e+00	1.000999999999999890e+00
1.563544764000000000e+09	6.677999999999999936e+00	1.002000000000000002e+00
1.563544764109375000e+09	6.677999999999999936e+00	1.000999999999999890e+00
1.563544764203125000e+09	6.679000000000000270e+00	1.002000000000000002e+00
1.563544764515625000e+09	6.677999999999999936e+00	1.000999999999999890e+00
1.563544764796875000e+09	6.677999999999999936e+00	1.002000000000000002e+00
1.563544764937500000e+09	6.679000000000000270e+00	1.002000000000000002e+00
1.563544765031250000e+09	6.677999999999999936e+00	1.000999999999999890e+00
1.563544765140625000e+09	6.676999999999999602e+00	1.000999999999999890e+00
1.563544765234375000e+09	6.677999999999999936e+00	1.000999999999999890e+00
1.563544765343750000e+09	6.676999999999999602e+00	1.000999999999999890e+00
1.563544765750000000e+09	6.676999999999999602e+00	1.000999999999999890e+00
1.563544765953125000e+09	6.677999999999999936e+00	1.000999999999999890e+00
1.563544766062500000e+09	6.677999999999999936e+00	1.000999999999999890e+00
1.563544766171875000e+09	6.679000000000000270e+00	1.000999999999999890e+00
1.563544766265625000e+09	6.677999999999999936e+00	1.000999999999999890e+00
1.563544766375000000e+09	6.677999999999999936e+00	1.000999999999999890e+00
1.563544766640625000e+09	6.677999999999999936e+00	1.000999999999999890e+00
1.563544766937500000e+09	6.676999999999999602e+00	1.000999999999999890e+00
1.563544767109375000e+09	6.676999999999999602e+00	1.002000000000000002e+00
1.563544767203125000e+09	6.676999999999999602e+00	1.002000000000000002e+00
1.563544767312500000e+09	6.676999999999999602e+00	1.002000000000000002e+00
1.563544767421875000e+09	6.676999999999999602e+00	1.000999999999999890e+00
1.563544767515625000e+09	6.676000000000000156e+00	1.000999999999999890e+00
1.563544767937500000e+09	6.676999999999999602e+00	1.000999999999999890e+00
1.563544768140625000e+09	6.676999999999999602e+00	1.002000000000000002e+00
1.563544768250000000e+09	6.676999999999999602e+00	1.002000000000000002e+00
1.563544768343750000e+09	6.676999999999999602e+00	1.000999999999999890e+00
1.563544768453125000e+09	6.676999999999999602e+00	1.000999999999999890e+00
1.563544768562500000e+09	6.674999999999999822e+00	1.000999999999999890e+00
1.563544768781250000e+09	6.676000000000000156e+00	1.000999999999999890e+00
1.563544769062500000e+09	6.674999999999999822e+00	1.000999999999999890e+00
1.563544769250000000e+09	6.674999999999999822e+00	1.002000000000000002e+00
1.563544769343750000e+09	6.674000000000000377e+00	1.000999999999999890e+00
1.563544769453125000e+09	6.674999999999999822e+00	1.002000000000000002e+00
1.563544769546875000e+09	6.674000000000000377e+00	1.002000000000000002e+00
1.563544769656250000e+09	6.674000000000000377e+00	1.002000000000000002e+00
1.563544769953125000e+09	6.674999999999999822e+00	1.000999999999999890e+00
1.563544770187500000e+09	6.674999999999999822e+00	1.000000000000000000e+00
1.563544770375000000e+09	6.674999999999999822e+00	1.000999999999999890e+00
1.563544770515625000e+09	6.674999999999999822e+00	1.000999999999999890e+00
1.563544770609375000e+09	6.674999999999999822e+00	1.002000000000000002e+00
1.563544770718750000e+09	6.674999999999999822e+00	1.000999999999999890e+00
1.563544770812500000e+09	6.674999999999999822e+00	1.000999999999999890e+00
1.563544770921875000e+09	6.673000000000000043e+00	1.002000000000000002e+00
1.563544771265625000e+09	6.674999999999999822e+00	1.002000000000000002e+00
1.563544771468750000e+09	6.674999999999999822e+00	1.002000000000000002e+00
1.563544771625000000e+09	6.674000000000000377e+00	1.000999999999999890e+00
1.563544771718750000e+09	6.674000000000000377e+00	1.000999999999999890e+00
1.563544771828125000e+09	6.674999999999999822e+00	1.000999999999999890e+00
1.563544771937500000e+09	6.673000000000000043e+00	1.002000000000000002e+00
1.563544772031250000e+09	6.673000000000000043e+00	1.000999999999999890e+00
1.563544772406250000e+09	6.673000000000000043e+00	1.000999999999999890e+00
1.563544772593750000e+09	6.673000000000000043e+00	1.000999999999999890e+00
1.563544772718750000e+09	6.671000000000000263e+00	1.000999999999999890e+00
1.563544772828125000e+09	6.673000000000000043e+00	1.000999999999999890e+00
1.563544772937500000e+09	6.673000000000000043e+00	1.000999999999999890e+00
1.563544773031250000e+09	6.673000000000000043e+00	1.000999999999999890e+00
1.563544773140625000e+09	6.671999999999999709e+00	1.000999999999999890e+00
1.563544773562500000e+09	6.674999999999999822e+00	1.000999999999999890e+00
1.563544773703125000e+09	6.673000000000000043e+00	1.000999999999999890e+00
1.563544773843750000e+09	6.671999999999999709e+00	1.000999999999999890e+00
1.563544773953125000e+09	6.673000000000000043e+00	1.000999999999999890e+00
1.563544774046875000e+09	6.673000000000000043e+00	1.002000000000000002e+00
1.563544774156250000e+09	6.673000000000000043e+00	1.000999999999999890e+00
1.563544774250000000e+09	6.673000000000000043e+00	1.002000000000000002e+00
1.563544774625000000e+09	6.673000000000000043e+00	1.002000000000000002e+00
1.563544774828125000e+09	6.671000000000000263e+00	1.002000000000000002e+00
1.563544774953125000e+09	6.673000000000000043e+00	1.002000000000000002e+00
1.563544775046875000e+09	6.671000000000000263e+00	1.000999999999999890e+00
1.563544775156250000e+09	6.671999999999999709e+00	1.000999999999999890e+00
1.563544775265625000e+09	6.673000000000000043e+00	1.000999999999999890e+00
1.563544775359375000e+09	6.671000000000000263e+00	1.000999999999999890e+00
1.563544775687500000e+09	6.671000000000000263e+00	1.002000000000000002e+00
1.563544775968750000e+09	6.671000000000000263e+00	1.000999999999999890e+00
1.563544776093750000e+09	6.669999999999999929e+00	1.002000000000000002e+00
1.563544776203125000e+09	6.669999999999999929e+00	1.000999999999999890e+00
1.563544776296875000e+09	6.668999999999999595e+00	1.002000000000000002e+00
1.563544776406250000e+09	6.668999999999999595e+00	1.000999999999999890e+00
1.563544776500000000e+09	6.671000000000000263e+00	1.002000000000000002e+00
1.563544776828125000e+09	6.668999999999999595e+00	1.000999999999999890e+00
1.563544777078125000e+09	6.668999999999999595e+00	1.000999999999999890e+00
1.563544777250000000e+09	6.669999999999999929e+00	1.000999999999999890e+00
1.563544777359375000e+09	6.669999999999999929e+00	1.000999999999999890e+00
1.563544777453125000e+09	6.668999999999999595e+00	1.000999999999999890e+00
1.563544777562500000e+09	6.668999999999999595e+00	1.002000000000000002e+00
1.563544777671875000e+09	6.668999999999999595e+00	1.000999999999999890e+00
1.563544778000000000e+09	6.668999999999999595e+00	1.002000000000000002e+00
1.563544778156250000e+09	6.668999999999999595e+00	1.002000000000000002e+00
1.563544778343750000e+09	6.666999999999999815e+00	1.002000000000000002e+00
1.563544778453125000e+09	6.668999999999999595e+00	1.000000000000000000e+00
1.563544778562500000e+09	6.668999999999999595e+00	1.000999999999999890e+00
1.563544778656250000e+09	6.666999999999999815e+00	1.002000000000000002e+00
1.563544778765625000e+09	6.666000000000000369e+00	1.000999999999999890e+00
1.563544779062500000e+09	6.668999999999999595e+00	1.000999999999999890e+00
1.563544779281250000e+09	6.668000000000000149e+00	1.000999999999999890e+00
1.563544779468750000e+09	6.666999999999999815e+00	1.002000000000000002e+00
1.563544779562500000e+09	6.668000000000000149e+00	1.002000000000000002e+00
1.563544779671875000e+09	6.665000000000000036e+00	1.002000000000000002e+00
1.563544779765625000e+09	6.666000000000000369e+00	1.002000000000000002e+00
1.563544779875000000e+09	6.666000000000000369e+00	1.000999999999999890e+00
1.563544780125000000e+09	6.666000000000000369e+00	1.000999999999999890e+00
1.563544780390625000e+09	6.665000000000000036e+00	1.000999999999999890e+00
1.563544780546875000e+09	6.666000000000000369e+00	1.002000000000000002e+00
1.563544780656250000e+09	6.663999999999999702e+00	1.000999999999999890e+00
1.563544780765625000e+09	6.663999999999999702e+00	1.002000000000000002e+00
1.563544780875000000e+09	6.663999999999999702e+00	1.000999999999999890e+00
1.563544780968750000e+09	6.663999999999999702e+00	1.000999999999999890e+00
1.563544781250000000e+09	6.666000000000000369e+00	1.000999999999999890e+00
1.563544781546875000e+09	6.666000000000000369e+00	1.002000000000000002e+00
1.563544781703125000e+09	6.663999999999999702e+00	1.000999999999999890e+00
1.563544781796875000e+09	6.663999999999999702e+00	1.000999999999999890e+00
1.563544781906250000e+09	6.663999999999999702e+00	1.000999999999999890e+00
1.563544782015625000e+09	6.665000000000000036e+00	1.000999999999999890e+00
1.563544782109375000e+09	6.665000000000000036e+00	1.000999999999999890e+00
1.563544782515625000e+09	6.666000000000000369e+00	1.002000000000000002e+00
1.563544782718750000e+09	6.663999999999999702e+00	1.000999999999999890e+00
1.563544782828125000e+09	6.661999999999999922e+00	1.002000000000000002e+00
1.563544782937500000e+09	6.665000000000000036e+00	1.000000000000000000e+00
1.563544783031250000e+09	6.665000000000000036e+00	1.000999999999999890e+00
1.563544783140625000e+09	6.663999999999999702e+00	1.002000000000000002e+00
1.563544783390625000e+09	6.660999999999999588e+00	1.002000000000000002e+00
1.563544783687500000e+09	6.660999999999999588e+00	1.000999999999999890e+00
1.563544783859375000e+09	6.661999999999999922e+00	1.000999999999999890e+00
1.563544783968750000e+09	6.663000000000000256e+00	1.002000000000000002e+00
1.563544784062500000e+09	6.661999999999999922e+00	1.002000000000000002e+00
1.563544784171875000e+09	6.661999999999999922e+00	1.000999999999999890e+00
1.563544784281250000e+09	6.663999999999999702e+00	1.000999999999999890e+00
1.563544784718750000e+09	6.661999999999999922e+00	1.000999999999999890e+00
1.563544784921875000e+09	6.661999999999999922e+00	1.000999999999999890e+00
1.563544785046875000e+09	6.660999999999999588e+00	1.000999999999999890e+00
1.563544785140625000e+09	6.660999999999999588e+00	1.000999999999999890e+00
1.563544785250000000e+09	6.660999999999999588e+00	1.000999999999999890e+00
1.563544785359375000e+09	6.661999999999999922e+00	1.000999999999999890e+00
1.563544785453125000e+09	6.660000000000000142e+00	1.002000000000000002e+00
1.563544785734375000e+09	6.660000000000000142e+00	1.002000000000000002e+00
1.563544786062500000e+09	6.660999999999999588e+00	1.000999999999999890e+00
1.563544786156250000e+09	6.660999999999999588e+00	1.000999999999999890e+00
1.563544786265625000e+09	6.660999999999999588e+00	1.002000000000000002e+00
1.563544786375000000e+09	6.660000000000000142e+00	1.000999999999999890e+00
1.563544786468750000e+09	6.661999999999999922e+00	1.002000000000000002e+00
1.563544786578125000e+09	6.660999999999999588e+00	1.000999999999999890e+00
1.563544786984375000e+09	6.660000000000000142e+00	1.000999999999999890e+00
1.563544787140625000e+09	6.660000000000000142e+00	1.002000000000000002e+00
1.563544787234375000e+09	6.658000000000000362e+00	1.002000000000000002e+00
1.563544787343750000e+09	6.658999999999999808e+00	1.000999999999999890e+00
1.563544787453125000e+09	6.660000000000000142e+00	1.002000000000000002e+00
1.563544787562500000e+09	6.658000000000000362e+00	1.000999999999999890e+00
1.563544787656250000e+09	6.658000000000000362e+00	1.002000000000000002e+00
1.563544788078125000e+09	6.658000000000000362e+00	1.000999999999999890e+00
1.563544788265625000e+09	6.655999999999999694e+00	1.000999999999999890e+00
1.563544788375000000e+09	6.655999999999999694e+00	1.000999999999999890e+00
1.563544788484375000e+09	6.655000000000000249e+00	1.000999999999999890e+00
1.563544788578125000e+09	6.655000000000000249e+00	1.000999999999999890e+00
1.563544788687500000e+09	6.655999999999999694e+00	1.000999999999999890e+00
1.563544788921875000e+09	6.655999999999999694e+00	1.000999999999999890e+00
1.563544789218750000e+09	6.655999999999999694e+00	1.002000000000000002e+00
1.563544789375000000e+09	6.655000000000000249e+00	1.002000000000000002e+00
1.563544789484375000e+09	6.653999999999999915e+00	1.002000000000000002e+00
1.563544789593750000e+09	6.653999999999999915e+00	1.000999999999999890e+00
1.563544789687500000e+09	6.653999999999999915e+00	1.000999999999999890e+00
1.563544789796875000e+09	6.653999999999999915e+00	1.000999999999999890e+00
1.563544790078125000e+09	6.652999999999999581e+00	1.000999999999999890e+00
1.563544790296875000e+09	6.653999999999999915e+00	1.000999999999999890e+00
1.563544790468750000e+09	6.650999999999999801e+00	1.000999999999999890e+00
1.563544790578125000e+09	6.652000000000000135e+00	1.000999999999999890e+00
1.563544790671875000e+09	6.652000000000000135e+00	1.002000000000000002e+00
1.563544790781250000e+09	6.652999999999999581e+00	1.000999999999999890e+00
1.563544790890625000e+09	6.652999999999999581e+00	1.000999999999999890e+00
1.563544791140625000e+09	6.652999999999999581e+00	1.002000000000000002e+00
1.563544791390625000e+09	6.653999999999999915e+00	1.002000000000000002e+00
1.563544791625000000e+09	6.653999999999999915e+00	1.002000000000000002e+00
1.563544791734375000e+09	6.653999999999999915e+00	1.000999999999999890e+00
1.563544791828125000e+09	6.655000000000000249e+00	1.000000000000000000e+00
1.563544791937500000e+09	6.653999999999999915e+00	1.002000000000000002e+00
1.563544792031250000e+09	6.652999999999999581e+00	1.000999999999999890e+00
1.563544792359375000e+09	6.652999999999999581e+00	1.000999999999999890e+00
1.563544792703125000e+09	6.652999999999999581e+00	1.000999999999999890e+00
1.563544792812500000e+09	6.652000000000000135e+00	1.000999999999999890e+00
1.563544792921875000e+09	6.650999999999999801e+00	1.000000000000000000e+00
1.563544793015625000e+09	6.650999999999999801e+00	1.000999999999999890e+00
1.563544793125000000e+09	6.650999999999999801e+00	1.002000000000000002e+00
1.563544793328125000e+09	6.652999999999999581e+00	1.002000000000000002e+00
1.563544793656250000e+09	6.652999999999999581e+00	1.000999999999999890e+00
1.563544793828125000e+09	6.650999999999999801e+00	1.002000000000000002e+00
1.563544793937500000e+09	6.650999999999999801e+00	1.000999999999999890e+00
1.563544794046875000e+09	6.650999999999999801e+00	1.002000000000000002e+00
1.563544794156250000e+09	6.650999999999999801e+00	1.000999999999999890e+00
1.563544794250000000e+09	6.650999999999999801e+00	1.002000000000000002e+00
1.563544794515625000e+09	6.649000000000000021e+00	1.000999999999999890e+00
1.563544794734375000e+09	6.650000000000000355e+00	1.002000000000000002e+00
1.563544794921875000e+09	6.650000000000000355e+00	1.000999999999999890e+00
1.563544795031250000e+09	6.649000000000000021e+00	1.000999999999999890e+00
1.563544795140625000e+09	6.649000000000000021e+00	1.000999999999999890e+00
1.563544795234375000e+09	6.650000000000000355e+00	1.000999999999999890e+00
1.563544795343750000e+09	6.647999999999999687e+00	1.000999999999999890e+00
1.563544795656250000e+09	6.649000000000000021e+00	1.000999999999999890e+00
1.563544795937500000e+09	6.647999999999999687e+00	1.002000000000000002e+00
1.563544796078125000e+09	6.647999999999999687e+00	1.000999999999999890e+00
1.563544796187500000e+09	6.649000000000000021e+00	1.002000000000000002e+00
1.563544796281250000e+09	6.649000000000000021e+00	1.002000000000000002e+00
1.563544796390625000e+09	6.649000000000000021e+00	1.002000000000000002e+00
1.563544796484375000e+09	6.649000000000000021e+00	1.000999999999999890e+00
1.563544796906250000e+09	6.650000000000000355e+00	1.000999999999999890e+00
1.563544797062500000e+09	6.649000000000000021e+00	1.000999999999999890e+00
1.563544797187500000e+09	6.650999999999999801e+00	1.000999999999999890e+00
1.563544797296875000e+09	6.650000000000000355e+00	1.002000000000000002e+00
1.563544797390625000e+09	6.647000000000000242e+00	1.002000000000000002e+00
1.563544797500000000e+09	6.649000000000000021e+00	1.000999999999999890e+00
1.563544797609375000e+09	6.647999999999999687e+00	1.002000000000000002e+00
1.563544798015625000e+09	6.649000000000000021e+00	1.000999999999999890e+00
1.563544798171875000e+09	6.647000000000000242e+00	1.000999999999999890e+00
1.563544798296875000e+09	6.644999999999999574e+00	1.000999999999999890e+00
1.563544798406250000e+09	6.647000000000000242e+00	1.000999999999999890e+00
1.563544798500000000e+09	6.647000000000000242e+00	1.000999999999999890e+00
1.563544798609375000e+09	6.647999999999999687e+00	1.000999999999999890e+00
1.563544798703125000e+09	6.647000000000000242e+00	1.000999999999999890e+00
1.563544799125000000e+09	6.647000000000000242e+00	1.000999999999999890e+00
1.563544799328125000e+09	6.647000000000000242e+00	1.000999999999999890e+00
1.563544799468750000e+09	6.645999999999999908e+00	1.002000000000000002e+00
1.563544799578125000e+09	6.645999999999999908e+00	1.000999999999999890e+00
1.563544799671875000e+09	6.644999999999999574e+00	1.000999999999999890e+00
1.563544799781250000e+09	6.644000000000000128e+00	1.000999999999999890e+00
1.563544799875000000e+09	6.647000000000000242e+00	1.000999999999999890e+00
1.563544800156250000e+09	6.645999999999999908e+00	1.002000000000000002e+00
1.563544800406250000e+09	6.644999999999999574e+00	1.000999999999999890e+00
1.563544800562500000e+09	6.644999999999999574e+00	1.002000000000000002e+00
1.563544800656250000e+09	6.642999999999999794e+00	1.000999999999999890e+00
1.563544800765625000e+09	6.644999999999999574e+00	1.002000000000000002e+00
1.563544800875000000e+09	6.644999999999999574e+00	1.000999999999999890e+00
1.563544800968750000e+09	6.645999999999999908e+00	1.000999999999999890e+00
1.563544801390625000e+09	6.644999999999999574e+00	1.002000000000000002e+00
1.563544801562500000e+09	6.645999999999999908e+00	1.000999999999999890e+00
1.563544801671875000e+09	6.644999999999999574e+00	1.000999999999999890e+00
1.563544801781250000e+09	6.644999999999999574e+00	1.002000000000000002e+00
1.563544801875000000e+09	6.645999999999999908e+00	1.000999999999999890e+00
1.563544801984375000e+09	6.645999999999999908e+00	1.000999999999999890e+00
1.563544802093750000e+09	6.644999999999999574e+00	1.000999999999999890e+00
1.563544802390625000e+09	6.644999999999999574e+00	1.000999999999999890e+00
1.563544802640625000e+09	6.644999999999999574e+00	1.000999999999999890e+00
1.563544802781250000e+09	6.644000000000000128e+00	1.002000000000000002e+00
1.563544802890625000e+09	6.644999999999999574e+00	1.000999999999999890e+00
1.563544802984375000e+09	6.644999999999999574e+00	1.002000000000000002e+00
1.563544803093750000e+09	6.642999999999999794e+00	1.000999999999999890e+00
1.563544803203125000e+09	6.644000000000000128e+00	1.000999999999999890e+00
1.563544803562500000e+09	6.642999999999999794e+00	1.002000000000000002e+00
1.563544803765625000e+09	6.642999999999999794e+00	1.000999999999999890e+00
1.563544803890625000e+09	6.642999999999999794e+00	1.002000000000000002e+00
1.563544804000000000e+09	6.642999999999999794e+00	1.000999999999999890e+00
1.563544804109375000e+09	6.642000000000000348e+00	1.000999999999999890e+00
1.563544804203125000e+09	6.642999999999999794e+00	1.000999999999999890e+00
1.563544804312500000e+09	6.642000000000000348e+00	1.000999999999999890e+00
1.563544804656250000e+09	6.642999999999999794e+00	1.000999999999999890e+00
1.563544804859375000e+09	6.642000000000000348e+00	1.000999999999999890e+00
1.563544805000000000e+09	6.642000000000000348e+00	1.000999999999999890e+00
1.563544805109375000e+09	6.641000000000000014e+00	1.000999999999999890e+00
1.563544805218750000e+09	6.642999999999999794e+00	1.002000000000000002e+00
1.563544805312500000e+09	6.642999999999999794e+00	1.000999999999999890e+00
1.563544805421875000e+09	6.642999999999999794e+00	1.000999999999999890e+00
1.563544805843750000e+09	6.642000000000000348e+00	1.000999999999999890e+00
1.563544806046875000e+09	6.642999999999999794e+00	1.000999999999999890e+00
1.563544806156250000e+09	6.642999999999999794e+00	1.002000000000000002e+00
1.563544806250000000e+09	6.642999999999999794e+00	1.000999999999999890e+00
1.563544806359375000e+09	6.642999999999999794e+00	1.002000000000000002e+00
1.563544806468750000e+09	6.644999999999999574e+00	1.000999999999999890e+00
1.563544806687500000e+09	6.642999999999999794e+00	1.000999999999999890e+00
1.563544807078125000e+09	6.644999999999999574e+00	1.000999999999999890e+00
1.563544807250000000e+09	6.644999999999999574e+00	1.002000000000000002e+00
1.563544807359375000e+09	6.644999999999999574e+00	1.002000000000000002e+00
1.563544807468750000e+09	6.642999999999999794e+00	1.000999999999999890e+00
1.563544807562500000e+09	6.642999999999999794e+00	1.002000000000000002e+00
1.563544807671875000e+09	6.642000000000000348e+00	1.000999999999999890e+00
1.563544807843750000e+09	6.642000000000000348e+00	1.000999999999999890e+00
1.563544808140625000e+09	6.642999999999999794e+00	1.002000000000000002e+00
1.563544808343750000e+09	6.642999999999999794e+00	1.000999999999999890e+00
1.563544808437500000e+09	6.642000000000000348e+00	1.002000000000000002e+00
1.563544808546875000e+09	6.642000000000000348e+00	1.000999999999999890e+00
1.563544808656250000e+09	6.642000000000000348e+00	1.000999999999999890e+00
1.563544808750000000e+09	6.641000000000000014e+00	1.000999999999999890e+00
1.563544808937500000e+09	6.642000000000000348e+00	1.000999999999999890e+00
1.563544809281250000e+09	6.642000000000000348e+00	1.000999999999999890e+00
1.563544809468750000e+09	6.639000000000000234e+00	1.000999999999999890e+00
1.563544809578125000e+09	6.641000000000000014e+00	1.000999999999999890e+00
1.563544809687500000e+09	6.639999999999999680e+00	1.000999999999999890e+00
1.563544809796875000e+09	6.639999999999999680e+00	1.002000000000000002e+00
1.563544809890625000e+09	6.639999999999999680e+00	1.000999999999999890e+00
1.563544810140625000e+09	6.639999999999999680e+00	1.002000000000000002e+00
1.563544810421875000e+09	6.639999999999999680e+00	1.002000000000000002e+00
1.563544810578125000e+09	6.642000000000000348e+00	1.002000000000000002e+00
1.563544810687500000e+09	6.639999999999999680e+00	1.000999999999999890e+00
1.563544810781250000e+09	6.641000000000000014e+00	1.002000000000000002e+00
1.563544810890625000e+09	6.641000000000000014e+00	1.002000000000000002e+00
1.563544811000000000e+09	6.641000000000000014e+00	1.002000000000000002e+00
1.563544811125000000e+09	6.642000000000000348e+00	1.000999999999999890e+00
1.563544811484375000e+09	6.639999999999999680e+00	1.000999999999999890e+00
1.563544811687500000e+09	6.641000000000000014e+00	1.000999999999999890e+00
1.563544811781250000e+09	6.642000000000000348e+00	1.000999999999999890e+00
1.563544811890625000e+09	6.639999999999999680e+00	1.000999999999999890e+00
1.563544812000000000e+09	6.642999999999999794e+00	1.002000000000000002e+00
1.563544812109375000e+09	6.642000000000000348e+00	1.002000000000000002e+00
1.563544812359375000e+09	6.642000000000000348e+00	1.000999999999999890e+00
1.563544812640625000e+09	6.641000000000000014e+00	1.002000000000000002e+00
1.563544812828125000e+09	6.642000000000000348e+00	1.002000000000000002e+00
1.563544812937500000e+09	6.639999999999999680e+00	1.002000000000000002e+00
1.563544813031250000e+09	6.642000000000000348e+00	1.002000000000000002e+00
1.563544813140625000e+09	6.642000000000000348e+00	1.000999999999999890e+00
1.563544813234375000e+09	6.642999999999999794e+00	1.002000000000000002e+00
1.563544813656250000e+09	6.641000000000000014e+00	1.002000000000000002e+00
1.563544813906250000e+09	6.639999999999999680e+00	1.002000000000000002e+00
1.563544814046875000e+09	6.639999999999999680e+00	1.002000000000000002e+00
1.563544814156250000e+09	6.642000000000000348e+00	1.000999999999999890e+00
1.563544814265625000e+09	6.642000000000000348e+00	1.002000000000000002e+00
1.563544814359375000e+09	6.641000000000000014e+00	1.000999999999999890e+00
1.563544814468750000e+09	6.641000000000000014e+00	1.000999999999999890e+00
1.563544814750000000e+09	6.641000000000000014e+00	1.002000000000000002e+00
1.563544814968750000e+09	6.642000000000000348e+00	1.000999999999999890e+00
1.563544815109375000e+09	6.642000000000000348e+00	1.000999999999999890e+00
1.563544815218750000e+09	6.642000000000000348e+00	1.002000000000000002e+00
1.563544815328125000e+09	6.642000000000000348e+00	1.000999999999999890e+00
1.563544815421875000e+09	6.642000000000000348e+00	1.002000000000000002e+00
1.563544815531250000e+09	6.641000000000000014e+00	1.002000000000000002e+00
1.563544815781250000e+09	6.641000000000000014e+00	1.002000000000000002e+00
1.563544816062500000e+09	6.642000000000000348e+00	1.002000000000000002e+00
1.563544816218750000e+09	6.642000000000000348e+00	1.002000000000000002e+00
1.563544816328125000e+09	6.642000000000000348e+00	1.000999999999999890e+00
1.563544816437500000e+09	6.642000000000000348e+00	1.002000000000000002e+00
1.563544816531250000e+09	6.642999999999999794e+00	1.000999999999999890e+00
1.563544816640625000e+09	6.642999999999999794e+00	1.000999999999999890e+00
1.563544816875000000e+09	6.642000000000000348e+00	1.000999999999999890e+00
1.563544817125000000e+09	6.639000000000000234e+00	1.000000000000000000e+00
1.563544817328125000e+09	6.642000000000000348e+00	1.000999999999999890e+00
1.563544817437500000e+09	6.639999999999999680e+00	1.000999999999999890e+00
1.563544817546875000e+09	6.641000000000000014e+00	1.002000000000000002e+00
1.563544817640625000e+09	6.639999999999999680e+00	1.002000000000000002e+00
1.563544817750000000e+09	6.639999999999999680e+00	1.002000000000000002e+00
1.563544817937500000e+09	6.642000000000000348e+00	1.000999999999999890e+00
1.563544818171875000e+09	6.639999999999999680e+00	1.002000000000000002e+00
1.563544818375000000e+09	6.639999999999999680e+00	1.002000000000000002e+00
1.563544818500000000e+09	6.639999999999999680e+00	1.000999999999999890e+00
1.563544818609375000e+09	6.639999999999999680e+00	1.002000000000000002e+00
1.563544818718750000e+09	6.639999999999999680e+00	1.000999999999999890e+00
1.563544818828125000e+09	6.639999999999999680e+00	1.000999999999999890e+00
1.563544818921875000e+09	6.639999999999999680e+00	1.000999999999999890e+00
1.563544819218750000e+09	6.639999999999999680e+00	1.000999999999999890e+00
1.563544819468750000e+09	6.641000000000000014e+00	1.002000000000000002e+00
1.563544819625000000e+09	6.639999999999999680e+00	1.002000000000000002e+00
1.563544819734375000e+09	6.639999999999999680e+00	1.000999999999999890e+00
1.563544819843750000e+09	6.639999999999999680e+00	1.000999999999999890e+00
1.563544819953125000e+09	6.641000000000000014e+00	1.000999999999999890e+00
1.563544820046875000e+09	6.639999999999999680e+00	1.000999999999999890e+00
1.563544820453125000e+09	6.642000000000000348e+00	1.002000000000000002e+00
1.563544820703125000e+09	6.641000000000000014e+00	1.000999999999999890e+00
1.563544820796875000e+09	6.639999999999999680e+00	1.000999999999999890e+00
1.563544820906250000e+09	6.642000000000000348e+00	1.002000000000000002e+00
1.563544821015625000e+09	6.639999999999999680e+00	1.000999999999999890e+00
1.563544821109375000e+09	6.641000000000000014e+00	1.002000000000000002e+00
1.563544821359375000e+09	6.639000000000000234e+00	1.000999999999999890e+00
1.563544821656250000e+09	6.639999999999999680e+00	1.000999999999999890e+00
1.563544821812500000e+09	6.641000000000000014e+00	1.000999999999999890e+00
1.563544821953125000e+09	6.639000000000000234e+00	1.000999999999999890e+00
1.563544822062500000e+09	6.639999999999999680e+00	1.002000000000000002e+00
1.563544822156250000e+09	6.639999999999999680e+00	1.002000000000000002e+00
1.563544822265625000e+09	6.637999999999999901e+00	1.000999999999999890e+00
1.563544822375000000e+09	6.639000000000000234e+00	1.002000000000000002e+00
1.563544822734375000e+09	6.641000000000000014e+00	1.000999999999999890e+00
1.563544822921875000e+09	6.639999999999999680e+00	1.002000000000000002e+00
1.563544823078125000e+09	6.639999999999999680e+00	1.002000000000000002e+00
1.563544823171875000e+09	6.641000000000000014e+00	1.000999999999999890e+00
1.563544823281250000e+09	6.639999999999999680e+00	1.000999999999999890e+00
1.563544823390625000e+09	6.639999999999999680e+00	1.000999999999999890e+00
1.563544823500000000e+09	6.641000000000000014e+00	1.002000000000000002e+00
1.563544823781250000e+09	6.639999999999999680e+00	1.000999999999999890e+00
1.563544824015625000e+09	6.639000000000000234e+00	1.000999999999999890e+00
1.563544824171875000e+09	6.637999999999999901e+00	1.000999999999999890e+00
1.563544824265625000e+09	6.637999999999999901e+00	1.000999999999999890e+00
1.563544824375000000e+09	6.637999999999999901e+00	1.002000000000000002e+00
1.563544824484375000e+09	6.639000000000000234e+00	1.000999999999999890e+00
1.563544824578125000e+09	6.637999999999999901e+00	1.002000000000000002e+00
1.563544824984375000e+09	6.639999999999999680e+00	1.000999999999999890e+00
1.563544825187500000e+09	6.637999999999999901e+00	1.002000000000000002e+00
1.563544825296875000e+09	6.639000000000000234e+00	1.002000000000000002e+00
1.563544825390625000e+09	6.637999999999999901e+00	1.002000000000000002e+00
1.563544825500000000e+09	6.637999999999999901e+00	1.000999999999999890e+00
1.563544825609375000e+09	6.637999999999999901e+00	1.000000000000000000e+00
1.563544825843750000e+09	6.639999999999999680e+00	1.000999999999999890e+00
1.563544826093750000e+09	6.639999999999999680e+00	1.000999999999999890e+00
1.563544826281250000e+09	6.639999999999999680e+00	1.002000000000000002e+00
1.563544826390625000e+09	6.639999999999999680e+00	1.002000000000000002e+00
1.563544826500000000e+09	6.639999999999999680e+00	1.000999999999999890e+00
1.563544826609375000e+09	6.639999999999999680e+00	1.002000000000000002e+00
1.563544826703125000e+09	6.639999999999999680e+00	1.002000000000000002e+00
1.563544826937500000e+09	6.639999999999999680e+00	1.000999999999999890e+00
1.563544827218750000e+09	6.639000000000000234e+00	1.002000000000000002e+00
1.563544827375000000e+09	6.637999999999999901e+00	1.000999999999999890e+00
1.563544827484375000e+09	6.637999999999999901e+00	1.002000000000000002e+00
1.563544827593750000e+09	6.639000000000000234e+00	1.002000000000000002e+00
1.563544827687500000e+09	6.637999999999999901e+00	1.002000000000000002e+00
1.563544827796875000e+09	6.639999999999999680e+00	1.000999999999999890e+00
1.563544828031250000e+09	6.637999999999999901e+00	1.000999999999999890e+00
1.563544828281250000e+09	6.639999999999999680e+00	1.000999999999999890e+00
1.563544828562500000e+09	6.639999999999999680e+00	1.000999999999999890e+00
1.563544828656250000e+09	6.639999999999999680e+00	1.000999999999999890e+00
1.563544828765625000e+09	6.637999999999999901e+00	1.000999999999999890e+00
1.563544828875000000e+09	6.637999999999999901e+00	1.000999999999999890e+00
1.563544828968750000e+09	6.639000000000000234e+00	1.000999999999999890e+00
1.563544829265625000e+09	6.642000000000000348e+00	1.002000000000000002e+00
1.563544829562500000e+09	6.637999999999999901e+00	1.000999999999999890e+00
1.563544829671875000e+09	6.637999999999999901e+00	1.000999999999999890e+00
1.563544829781250000e+09	6.639999999999999680e+00	1.000999999999999890e+00
1.563544829875000000e+09	6.637999999999999901e+00	1.000999999999999890e+00
1.563544829984375000e+09	6.636999999999999567e+00	1.000999999999999890e+00
1.563544830093750000e+09	6.637999999999999901e+00	1.000999999999999890e+00
1.563544830375000000e+09	6.636999999999999567e+00	1.000999999999999890e+00
1.563544830625000000e+09	6.641000000000000014e+00	1.000999999999999890e+00
1.563544830734375000e+09	6.642000000000000348e+00	1.000999999999999890e+00
1.563544830828125000e+09	6.639000000000000234e+00	1.002000000000000002e+00
1.563544830937500000e+09	6.639999999999999680e+00	1.000999999999999890e+00
1.563544831046875000e+09	6.641000000000000014e+00	1.002000000000000002e+00
1.563544831156250000e+09	6.642000000000000348e+00	1.002000000000000002e+00
1.563544831390625000e+09	6.642000000000000348e+00	1.002000000000000002e+00
1.563544831703125000e+09	6.641000000000000014e+00	1.000999999999999890e+00
1.563544831859375000e+09	6.641000000000000014e+00	1.002000000000000002e+00
1.563544831953125000e+09	6.639999999999999680e+00	1.000999999999999890e+00
1.563544832062500000e+09	6.639999999999999680e+00	1.000999999999999890e+00
1.563544832171875000e+09	6.641000000000000014e+00	1.000999999999999890e+00
1.563544832265625000e+09	6.642000000000000348e+00	1.000999999999999890e+00
1.563544832656250000e+09	6.637999999999999901e+00	1.000999999999999890e+00
1.563544832875000000e+09	6.642000000000000348e+00	1.002000000000000002e+00
1.563544832984375000e+09	6.642000000000000348e+00	1.000999999999999890e+00
1.563544833093750000e+09	6.642000000000000348e+00	1.002000000000000002e+00
1.563544833187500000e+09	6.642000000000000348e+00	1.000999999999999890e+00
1.563544833296875000e+09	6.642000000000000348e+00	1.000999999999999890e+00
1.563544833515625000e+09	6.642999999999999794e+00	1.000999999999999890e+00
1.563544833875000000e+09	6.641000000000000014e+00	1.000999999999999890e+00
1.563544834031250000e+09	6.639999999999999680e+00	1.000999999999999890e+00
1.563544834125000000e+09	6.639000000000000234e+00	1.002000000000000002e+00
1.563544834234375000e+09	6.639999999999999680e+00	1.000999999999999890e+00
1.563544834343750000e+09	6.639999999999999680e+00	1.000999999999999890e+00
1.563544834453125000e+09	6.641000000000000014e+00	1.000999999999999890e+00
1.563544834796875000e+09	6.639999999999999680e+00	1.000999999999999890e+00
1.563544835000000000e+09	6.642000000000000348e+00	1.000999999999999890e+00
1.563544835140625000e+09	6.641000000000000014e+00	1.000999999999999890e+00
1.563544835250000000e+09	6.639999999999999680e+00	1.002000000000000002e+00
1.563544835359375000e+09	6.642000000000000348e+00	1.002000000000000002e+00
1.563544835453125000e+09	6.639999999999999680e+00	1.000999999999999890e+00
1.563544835562500000e+09	6.639999999999999680e+00	1.000999999999999890e+00
1.563544835984375000e+09	6.639999999999999680e+00	1.002000000000000002e+00
1.563544836187500000e+09	6.641000000000000014e+00	1.002000000000000002e+00
1.563544836312500000e+09	6.641000000000000014e+00	1.002000000000000002e+00
1.563544836421875000e+09	6.639999999999999680e+00	1.000999999999999890e+00
1.563544836531250000e+09	6.642000000000000348e+00	1.002000000000000002e+00
1.563544836640625000e+09	6.639999999999999680e+00	1.000999999999999890e+00
1.563544836734375000e+09	6.642000000000000348e+00	1.000999999999999890e+00
1.563544837062500000e+09	6.641000000000000014e+00	1.000999999999999890e+00
1.563544837281250000e+09	6.639999999999999680e+00	1.000999999999999890e+00
1.563544837421875000e+09	6.641000000000000014e+00	1.002000000000000002e+00
1.563544837531250000e+09	6.642000000000000348e+00	1.000999999999999890e+00
1.563544837640625000e+09	6.641000000000000014e+00	1.000999999999999890e+00
1.563544837734375000e+09	6.639999999999999680e+00	1.000999999999999890e+00
1.563544837843750000e+09	6.639999999999999680e+00	1.000999999999999890e+00
1.563544838203125000e+09	6.641000000000000014e+00	1.002000000000000002e+00
1.563544838406250000e+09	6.641000000000000014e+00	1.002000000000000002e+00
1.563544838531250000e+09	6.642000000000000348e+00	1.002000000000000002e+00
1.563544838625000000e+09	6.639000000000000234e+00	1.002000000000000002e+00
1.563544838734375000e+09	6.639000000000000234e+00	1.000999999999999890e+00
1.563544838843750000e+09	6.639999999999999680e+00	1.000999999999999890e+00
1.563544838937500000e+09	6.639000000000000234e+00	1.000999999999999890e+00
1.563544839234375000e+09	6.637999999999999901e+00	1.002000000000000002e+00
1.563544839468750000e+09	6.639000000000000234e+00	1.000999999999999890e+00
1.563544839609375000e+09	6.636999999999999567e+00	1.000999999999999890e+00
1.563544839718750000e+09	6.637999999999999901e+00	1.000999999999999890e+00
1.563544839828125000e+09	6.637999999999999901e+00	1.000999999999999890e+00
1.563544839921875000e+09	6.637999999999999901e+00	1.002000000000000002e+00
1.563544840031250000e+09	6.639999999999999680e+00	1.000999999999999890e+00
1.563544840406250000e+09	6.637999999999999901e+00	1.002000000000000002e+00
1.563544840562500000e+09	6.637999999999999901e+00	1.000000000000000000e+00
1.563544840703125000e+09	6.639999999999999680e+00	1.000999999999999890e+00
1.563544840812500000e+09	6.637999999999999901e+00	1.000999999999999890e+00
1.563544840921875000e+09	6.639999999999999680e+00	1.000999999999999890e+00
1.563544841031250000e+09	6.637999999999999901e+00	1.000999999999999890e+00
1.563544841125000000e+09	6.639000000000000234e+00	1.000999999999999890e+00
1.563544841468750000e+09	6.639999999999999680e+00	1.000999999999999890e+00
1.563544841656250000e+09	6.639999999999999680e+00	1.000999999999999890e+00
1.563544841796875000e+09	6.639999999999999680e+00	1.000999999999999890e+00
1.563544841906250000e+09	6.639999999999999680e+00	1.000999999999999890e+00
1.563544842015625000e+09	6.641000000000000014e+00	1.002000000000000002e+00
1.563544842125000000e+09	6.639999999999999680e+00	1.002000000000000002e+00
1.563544842218750000e+09	6.639999999999999680e+00	1.002000000000000002e+00
1.563544842515625000e+09	6.641000000000000014e+00	1.000000000000000000e+00
1.563544842765625000e+09	6.639999999999999680e+00	1.000999999999999890e+00
1.563544842890625000e+09	6.639999999999999680e+00	1.002000000000000002e+00
1.563544843000000000e+09	6.639999999999999680e+00	1.000999999999999890e+00
1.563544843109375000e+09	6.642000000000000348e+00	1.000999999999999890e+00
1.563544843203125000e+09	6.642000000000000348e+00	1.002000000000000002e+00
1.563544843312500000e+09	6.642000000000000348e+00	1.002000000000000002e+00
1.563544843703125000e+09	6.639999999999999680e+00	1.000999999999999890e+00
1.563544843921875000e+09	6.641000000000000014e+00	1.002000000000000002e+00
1.563544844078125000e+09	6.639999999999999680e+00	1.000999999999999890e+00
1.563544844171875000e+09	6.639000000000000234e+00	1.000999999999999890e+00
1.563544844281250000e+09	6.639999999999999680e+00	1.000999999999999890e+00
1.563544844390625000e+09	6.641000000000000014e+00	1.000999999999999890e+00
1.563544844484375000e+09	6.639000000000000234e+00	1.000999999999999890e+00
1.563544844843750000e+09	6.639999999999999680e+00	1.000999999999999890e+00
1.563544845015625000e+09	6.639999999999999680e+00	1.000999999999999890e+00
1.563544845156250000e+09	6.641000000000000014e+00	1.002000000000000002e+00
1.563544845265625000e+09	6.639999999999999680e+00	1.000999999999999890e+00
1.563544845359375000e+09	6.642000000000000348e+00	1.000999999999999890e+00
1.563544845468750000e+09	6.641000000000000014e+00	1.002000000000000002e+00
1.563544845578125000e+09	6.641000000000000014e+00	1.000999999999999890e+00
1.563544845984375000e+09	6.642000000000000348e+00	1.000999999999999890e+00
1.563544846156250000e+09	6.639999999999999680e+00	1.002000000000000002e+00
1.563544846265625000e+09	6.641000000000000014e+00	1.000999999999999890e+00
1.563544846359375000e+09	6.642000000000000348e+00	1.002000000000000002e+00
1.563544846468750000e+09	6.642000000000000348e+00	1.002000000000000002e+00
1.563544846562500000e+09	6.642000000000000348e+00	1.000999999999999890e+00
1.563544846671875000e+09	6.641000000000000014e+00	1.000999999999999890e+00
1.563544847000000000e+09	6.642000000000000348e+00	1.000999999999999890e+00
1.563544847234375000e+09	6.641000000000000014e+00	1.000999999999999890e+00
1.563544847359375000e+09	6.641000000000000014e+00	1.002000000000000002e+00
1.563544847453125000e+09	6.639999999999999680e+00	1.002000000000000002e+00
1.563544847562500000e+09	6.642000000000000348e+00	1.000999999999999890e+00
1.563544847671875000e+09	6.639000000000000234e+00	1.002000000000000002e+00
1.563544847765625000e+09	6.641000000000000014e+00	1.002000000000000002e+00
1.563544848156250000e+09	6.641000000000000014e+00	1.000999999999999890e+00
1.563544848312500000e+09	6.641000000000000014e+00	1.002000000000000002e+00
1.563544848437500000e+09	6.642000000000000348e+00	1.002000000000000002e+00
1.563544848546875000e+09	6.639999999999999680e+00	1.000999999999999890e+00
1.563544848656250000e+09	6.641000000000000014e+00	1.002000000000000002e+00
1.563544848765625000e+09	6.639999999999999680e+00	1.000999999999999890e+00
1.563544848859375000e+09	6.642000000000000348e+00	1.000999999999999890e+00
1.563544849156250000e+09	6.642000000000000348e+00	1.002000000000000002e+00
1.563544849421875000e+09	6.642000000000000348e+00	1.002000000000000002e+00
1.563544849546875000e+09	6.641000000000000014e+00	1.002000000000000002e+00
1.563544849640625000e+09	6.642999999999999794e+00	1.002000000000000002e+00
1.563544849750000000e+09	6.642000000000000348e+00	1.002000000000000002e+00
1.563544849859375000e+09	6.639999999999999680e+00	1.000999999999999890e+00
1.563544849953125000e+09	6.641000000000000014e+00	1.002000000000000002e+00
1.563544850296875000e+09	6.642000000000000348e+00	1.002000000000000002e+00
1.563544850562500000e+09	6.642999999999999794e+00	1.000999999999999890e+00
1.563544850718750000e+09	6.642000000000000348e+00	1.000999999999999890e+00
1.563544850812500000e+09	6.642999999999999794e+00	1.000999999999999890e+00
1.563544850921875000e+09	6.642999999999999794e+00	1.000999999999999890e+00
1.563544851031250000e+09	6.644000000000000128e+00	1.002000000000000002e+00
1.563544851125000000e+09	6.642999999999999794e+00	1.000999999999999890e+00
1.563544851406250000e+09	6.642000000000000348e+00	1.000999999999999890e+00
1.563544851656250000e+09	6.642000000000000348e+00	1.000999999999999890e+00
1.563544851796875000e+09	6.642000000000000348e+00	1.000999999999999890e+00
1.563544851906250000e+09	6.642999999999999794e+00	1.002000000000000002e+00
1.563544852015625000e+09	6.642000000000000348e+00	1.000999999999999890e+00
1.563544852109375000e+09	6.642000000000000348e+00	1.002000000000000002e+00
1.563544852218750000e+09	6.639999999999999680e+00	1.002000000000000002e+00
1.563544852531250000e+09	6.641000000000000014e+00	1.000999999999999890e+00
1.563544852750000000e+09	6.639999999999999680e+00	1.002000000000000002e+00
1.563544852890625000e+09	6.641000000000000014e+00	1.000999999999999890e+00
1.563544853000000000e+09	6.642999999999999794e+00	1.002000000000000002e+00
1.563544853109375000e+09	6.642000000000000348e+00	1.002000000000000002e+00
1.563544853203125000e+09	6.642000000000000348e+00	1.000999999999999890e+00
1.563544853312500000e+09	6.642000000000000348e+00	1.000999999999999890e+00
1.563544853718750000e+09	6.639999999999999680e+00	1.000999999999999890e+00
1.563544853937500000e+09	6.642000000000000348e+00	1.000999999999999890e+00
1.563544854046875000e+09	6.641000000000000014e+00	1.000999999999999890e+00
1.563544854156250000e+09	6.639999999999999680e+00	1.002000000000000002e+00
1.563544854265625000e+09	6.641000000000000014e+00	1.002000000000000002e+00
1.563544854359375000e+09	6.642000000000000348e+00	1.000999999999999890e+00
1.563544854593750000e+09	6.641000000000000014e+00	1.002000000000000002e+00
1.563544854859375000e+09	6.641000000000000014e+00	1.002000000000000002e+00
1.563544855062500000e+09	6.639999999999999680e+00	1.000999999999999890e+00
1.563544855156250000e+09	6.642000000000000348e+00	1.000999999999999890e+00
1.563544855265625000e+09	6.641000000000000014e+00	1.000999999999999890e+00
1.563544855375000000e+09	6.641000000000000014e+00	1.000999999999999890e+00
1.563544855468750000e+09	6.642000000000000348e+00	1.000999999999999890e+00
1.563544855656250000e+09	6.639999999999999680e+00	1.002000000000000002e+00
1.563544855937500000e+09	6.641000000000000014e+00	1.000999999999999890e+00
1.563544856140625000e+09	6.642000000000000348e+00	1.000999999999999890e+00
1.563544856250000000e+09	6.642000000000000348e+00	1.002000000000000002e+00
1.563544856343750000e+09	6.641000000000000014e+00	1.002000000000000002e+00
1.563544856453125000e+09	6.642999999999999794e+00	1.002000000000000002e+00
1.563544856546875000e+09	6.642000000000000348e+00	1.000999999999999890e+00
1.563544856812500000e+09	6.642000000000000348e+00	1.002000000000000002e+00
1.563544857078125000e+09	6.642999999999999794e+00	1.002000000000000002e+00
1.563544857234375000e+09	6.642000000000000348e+00	1.002000000000000002e+00
1.563544857343750000e+09	6.642000000000000348e+00	1.000999999999999890e+00
1.563544857437500000e+09	6.642000000000000348e+00	1.000999999999999890e+00
1.563544857546875000e+09	6.641000000000000014e+00	1.002000000000000002e+00
1.563544857656250000e+09	6.639999999999999680e+00	1.000999999999999890e+00
1.563544857781250000e+09	6.641000000000000014e+00	1.002000000000000002e+00
1.563544858171875000e+09	6.642000000000000348e+00	1.002000000000000002e+00
1.563544858343750000e+09	6.639999999999999680e+00	1.002000000000000002e+00
1.563544858500000000e+09	6.641000000000000014e+00	1.000999999999999890e+00
1.563544858593750000e+09	6.641000000000000014e+00	1.000999999999999890e+00
1.563544858703125000e+09	6.642000000000000348e+00	1.000999999999999890e+00
1.563544858812500000e+09	6.639999999999999680e+00	1.000999999999999890e+00
1.563544858906250000e+09	6.641000000000000014e+00	1.000999999999999890e+00
1.563544859265625000e+09	6.639999999999999680e+00	1.002000000000000002e+00
1.563544859468750000e+09	6.641000000000000014e+00	1.000999999999999890e+00
1.563544859609375000e+09	6.641000000000000014e+00	1.000999999999999890e+00
1.563544859703125000e+09	6.642000000000000348e+00	1.000999999999999890e+00
1.563544859812500000e+09	6.642000000000000348e+00	1.000999999999999890e+00
1.563544859921875000e+09	6.642000000000000348e+00	1.000999999999999890e+00
1.563544860015625000e+09	6.642999999999999794e+00	1.002000000000000002e+00
1.563544860406250000e+09	6.642000000000000348e+00	1.002000000000000002e+00
1.563544860578125000e+09	6.642000000000000348e+00	1.000999999999999890e+00
1.563544860718750000e+09	6.642999999999999794e+00	1.000999999999999890e+00
1.563544860828125000e+09	6.639999999999999680e+00	1.000999999999999890e+00
1.563544860937500000e+09	6.642000000000000348e+00	1.002000000000000002e+00
1.563544861031250000e+09	6.642999999999999794e+00	1.002000000000000002e+00
1.563544861140625000e+09	6.642000000000000348e+00	1.000999999999999890e+00
1.563544861500000000e+09	6.642000000000000348e+00	1.002000000000000002e+00
1.563544861687500000e+09	6.641000000000000014e+00	1.000999999999999890e+00
1.563544861828125000e+09	6.641000000000000014e+00	1.002000000000000002e+00
1.563544861937500000e+09	6.642000000000000348e+00	1.000999999999999890e+00
1.563544862031250000e+09	6.642000000000000348e+00	1.000999999999999890e+00
1.563544862140625000e+09	6.642000000000000348e+00	1.002000000000000002e+00
1.563544862250000000e+09	6.642999999999999794e+00	1.002000000000000002e+00
1.563544862562500000e+09	6.642999999999999794e+00	1.000999999999999890e+00
1.563544862812500000e+09	6.642000000000000348e+00	1.000999999999999890e+00
1.563544862937500000e+09	6.642000000000000348e+00	1.000999999999999890e+00
1.563544863046875000e+09	6.642999999999999794e+00	1.000999999999999890e+00
1.563544863140625000e+09	6.641000000000000014e+00	1.000999999999999890e+00
1.563544863250000000e+09	6.641000000000000014e+00	1.000999999999999890e+00
1.563544863343750000e+09	6.642000000000000348e+00	1.002000000000000002e+00
1.563544863703125000e+09	6.642000000000000348e+00	1.000999999999999890e+00
1.563544863921875000e+09	6.642000000000000348e+00	1.000999999999999890e+00
1.563544864046875000e+09	6.639999999999999680e+00	1.000999999999999890e+00
1.563544864156250000e+09	6.642000000000000348e+00	1.000999999999999890e+00
1.563544864265625000e+09	6.642000000000000348e+00	1.000999999999999890e+00
1.563544864359375000e+09	6.642999999999999794e+00	1.000999999999999890e+00
1.563544864468750000e+09	6.642000000000000348e+00	1.000999999999999890e+00
1.563544864828125000e+09	6.642000000000000348e+00	1.002000000000000002e+00
1.563544865015625000e+09	6.642999999999999794e+00	1.000999999999999890e+00
1.563544865156250000e+09	6.644999999999999574e+00	1.002000000000000002e+00
1.563544865250000000e+09	6.644000000000000128e+00	1.000999999999999890e+00
1.563544865359375000e+09	6.642999999999999794e+00	1.000999999999999890e+00
1.563544865468750000e+09	6.644999999999999574e+00	1.002000000000000002e+00
1.563544865562500000e+09	6.644999999999999574e+00	1.000999999999999890e+00
1.563544866078125000e+09	6.644999999999999574e+00	1.002000000000000002e+00
1.563544866203125000e+09	6.644000000000000128e+00	1.000999999999999890e+00
1.563544866328125000e+09	6.644000000000000128e+00	1.002000000000000002e+00
1.563544866421875000e+09	6.642999999999999794e+00	1.000999999999999890e+00
1.563544866531250000e+09	6.642999999999999794e+00	1.000999999999999890e+00
1.563544866640625000e+09	6.644999999999999574e+00	1.000999999999999890e+00
1.563544866734375000e+09	6.642000000000000348e+00	1.002000000000000002e+00
1.563544867015625000e+09	6.644999999999999574e+00	1.000999999999999890e+00
1.563544867250000000e+09	6.644000000000000128e+00	1.000999999999999890e+00
1.563544867406250000e+09	6.644000000000000128e+00	1.002000000000000002e+00
1.563544867515625000e+09	6.642999999999999794e+00	1.000999999999999890e+00
1.563544867609375000e+09	6.642999999999999794e+00	1.000999999999999890e+00
1.563544867718750000e+09	6.644999999999999574e+00	1.000999999999999890e+00
1.563544867812500000e+09	6.644000000000000128e+00	1.002000000000000002e+00
1.563544868078125000e+09	6.642000000000000348e+00	1.002000000000000002e+00
1.563544868312500000e+09	6.642999999999999794e+00	1.000999999999999890e+00
1.563544868515625000e+09	6.642000000000000348e+00	1.000999999999999890e+00
1.563544868625000000e+09	6.642000000000000348e+00	1.002000000000000002e+00
1.563544868718750000e+09	6.642999999999999794e+00	1.000999999999999890e+00
1.563544868828125000e+09	6.642000000000000348e+00	1.002000000000000002e+00
1.563544868921875000e+09	6.642000000000000348e+00	1.000999999999999890e+00
1.563544869203125000e+09	6.642000000000000348e+00	1.000999999999999890e+00
1.563544869453125000e+09	6.642999999999999794e+00	1.000999999999999890e+00
1.563544869625000000e+09	6.642999999999999794e+00	1.000999999999999890e+00
1.563544869718750000e+09	6.642999999999999794e+00	1.002000000000000002e+00
1.563544869828125000e+09	6.644000000000000128e+00	1.000999999999999890e+00
1.563544869937500000e+09	6.642999999999999794e+00	1.000999999999999890e+00
1.563544870031250000e+09	6.644000000000000128e+00	1.000999999999999890e+00
1.563544870140625000e+09	6.642999999999999794e+00	1.002000000000000002e+00
1.563544870500000000e+09	6.644999999999999574e+00	1.000999999999999890e+00
1.563544870640625000e+09	6.645999999999999908e+00	1.000999999999999890e+00
1.563544870781250000e+09	6.644999999999999574e+00	1.000999999999999890e+00
1.563544870890625000e+09	6.645999999999999908e+00	1.000999999999999890e+00
1.563544871000000000e+09	6.645999999999999908e+00	1.000999999999999890e+00
1.563544871093750000e+09	6.644000000000000128e+00	1.000999999999999890e+00
1.563544871203125000e+09	6.644000000000000128e+00	1.000999999999999890e+00
1.563544871562500000e+09	6.644999999999999574e+00	1.000999999999999890e+00
1.563544871750000000e+09	6.642999999999999794e+00	1.002000000000000002e+00
1.563544871890625000e+09	6.642999999999999794e+00	1.000999999999999890e+00
1.563544872000000000e+09	6.642000000000000348e+00	1.000999999999999890e+00
1.563544872109375000e+09	6.644000000000000128e+00	1.000999999999999890e+00
1.563544872203125000e+09	6.642999999999999794e+00	1.002000000000000002e+00
1.563544872312500000e+09	6.642999999999999794e+00	1.002000000000000002e+00
1.563544872625000000e+09	6.642000000000000348e+00	1.000999999999999890e+00
1.563544872890625000e+09	6.641000000000000014e+00	1.002000000000000002e+00
1.563544873031250000e+09	6.642000000000000348e+00	1.000999999999999890e+00
1.563544873140625000e+09	6.642000000000000348e+00	1.000999999999999890e+00
1.563544873250000000e+09	6.642000000000000348e+00	1.000999999999999890e+00
1.563544873343750000e+09	6.642999999999999794e+00	1.002000000000000002e+00
1.563544873453125000e+09	6.642999999999999794e+00	1.000999999999999890e+00
1.563544873687500000e+09	6.642999999999999794e+00	1.000999999999999890e+00
1.563544873984375000e+09	6.644000000000000128e+00	1.002000000000000002e+00
1.563544874140625000e+09	6.642999999999999794e+00	1.000999999999999890e+00
1.563544874234375000e+09	6.644000000000000128e+00	1.002000000000000002e+00
1.563544874343750000e+09	6.644000000000000128e+00	1.000999999999999890e+00
1.563544874437500000e+09	6.644999999999999574e+00	1.000999999999999890e+00
1.563544874546875000e+09	6.645999999999999908e+00	1.000999999999999890e+00
1.563544874781250000e+09	6.644999999999999574e+00	1.000999999999999890e+00
1.563544875031250000e+09	6.644999999999999574e+00	1.000999999999999890e+00
1.563544875265625000e+09	6.645999999999999908e+00	1.002000000000000002e+00
1.563544875359375000e+09	6.644999999999999574e+00	1.000999999999999890e+00
1.563544875468750000e+09	6.644999999999999574e+00	1.000999999999999890e+00
1.563544875562500000e+09	6.644999999999999574e+00	1.000999999999999890e+00
1.563544875671875000e+09	6.644999999999999574e+00	1.000999999999999890e+00
1.563544875843750000e+09	6.644999999999999574e+00	1.000999999999999890e+00
1.563544876156250000e+09	6.644999999999999574e+00	1.000999999999999890e+00
1.563544876375000000e+09	6.642999999999999794e+00	1.002000000000000002e+00
1.563544876484375000e+09	6.644999999999999574e+00	1.000999999999999890e+00
1.563544876578125000e+09	6.642999999999999794e+00	1.000999999999999890e+00
1.563544876687500000e+09	6.642999999999999794e+00	1.000999999999999890e+00
1.563544876796875000e+09	6.642999999999999794e+00	1.000999999999999890e+00
1.563544876906250000e+09	6.642999999999999794e+00	1.002000000000000002e+00
1.563544877187500000e+09	6.642000000000000348e+00	1.002000000000000002e+00
1.563544877406250000e+09	6.642000000000000348e+00	1.002000000000000002e+00
1.563544877546875000e+09	6.642000000000000348e+00	1.000999999999999890e+00
1.563544877640625000e+09	6.642999999999999794e+00	1.000999999999999890e+00
1.563544877750000000e+09	6.642000000000000348e+00	1.000999999999999890e+00
1.563544877859375000e+09	6.642000000000000348e+00	1.000999999999999890e+00
1.563544877953125000e+09	6.641000000000000014e+00	1.000999999999999890e+00
1.563544878312500000e+09	6.642000000000000348e+00	1.000999999999999890e+00
1.563544878515625000e+09	6.642000000000000348e+00	1.002000000000000002e+00
1.563544878656250000e+09	6.644000000000000128e+00	1.000999999999999890e+00
1.563544878765625000e+09	6.644000000000000128e+00	1.002000000000000002e+00
1.563544878859375000e+09	6.644999999999999574e+00	1.000999999999999890e+00
1.563544878968750000e+09	6.644999999999999574e+00	1.000999999999999890e+00
1.563544879078125000e+09	6.644000000000000128e+00	1.002000000000000002e+00
1.563544879375000000e+09	6.645999999999999908e+00	1.000999999999999890e+00
1.563544879625000000e+09	6.644999999999999574e+00	1.002000000000000002e+00
1.563544879781250000e+09	6.644999999999999574e+00	1.000999999999999890e+00
1.563544879875000000e+09	6.642999999999999794e+00	1.000999999999999890e+00
1.563544879984375000e+09	6.644000000000000128e+00	1.002000000000000002e+00
1.563544880078125000e+09	6.645999999999999908e+00	1.000999999999999890e+00
1.563544880187500000e+09	6.644999999999999574e+00	1.002000000000000002e+00
1.563544880609375000e+09	6.644000000000000128e+00	1.000999999999999890e+00
1.563544880765625000e+09	6.642000000000000348e+00	1.002000000000000002e+00
1.563544880921875000e+09	6.642999999999999794e+00	1.000999999999999890e+00
1.563544881015625000e+09	6.642999999999999794e+00	1.000999999999999890e+00
1.563544881125000000e+09	6.644000000000000128e+00	1.000999999999999890e+00
1.563544881218750000e+09	6.642999999999999794e+00	1.002000000000000002e+00
1.563544881328125000e+09	6.642999999999999794e+00	1.000999999999999890e+00
1.563544881671875000e+09	6.642000000000000348e+00	1.000999999999999890e+00
1.563544881906250000e+09	6.642999999999999794e+00	1.000999999999999890e+00
1.563544882031250000e+09	6.642999999999999794e+00	1.002000000000000002e+00
1.563544882140625000e+09	6.642999999999999794e+00	1.002000000000000002e+00
1.563544882250000000e+09	6.642000000000000348e+00	1.000999999999999890e+00
1.563544882343750000e+09	6.642000000000000348e+00	1.002000000000000002e+00
1.563544882453125000e+09	6.641000000000000014e+00	1.002000000000000002e+00
1.563544882703125000e+09	6.642999999999999794e+00	1.000999999999999890e+00
1.563544883000000000e+09	6.642999999999999794e+00	1.000999999999999890e+00
1.563544883140625000e+09	6.644000000000000128e+00	1.000999999999999890e+00
1.563544883234375000e+09	6.642000000000000348e+00	1.002000000000000002e+00
1.563544883343750000e+09	6.642999999999999794e+00	1.000999999999999890e+00
1.563544883437500000e+09	6.642999999999999794e+00	1.000999999999999890e+00
1.563544883546875000e+09	6.642000000000000348e+00	1.000999999999999890e+00
1.563544883812500000e+09	6.642999999999999794e+00	1.000999999999999890e+00
1.563544884093750000e+09	6.642999999999999794e+00	1.000999999999999890e+00
1.563544884250000000e+09	6.644999999999999574e+00	1.000999999999999890e+00
1.563544884359375000e+09	6.644999999999999574e+00	1.002000000000000002e+00
1.563544884468750000e+09	6.645999999999999908e+00	1.002000000000000002e+00
1.563544884562500000e+09	6.644999999999999574e+00	1.000999999999999890e+00
1.563544884671875000e+09	6.647000000000000242e+00	1.000999999999999890e+00
1.563544884875000000e+09	6.647000000000000242e+00	1.002000000000000002e+00
1.563544885140625000e+09	6.647999999999999687e+00	1.000999999999999890e+00
1.563544885281250000e+09	6.647999999999999687e+00	1.000999999999999890e+00
1.563544885406250000e+09	6.647000000000000242e+00	1.000999999999999890e+00
1.563544885515625000e+09	6.645999999999999908e+00	1.000999999999999890e+00
1.563544885625000000e+09	6.645999999999999908e+00	1.000999999999999890e+00
1.563544885718750000e+09	6.647000000000000242e+00	1.002000000000000002e+00
1.563544885828125000e+09	6.645999999999999908e+00	1.000999999999999890e+00
1.563544886140625000e+09	6.644999999999999574e+00	1.000999999999999890e+00
1.563544886328125000e+09	6.644999999999999574e+00	1.000999999999999890e+00
1.563544886484375000e+09	6.644999999999999574e+00	1.000999999999999890e+00
1.563544886578125000e+09	6.644999999999999574e+00	1.002000000000000002e+00
1.563544886687500000e+09	6.644999999999999574e+00	1.000999999999999890e+00
1.563544886781250000e+09	6.644999999999999574e+00	1.000999999999999890e+00
1.563544886890625000e+09	6.642999999999999794e+00	1.000999999999999890e+00
1.563544887078125000e+09	6.642999999999999794e+00	1.002000000000000002e+00
1.563544887359375000e+09	6.644999999999999574e+00	1.000999999999999890e+00
1.563544887593750000e+09	6.642999999999999794e+00	1.000999999999999890e+00
1.563544887718750000e+09	6.644000000000000128e+00	1.000999999999999890e+00
1.563544887812500000e+09	6.644000000000000128e+00	1.000999999999999890e+00
1.563544887921875000e+09	6.644000000000000128e+00	1.000999999999999890e+00
1.563544888031250000e+09	6.644000000000000128e+00	1.000999999999999890e+00
1.563544888125000000e+09	6.644000000000000128e+00	1.000999999999999890e+00
1.563544888531250000e+09	6.642999999999999794e+00	1.002000000000000002e+00
1.563544888687500000e+09	6.644999999999999574e+00	1.000999999999999890e+00
1.563544888812500000e+09	6.644999999999999574e+00	1.002000000000000002e+00
1.563544888921875000e+09	6.644999999999999574e+00	1.002000000000000002e+00
1.563544889031250000e+09	6.644999999999999574e+00	1.000999999999999890e+00
1.563544889125000000e+09	6.642999999999999794e+00	1.000999999999999890e+00
1.563544889234375000e+09	6.644999999999999574e+00	1.002000000000000002e+00
1.563544889640625000e+09	6.644999999999999574e+00	1.002000000000000002e+00
1.563544889812500000e+09	6.647000000000000242e+00	1.002000000000000002e+00
1.563544889937500000e+09	6.645999999999999908e+00	1.002000000000000002e+00
1.563544890031250000e+09	6.644999999999999574e+00	1.000999999999999890e+00
1.563544890140625000e+09	6.647000000000000242e+00	1.000999999999999890e+00
1.563544890250000000e+09	6.644999999999999574e+00	1.000999999999999890e+00
1.563544890343750000e+09	6.647000000000000242e+00	1.000999999999999890e+00
1.563544890640625000e+09	6.647000000000000242e+00	1.000999999999999890e+00
1.563544890812500000e+09	6.645999999999999908e+00	1.002000000000000002e+00
1.563544890984375000e+09	6.644000000000000128e+00	1.000999999999999890e+00
1.563544891093750000e+09	6.644999999999999574e+00	1.000999999999999890e+00
1.563544891203125000e+09	6.644999999999999574e+00	1.002000000000000002e+00
1.563544891296875000e+09	6.644999999999999574e+00	1.000999999999999890e+00
1.563544891406250000e+09	6.644999999999999574e+00	1.000999999999999890e+00
1.563544891703125000e+09	6.644999999999999574e+00	1.000999999999999890e+00
1.563544891968750000e+09	6.642999999999999794e+00	1.000999999999999890e+00
1.563544892093750000e+09	6.642999999999999794e+00	1.000999999999999890e+00
1.563544892203125000e+09	6.644000000000000128e+00	1.002000000000000002e+00
1.563544892312500000e+09	6.642999999999999794e+00	1.002000000000000002e+00
1.563544892406250000e+09	6.642999999999999794e+00	1.002000000000000002e+00
1.563544892515625000e+09	6.644000000000000128e+00	1.000999999999999890e+00
1.563544892734375000e+09	6.644000000000000128e+00	1.000999999999999890e+00
1.563544892984375000e+09	6.644000000000000128e+00	1.002000000000000002e+00
1.563544893125000000e+09	6.642999999999999794e+00	1.002000000000000002e+00
1.563544893265625000e+09	6.642999999999999794e+00	1.000999999999999890e+00
1.563544893359375000e+09	6.644000000000000128e+00	1.000999999999999890e+00
1.563544893468750000e+09	6.642999999999999794e+00	1.000999999999999890e+00
1.563544893578125000e+09	6.642999999999999794e+00	1.000999999999999890e+00
1.563544893671875000e+09	6.644999999999999574e+00	1.000999999999999890e+00
1.563544894062500000e+09	6.644999999999999574e+00	1.000999999999999890e+00
1.563544894234375000e+09	6.644999999999999574e+00	1.002000000000000002e+00
1.563544894375000000e+09	6.645999999999999908e+00	1.002000000000000002e+00
1.563544894484375000e+09	6.647000000000000242e+00	1.002000000000000002e+00
1.563544894578125000e+09	6.645999999999999908e+00	1.000999999999999890e+00
1.563544894687500000e+09	6.647999999999999687e+00	1.000999999999999890e+00
1.563544894796875000e+09	6.644999999999999574e+00	1.000999999999999890e+00
1.563544895093750000e+09	6.647000000000000242e+00	1.000999999999999890e+00
1.563544895359375000e+09	6.645999999999999908e+00	1.002000000000000002e+00
1.563544895500000000e+09	6.647000000000000242e+00	1.002000000000000002e+00
1.563544895593750000e+09	6.647000000000000242e+00	1.002000000000000002e+00
1.563544895703125000e+09	6.647000000000000242e+00	1.000999999999999890e+00
1.563544895796875000e+09	6.645999999999999908e+00	1.002000000000000002e+00
1.563544895906250000e+09	6.647000000000000242e+00	1.000999999999999890e+00
1.563544896015625000e+09	6.645999999999999908e+00	1.000999999999999890e+00
1.563544896375000000e+09	6.644999999999999574e+00	1.000999999999999890e+00
1.563544896578125000e+09	6.647999999999999687e+00	1.000999999999999890e+00
1.563544896703125000e+09	6.647000000000000242e+00	1.000999999999999890e+00
1.563544896812500000e+09	6.647000000000000242e+00	1.002000000000000002e+00
1.563544896906250000e+09	6.644999999999999574e+00	1.002000000000000002e+00
1.563544897015625000e+09	6.645999999999999908e+00	1.000999999999999890e+00
1.563544897125000000e+09	6.644999999999999574e+00	1.000999999999999890e+00
1.563544897500000000e+09	6.644999999999999574e+00	1.000999999999999890e+00
1.563544897687500000e+09	6.644999999999999574e+00	1.000999999999999890e+00
1.563544897828125000e+09	6.642999999999999794e+00	1.002000000000000002e+00
1.563544897921875000e+09	6.644999999999999574e+00	1.000999999999999890e+00
1.563544898031250000e+09	6.645999999999999908e+00	1.002000000000000002e+00
1.563544898140625000e+09	6.644999999999999574e+00	1.000999999999999890e+00
1.563544898234375000e+09	6.644999999999999574e+00	1.002000000000000002e+00
1.563544898656250000e+09	6.642999999999999794e+00	1.002000000000000002e+00
1.563544898906250000e+09	6.644999999999999574e+00	1.002000000000000002e+00
1.563544899015625000e+09	6.642999999999999794e+00	1.002000000000000002e+00
1.563544899109375000e+09	6.645999999999999908e+00	1.002000000000000002e+00
1.563544899218750000e+09	6.645999999999999908e+00	1.000999999999999890e+00
1.563544899312500000e+09	6.647000000000000242e+00	1.000999999999999890e+00
1.563544899562500000e+09	6.645999999999999908e+00	1.000999999999999890e+00
1.563544899859375000e+09	6.649000000000000021e+00	1.002000000000000002e+00
1.563544900031250000e+09	6.647999999999999687e+00	1.000999999999999890e+00
1.563544900140625000e+09	6.649000000000000021e+00	1.000999999999999890e+00
1.563544900234375000e+09	6.647000000000000242e+00	1.000999999999999890e+00
1.563544900343750000e+09	6.647000000000000242e+00	1.000999999999999890e+00
1.563544900453125000e+09	6.645999999999999908e+00	1.000999999999999890e+00
1.563544900703125000e+09	6.647999999999999687e+00	1.000999999999999890e+00
1.563544900921875000e+09	6.649000000000000021e+00	1.002000000000000002e+00
1.563544901062500000e+09	6.644999999999999574e+00	1.000999999999999890e+00
1.563544901203125000e+09	6.645999999999999908e+00	1.002000000000000002e+00
1.563544901312500000e+09	6.645999999999999908e+00	1.000999999999999890e+00
1.563544901406250000e+09	6.647000000000000242e+00	1.000999999999999890e+00
1.563544901515625000e+09	6.647000000000000242e+00	1.000999999999999890e+00
1.563544901609375000e+09	6.649000000000000021e+00	1.002000000000000002e+00
1.563544901968750000e+09	6.647000000000000242e+00	1.000999999999999890e+00
1.563544902203125000e+09	6.644999999999999574e+00	1.000999999999999890e+00
1.563544902328125000e+09	6.647000000000000242e+00	1.000999999999999890e+00
1.563544902437500000e+09	6.647000000000000242e+00	1.000999999999999890e+00
1.563544902546875000e+09	6.644999999999999574e+00	1.000999999999999890e+00
1.563544902640625000e+09	6.644999999999999574e+00	1.002000000000000002e+00
1.563544902750000000e+09	6.645999999999999908e+00	1.000999999999999890e+00
1.563544903140625000e+09	6.642999999999999794e+00	1.000999999999999890e+00
1.563544903328125000e+09	6.645999999999999908e+00	1.002000000000000002e+00
1.563544903468750000e+09	6.647000000000000242e+00	1.000999999999999890e+00
1.563544903562500000e+09	6.645999999999999908e+00	1.002000000000000002e+00
1.563544903671875000e+09	6.649000000000000021e+00	1.000999999999999890e+00
1.563544903765625000e+09	6.647999999999999687e+00	1.002000000000000002e+00
1.563544903875000000e+09	6.647000000000000242e+00	1.002000000000000002e+00
1.563544904000000000e+09	6.645999999999999908e+00	1.000999999999999890e+00
1.563544904359375000e+09	6.644999999999999574e+00	1.000999999999999890e+00
1.563544904531250000e+09	6.647999999999999687e+00	1.000999999999999890e+00
1.563544904656250000e+09	6.647999999999999687e+00	1.002000000000000002e+00
1.563544904765625000e+09	6.645999999999999908e+00	1.002000000000000002e+00
1.563544904859375000e+09	6.647000000000000242e+00	1.000999999999999890e+00
1.563544904968750000e+09	6.645999999999999908e+00	1.002000000000000002e+00
1.563544905062500000e+09	6.649000000000000021e+00	1.000999999999999890e+00
1.563544905453125000e+09	6.647000000000000242e+00	1.002000000000000002e+00
1.563544905656250000e+09	6.644999999999999574e+00	1.002000000000000002e+00
1.563544905781250000e+09	6.645999999999999908e+00	1.000999999999999890e+00
1.563544905890625000e+09	6.645999999999999908e+00	1.002000000000000002e+00
1.563544906000000000e+09	6.644999999999999574e+00	1.002000000000000002e+00
1.563544906093750000e+09	6.645999999999999908e+00	1.000999999999999890e+00
1.563544906203125000e+09	6.644999999999999574e+00	1.002000000000000002e+00
1.563544906578125000e+09	6.644999999999999574e+00	1.002000000000000002e+00
1.563544906765625000e+09	6.644999999999999574e+00	1.000999999999999890e+00
1.563544906906250000e+09	6.644999999999999574e+00	1.000999999999999890e+00
1.563544907015625000e+09	6.644000000000000128e+00	1.002000000000000002e+00
1.563544907109375000e+09	6.644999999999999574e+00	1.002000000000000002e+00
1.563544907218750000e+09	6.642999999999999794e+00	1.002000000000000002e+00
1.563544907328125000e+09	6.644000000000000128e+00	1.000999999999999890e+00
1.563544907687500000e+09	6.644999999999999574e+00	1.002000000000000002e+00
1.563544907890625000e+09	6.644999999999999574e+00	1.000999999999999890e+00
1.563544908031250000e+09	6.644999999999999574e+00	1.000999999999999890e+00
1.563544908140625000e+09	6.642999999999999794e+00	1.002000000000000002e+00
1.563544908234375000e+09	6.642999999999999794e+00	1.002000000000000002e+00
1.563544908343750000e+09	6.644999999999999574e+00	1.000999999999999890e+00
1.563544908453125000e+09	6.645999999999999908e+00	1.000999999999999890e+00
1.563544908765625000e+09	6.644000000000000128e+00	1.000999999999999890e+00
1.563544908953125000e+09	6.644999999999999574e+00	1.002000000000000002e+00
1.563544909109375000e+09	6.645999999999999908e+00	1.000999999999999890e+00
1.563544909218750000e+09	6.647999999999999687e+00	1.000999999999999890e+00
1.563544909312500000e+09	6.647000000000000242e+00	1.000999999999999890e+00
1.563544909421875000e+09	6.647999999999999687e+00	1.000999999999999890e+00
1.563544909531250000e+09	6.647000000000000242e+00	1.000999999999999890e+00
1.563544909796875000e+09	6.647000000000000242e+00	1.000999999999999890e+00
1.563544910093750000e+09	6.647999999999999687e+00	1.000999999999999890e+00
1.563544910234375000e+09	6.645999999999999908e+00	1.000999999999999890e+00
1.563544910375000000e+09	6.647000000000000242e+00	1.002000000000000002e+00
1.563544910484375000e+09	6.644999999999999574e+00	1.000999999999999890e+00
1.563544910578125000e+09	6.647000000000000242e+00	1.002000000000000002e+00
1.563544910687500000e+09	6.645999999999999908e+00	1.000999999999999890e+00
1.563544910781250000e+09	6.649000000000000021e+00	1.002000000000000002e+00
1.563544911156250000e+09	6.647999999999999687e+00	1.000999999999999890e+00
1.563544911359375000e+09	6.644999999999999574e+00	1.000999999999999890e+00
1.563544911484375000e+09	6.645999999999999908e+00	1.002000000000000002e+00
1.563544911578125000e+09	6.647000000000000242e+00	1.000999999999999890e+00
1.563544911687500000e+09	6.645999999999999908e+00	1.000999999999999890e+00
1.563544911796875000e+09	6.647000000000000242e+00	1.002000000000000002e+00
1.563544911890625000e+09	6.647000000000000242e+00	1.000999999999999890e+00
1.563544912125000000e+09	6.647000000000000242e+00	1.002000000000000002e+00
1.563544912343750000e+09	6.644999999999999574e+00	1.002000000000000002e+00
1.563544912500000000e+09	6.645999999999999908e+00	1.002000000000000002e+00
1.563544912625000000e+09	6.647000000000000242e+00	1.000999999999999890e+00
1.563544912734375000e+09	6.644999999999999574e+00	1.000999999999999890e+00
1.563544912828125000e+09	6.645999999999999908e+00	1.002000000000000002e+00
1.563544912937500000e+09	6.644999999999999574e+00	1.000999999999999890e+00
1.563544913046875000e+09	6.645999999999999908e+00	1.000999999999999890e+00
1.563544913343750000e+09	6.647000000000000242e+00	1.000999999999999890e+00
1.563544913562500000e+09	6.647999999999999687e+00	1.000999999999999890e+00
1.563544913718750000e+09	6.645999999999999908e+00	1.000999999999999890e+00
1.563544913812500000e+09	6.647999999999999687e+00	1.000999999999999890e+00
1.563544913921875000e+09	6.647999999999999687e+00	1.000999999999999890e+00
1.563544914031250000e+09	6.649000000000000021e+00	1.000999999999999890e+00
1.563544914125000000e+09	6.647999999999999687e+00	1.000999999999999890e+00
1.563544914468750000e+09	6.645999999999999908e+00	1.002000000000000002e+00
1.563544914656250000e+09	6.647000000000000242e+00	1.002000000000000002e+00
1.563544914796875000e+09	6.649000000000000021e+00	1.002000000000000002e+00
1.563544914906250000e+09	6.647000000000000242e+00	1.002000000000000002e+00
1.563544915015625000e+09	6.647000000000000242e+00	1.002000000000000002e+00
1.563544915109375000e+09	6.645999999999999908e+00	1.000999999999999890e+00
1.563544915218750000e+09	6.647000000000000242e+00	1.000999999999999890e+00
1.563544915578125000e+09	6.647000000000000242e+00	1.002000000000000002e+00
1.563544915765625000e+09	6.649000000000000021e+00	1.000999999999999890e+00
1.563544915890625000e+09	6.647000000000000242e+00	1.000999999999999890e+00
1.563544915984375000e+09	6.644999999999999574e+00	1.002000000000000002e+00
1.563544916093750000e+09	6.644999999999999574e+00	1.002000000000000002e+00
1.563544916203125000e+09	6.644999999999999574e+00	1.002000000000000002e+00
1.563544916296875000e+09	6.645999999999999908e+00	1.000000000000000000e+00
1.563544916687500000e+09	6.645999999999999908e+00	1.002000000000000002e+00
1.563544916906250000e+09	6.644999999999999574e+00	1.002000000000000002e+00
1.563544917000000000e+09	6.645999999999999908e+00	1.000999999999999890e+00
1.563544917109375000e+09	6.645999999999999908e+00	1.002000000000000002e+00
1.563544917203125000e+09	6.644999999999999574e+00	1.002000000000000002e+00
1.563544917312500000e+09	6.647000000000000242e+00	1.000999999999999890e+00
1.563544917625000000e+09	6.645999999999999908e+00	1.000999999999999890e+00
1.563544917906250000e+09	6.647000000000000242e+00	1.002000000000000002e+00
1.563544918062500000e+09	6.644999999999999574e+00	1.000999999999999890e+00
1.563544918171875000e+09	6.645999999999999908e+00	1.002000000000000002e+00
1.563544918281250000e+09	6.644999999999999574e+00	1.000999999999999890e+00
1.563544918375000000e+09	6.647000000000000242e+00	1.002000000000000002e+00
1.563544918484375000e+09	6.647999999999999687e+00	1.000999999999999890e+00
1.563544918718750000e+09	6.647000000000000242e+00	1.000999999999999890e+00
1.563544918968750000e+09	6.649000000000000021e+00	1.002000000000000002e+00
1.563544919140625000e+09	6.649000000000000021e+00	1.002000000000000002e+00
1.563544919250000000e+09	6.647000000000000242e+00	1.002000000000000002e+00
1.563544919359375000e+09	6.647000000000000242e+00	1.000999999999999890e+00
1.563544919453125000e+09	6.649000000000000021e+00	1.002000000000000002e+00
1.563544919562500000e+09	6.647000000000000242e+00	1.002000000000000002e+00
1.563544919656250000e+09	6.647999999999999687e+00	1.000999999999999890e+00
1.563544920031250000e+09	6.647000000000000242e+00	1.000999999999999890e+00
1.563544920187500000e+09	6.645999999999999908e+00	1.000999999999999890e+00
1.563544920312500000e+09	6.647000000000000242e+00	1.000999999999999890e+00
1.563544920406250000e+09	6.645999999999999908e+00	1.000999999999999890e+00
1.563544920515625000e+09	6.647999999999999687e+00	1.000999999999999890e+00
1.563544920609375000e+09	6.645999999999999908e+00	1.000999999999999890e+00
1.563544920718750000e+09	6.647000000000000242e+00	1.002000000000000002e+00
1.563544921000000000e+09	6.645999999999999908e+00	1.000999999999999890e+00
1.563544921234375000e+09	6.647000000000000242e+00	1.000999999999999890e+00
1.563544921375000000e+09	6.647000000000000242e+00	1.000999999999999890e+00
1.563544921484375000e+09	6.647000000000000242e+00	1.002000000000000002e+00
1.563544921593750000e+09	6.645999999999999908e+00	1.000999999999999890e+00
1.563544921687500000e+09	6.647999999999999687e+00	1.002000000000000002e+00
1.563544921796875000e+09	6.647000000000000242e+00	1.002000000000000002e+00
1.563544922062500000e+09	6.645999999999999908e+00	1.000999999999999890e+00
1.563544922312500000e+09	6.647999999999999687e+00	1.000999999999999890e+00
1.563544922468750000e+09	6.647999999999999687e+00	1.000999999999999890e+00
1.563544922562500000e+09	6.645999999999999908e+00	1.002000000000000002e+00
1.563544922671875000e+09	6.645999999999999908e+00	1.000999999999999890e+00
1.563544922765625000e+09	6.647000000000000242e+00	1.002000000000000002e+00
1.563544922875000000e+09	6.647000000000000242e+00	1.000999999999999890e+00
1.563544923171875000e+09	6.647000000000000242e+00	1.000999999999999890e+00
1.563544923406250000e+09	6.647000000000000242e+00	1.000999999999999890e+00
1.563544923562500000e+09	6.647999999999999687e+00	1.000999999999999890e+00
1.563544923656250000e+09	6.645999999999999908e+00	1.002000000000000002e+00
1.563544923765625000e+09	6.645999999999999908e+00	1.000999999999999890e+00
1.563544923859375000e+09	6.644999999999999574e+00	1.000999999999999890e+00
1.563544923968750000e+09	6.647999999999999687e+00	1.002000000000000002e+00
1.563544924265625000e+09	6.647999999999999687e+00	1.002000000000000002e+00
1.563544924421875000e+09	6.647999999999999687e+00	1.002000000000000002e+00
1.563544924593750000e+09	6.647999999999999687e+00	1.000999999999999890e+00
1.563544924718750000e+09	6.647000000000000242e+00	1.000999999999999890e+00
1.563544924828125000e+09	6.647000000000000242e+00	1.002000000000000002e+00
1.563544924921875000e+09	6.647999999999999687e+00	1.002000000000000002e+00
1.563544925031250000e+09	6.647999999999999687e+00	1.000999999999999890e+00
1.563544925140625000e+09	6.647999999999999687e+00	1.000999999999999890e+00
1.563544925437500000e+09	6.649000000000000021e+00	1.002000000000000002e+00
1.563544925656250000e+09	6.647000000000000242e+00	1.002000000000000002e+00
1.563544925796875000e+09	6.647999999999999687e+00	1.000999999999999890e+00
1.563544925906250000e+09	6.644999999999999574e+00	1.000999999999999890e+00
1.563544926000000000e+09	6.645999999999999908e+00	1.000999999999999890e+00
1.563544926109375000e+09	6.647000000000000242e+00	1.000999999999999890e+00
1.563544926218750000e+09	6.647000000000000242e+00	1.002000000000000002e+00
1.563544926515625000e+09	6.645999999999999908e+00	1.000999999999999890e+00
1.563544926750000000e+09	6.645999999999999908e+00	1.002000000000000002e+00
1.563544926890625000e+09	6.647000000000000242e+00	1.002000000000000002e+00
1.563544926984375000e+09	6.644999999999999574e+00	1.000999999999999890e+00
1.563544927093750000e+09	6.645999999999999908e+00	1.002000000000000002e+00
1.563544927203125000e+09	6.645999999999999908e+00	1.000999999999999890e+00
1.563544927296875000e+09	6.647000000000000242e+00	1.000999999999999890e+00
1.563544927562500000e+09	6.645999999999999908e+00	1.000999999999999890e+00
1.563544927828125000e+09	6.647000000000000242e+00	1.000999999999999890e+00
1.563544927953125000e+09	6.647000000000000242e+00	1.002000000000000002e+00
1.563544928046875000e+09	6.647000000000000242e+00	1.000999999999999890e+00
1.563544928156250000e+09	6.647000000000000242e+00	1.002000000000000002e+00
1.563544928265625000e+09	6.647000000000000242e+00	1.002000000000000002e+00
1.563544928359375000e+09	6.647000000000000242e+00	1.000999999999999890e+00
1.563544928625000000e+09	6.645999999999999908e+00	1.002000000000000002e+00
1.563544928906250000e+09	6.647000000000000242e+00	1.000999999999999890e+00
1.563544929015625000e+09	6.649000000000000021e+00	1.000999999999999890e+00
1.563544929109375000e+09	6.647000000000000242e+00	1.000999999999999890e+00
1.563544929218750000e+09	6.647000000000000242e+00	1.002000000000000002e+00
1.563544929328125000e+09	6.647000000000000242e+00	1.000999999999999890e+00
1.563544929421875000e+09	6.647999999999999687e+00	1.000999999999999890e+00
1.563544929640625000e+09	6.647000000000000242e+00	1.000999999999999890e+00
1.563544929890625000e+09	6.647000000000000242e+00	1.000999999999999890e+00
1.563544930078125000e+09	6.647000000000000242e+00	1.002000000000000002e+00
1.563544930187500000e+09	6.644999999999999574e+00	1.000999999999999890e+00
1.563544930296875000e+09	6.647000000000000242e+00	1.000999999999999890e+00
1.563544930390625000e+09	6.644999999999999574e+00	1.000999999999999890e+00
1.563544930500000000e+09	6.645999999999999908e+00	1.002000000000000002e+00
1.563544930734375000e+09	6.644999999999999574e+00	1.000999999999999890e+00
1.563544930984375000e+09	6.644999999999999574e+00	1.002000000000000002e+00
1.563544931171875000e+09	6.645999999999999908e+00	1.000999999999999890e+00
1.563544931281250000e+09	6.647000000000000242e+00	1.000999999999999890e+00
1.563544931390625000e+09	6.645999999999999908e+00	1.000999999999999890e+00
1.563544931484375000e+09	6.647000000000000242e+00	1.000999999999999890e+00
1.563544931593750000e+09	6.645999999999999908e+00	1.000999999999999890e+00
1.563544931843750000e+09	6.644999999999999574e+00	1.000999999999999890e+00
1.563544932187500000e+09	6.647000000000000242e+00	1.000999999999999890e+00
1.563544932343750000e+09	6.644999999999999574e+00	1.000999999999999890e+00
1.563544932453125000e+09	6.644999999999999574e+00	1.000999999999999890e+00
1.563544932546875000e+09	6.644999999999999574e+00	1.000999999999999890e+00
1.563544932656250000e+09	6.644999999999999574e+00	1.000999999999999890e+00
1.563544932765625000e+09	6.644999999999999574e+00	1.002000000000000002e+00
1.563544932984375000e+09	6.647000000000000242e+00	1.002000000000000002e+00
1.563544933218750000e+09	6.647999999999999687e+00	1.000999999999999890e+00
1.563544933421875000e+09	6.647999999999999687e+00	1.000999999999999890e+00
1.563544933531250000e+09	6.647000000000000242e+00	1.000999999999999890e+00
1.563544933640625000e+09	6.647999999999999687e+00	1.000999999999999890e+00
1.563544933734375000e+09	6.647999999999999687e+00	1.000999999999999890e+00
1.563544933843750000e+09	6.647999999999999687e+00	1.002000000000000002e+00
1.563544934093750000e+09	6.647999999999999687e+00	1.000999999999999890e+00
1.563544934281250000e+09	6.647000000000000242e+00	1.000999999999999890e+00
1.563544934437500000e+09	6.649000000000000021e+00	1.002000000000000002e+00
1.563544934562500000e+09	6.647999999999999687e+00	1.000999999999999890e+00
1.563544934671875000e+09	6.649000000000000021e+00	1.000999999999999890e+00
1.563544934765625000e+09	6.647000000000000242e+00	1.002000000000000002e+00
1.563544934875000000e+09	6.647000000000000242e+00	1.000999999999999890e+00
1.563544934968750000e+09	6.647000000000000242e+00	1.002000000000000002e+00
1.563544935312500000e+09	6.649000000000000021e+00	1.000999999999999890e+00
1.563544935515625000e+09	6.649000000000000021e+00	1.002000000000000002e+00
1.563544935656250000e+09	6.647000000000000242e+00	1.000999999999999890e+00
1.563544935765625000e+09	6.649000000000000021e+00	1.002000000000000002e+00
1.563544935859375000e+09	6.649000000000000021e+00	1.000999999999999890e+00
1.563544935968750000e+09	6.650999999999999801e+00	1.000999999999999890e+00
1.563544936062500000e+09	6.647999999999999687e+00	1.000999999999999890e+00
1.563544936390625000e+09	6.647999999999999687e+00	1.002000000000000002e+00
1.563544936609375000e+09	6.645999999999999908e+00	1.000999999999999890e+00
1.563544936765625000e+09	6.647999999999999687e+00	1.000999999999999890e+00
1.563544936875000000e+09	6.647000000000000242e+00	1.002000000000000002e+00
1.563544936984375000e+09	6.644999999999999574e+00	1.002000000000000002e+00
1.563544937078125000e+09	6.649000000000000021e+00	1.002000000000000002e+00
1.563544937187500000e+09	6.647000000000000242e+00	1.002000000000000002e+00
1.563544937468750000e+09	6.644999999999999574e+00	1.002000000000000002e+00
1.563544937703125000e+09	6.644999999999999574e+00	1.000999999999999890e+00
1.563544937859375000e+09	6.645999999999999908e+00	1.002000000000000002e+00
1.563544937968750000e+09	6.647999999999999687e+00	1.000999999999999890e+00
1.563544938062500000e+09	6.647000000000000242e+00	1.000999999999999890e+00
1.563544938171875000e+09	6.647000000000000242e+00	1.000999999999999890e+00
1.563544938281250000e+09	6.647000000000000242e+00	1.000999999999999890e+00
1.563544938531250000e+09	6.647000000000000242e+00	1.000999999999999890e+00
1.563544938796875000e+09	6.647999999999999687e+00	1.000999999999999890e+00
1.563544938953125000e+09	6.650999999999999801e+00	1.000999999999999890e+00
1.563544939062500000e+09	6.650000000000000355e+00	1.000999999999999890e+00
1.563544939171875000e+09	6.649000000000000021e+00	1.000999999999999890e+00
1.563544939265625000e+09	6.650999999999999801e+00	1.000999999999999890e+00
1.563544939375000000e+09	6.650000000000000355e+00	1.000999999999999890e+00
1.563544939656250000e+09	6.649000000000000021e+00	1.000999999999999890e+00
1.563544939890625000e+09	6.649000000000000021e+00	1.000999999999999890e+00
1.563544940125000000e+09	-0.000000000000000000e+00	1.000000000000000021e-02
1.563544940234375000e+09	-0.000000000000000000e+00	8.999999999999999320e-03
1.563544940343750000e+09	-0.000000000000000000e+00	8.999999999999999320e-03
1.563544940437500000e+09	-0.000000000000000000e+00	8.000000000000000167e-03
1.563544940546875000e+09	-0.000000000000000000e+00	7.000000000000000146e-03
1.563544940828125000e+09	-0.000000000000000000e+00	8.000000000000000167e-03
1.563544941031250000e+09	-0.000000000000000000e+00	7.000000000000000146e-03
1.563544941171875000e+09	-0.000000000000000000e+00	7.000000000000000146e-03
1.563544941281250000e+09	-0.000000000000000000e+00	6.000000000000000125e-03
1.563544941375000000e+09	-0.000000000000000000e+00	6.000000000000000125e-03
1.563544941484375000e+09	-0.000000000000000000e+00	6.000000000000000125e-03
1.563544941593750000e+09	-0.000000000000000000e+00	6.000000000000000125e-03
1.563544941781250000e+09	-0.000000000000000000e+00	6.000000000000000125e-03
1.563544941968750000e+09	-0.000000000000000000e+00	6.000000000000000125e-03
1.563544942125000000e+09	-0.000000000000000000e+00	6.000000000000000125e-03
1.563544942250000000e+09	-0.000000000000000000e+00	6.000000000000000125e-03
1.563544942406250000e+09	-0.000000000000000000e+00	6.000000000000000125e-03
1.563544942515625000e+09	-0.000000000000000000e+00	6.000000000000000125e-03
1.563544942625000000e+09	-0.000000000000000000e+00	6.000000000000000125e-03
1.563544942718750000e+09	-0.000000000000000000e+00	6.000000000000000125e-03
1.563544942859375000e+09	-0.000000000000000000e+00	6.000000000000000125e-03
