# UNIX time, Current (A), PS Voltage (V), REF Voltage (V)
# SAMPLE_SURFACE = 53.0
# SAMPLE_NAME = WTh_batch6.1
# COATING_STEP = 2
1.563804824718750000e+09	-0.000000000000000000e+00	1.000000000000000021e-03
1.563804824828125000e+09	-0.000000000000000000e+00	1.000000000000000021e-03
1.563804824921875000e+09	-0.000000000000000000e+00	1.000000000000000021e-03
1.563804825031250000e+09	-0.000000000000000000e+00	1.000000000000000021e-03
1.563804825140625000e+09	-0.000000000000000000e+00	1.000000000000000021e-03
1.563804825250000000e+09	-0.000000000000000000e+00	1.000000000000000021e-03
1.563804825359375000e+09	-0.000000000000000000e+00	1.000000000000000021e-03
1.563804825453125000e+09	-0.000000000000000000e+00	1.000000000000000021e-03
1.563804825562500000e+09	-0.000000000000000000e+00	1.000000000000000021e-03
1.563804825671875000e+09	-0.000000000000000000e+00	1.000000000000000021e-03
1.563804825781250000e+09	-0.000000000000000000e+00	1.000000000000000021e-03
1.563804825953125000e+09	-0.000000000000000000e+00	1.000000000000000021e-03
1.563804826171875000e+09	-0.000000000000000000e+00	1.000000000000000021e-03
1.563804826296875000e+09	-0.000000000000000000e+00	0.000000000000000000e+00
1.563804826406250000e+09	-0.000000000000000000e+00	0.000000000000000000e+00
1.563804826500000000e+09	-0.000000000000000000e+00	1.000000000000000021e-03
1.563804826609375000e+09	-0.000000000000000000e+00	1.000000000000000021e-03
1.563804826718750000e+09	-0.000000000000000000e+00	1.000000000000000021e-03
1.563804826921875000e+09	-0.000000000000000000e+00	1.000000000000000021e-03
1.563804827156250000e+09	-0.000000000000000000e+00	1.000000000000000021e-03
1.563804827390625000e+09	-0.000000000000000000e+00	1.000000000000000021e-03
1.563804827593750000e+09	5.559000000000000163e+00	1.000999999999999890e+00
1.563804827703125000e+09	5.591999999999999638e+00	1.000999999999999890e+00
1.563804827796875000e+09	5.625000000000000000e+00	1.000999999999999890e+00
1.563804828125000000e+09	5.642000000000000348e+00	1.000000000000000000e+00
1.563804828390625000e+09	5.655999999999999694e+00	1.000999999999999890e+00
1.563804828515625000e+09	5.652999999999999581e+00	1.000999999999999890e+00
1.563804828625000000e+09	5.652000000000000135e+00	1.000999999999999890e+00
1.563804828734375000e+09	5.652999999999999581e+00	1.000999999999999890e+00
1.563804828828125000e+09	5.652999999999999581e+00	1.000999999999999890e+00
1.563804828937500000e+09	5.652999999999999581e+00	1.000999999999999890e+00
1.563804829281250000e+09	5.655000000000000249e+00	1.000999999999999890e+00
1.563804829546875000e+09	5.658000000000000362e+00	1.000999999999999890e+00
1.563804829640625000e+09	5.658999999999999808e+00	1.000999999999999890e+00
1.563804829750000000e+09	5.660000000000000142e+00	1.000999999999999890e+00
1.563804829859375000e+09	5.658000000000000362e+00	1.002000000000000002e+00
1.563804829953125000e+09	5.661999999999999922e+00	1.000999999999999890e+00
1.563804830234375000e+09	5.661999999999999922e+00	1.000999999999999890e+00
1.563804830500000000e+09	5.663999999999999702e+00	1.000999999999999890e+00
1.563804830640625000e+09	5.665000000000000036e+00	1.002000000000000002e+00
1.563804830734375000e+09	5.663999999999999702e+00	1.000999999999999890e+00
1.563804830843750000e+09	5.665000000000000036e+00	1.002000000000000002e+00
1.563804830953125000e+09	5.663999999999999702e+00	1.000999999999999890e+00
1.563804831046875000e+09	5.663999999999999702e+00	1.002000000000000002e+00
1.563804831343750000e+09	5.665000000000000036e+00	1.000999999999999890e+00
1.563804831562500000e+09	5.663999999999999702e+00	1.000999999999999890e+00
1.563804831734375000e+09	5.663999999999999702e+00	1.000999999999999890e+00
1.563804831828125000e+09	5.665000000000000036e+00	1.000999999999999890e+00
1.563804831937500000e+09	5.666000000000000369e+00	1.002000000000000002e+00
1.563804832046875000e+09	5.663999999999999702e+00	1.000999999999999890e+00
1.563804832140625000e+09	5.665000000000000036e+00	1.000999999999999890e+00
1.563804832453125000e+09	5.666999999999999815e+00	1.002000000000000002e+00
1.563804832718750000e+09	5.666999999999999815e+00	1.000999999999999890e+00
1.563804832890625000e+09	5.666000000000000369e+00	1.002000000000000002e+00
1.563804832984375000e+09	5.665000000000000036e+00	1.000999999999999890e+00
1.563804833093750000e+09	5.663999999999999702e+00	1.000999999999999890e+00
1.563804833187500000e+09	5.666000000000000369e+00	1.002000000000000002e+00
1.563804833296875000e+09	5.666999999999999815e+00	1.000999999999999890e+00
1.563804833515625000e+09	5.668000000000000149e+00	1.002000000000000002e+00
1.563804833781250000e+09	5.668000000000000149e+00	1.000999999999999890e+00
1.563804833968750000e+09	5.668999999999999595e+00	1.002000000000000002e+00
1.563804834062500000e+09	5.669999999999999929e+00	1.002000000000000002e+00
1.563804834171875000e+09	5.669999999999999929e+00	1.000999999999999890e+00
1.563804834281250000e+09	5.669999999999999929e+00	1.002000000000000002e+00
1.563804834390625000e+09	5.669999999999999929e+00	1.000999999999999890e+00
1.563804834640625000e+09	5.669999999999999929e+00	1.002000000000000002e+00
1.563804834968750000e+09	5.668999999999999595e+00	1.000999999999999890e+00
1.563804835062500000e+09	5.671000000000000263e+00	1.000999999999999890e+00
1.563804835171875000e+09	5.669999999999999929e+00	1.002000000000000002e+00
1.563804835281250000e+09	5.668999999999999595e+00	1.000999999999999890e+00
1.563804835375000000e+09	5.668999999999999595e+00	1.002000000000000002e+00
1.563804835562500000e+09	5.669999999999999929e+00	1.000999999999999890e+00
1.563804835890625000e+09	5.668000000000000149e+00	1.000999999999999890e+00
1.563804836062500000e+09	5.666999999999999815e+00	1.000999999999999890e+00
1.563804836156250000e+09	5.666999999999999815e+00	1.002000000000000002e+00
1.563804836265625000e+09	5.666000000000000369e+00	1.000999999999999890e+00
1.563804836359375000e+09	5.666000000000000369e+00	1.000999999999999890e+00
1.563804836468750000e+09	5.663999999999999702e+00	1.000999999999999890e+00
1.563804836593750000e+09	5.663999999999999702e+00	1.000999999999999890e+00
1.563804836984375000e+09	5.663000000000000256e+00	1.000999999999999890e+00
1.563804837125000000e+09	5.663999999999999702e+00	1.000999999999999890e+00
1.563804837218750000e+09	5.663999999999999702e+00	1.000999999999999890e+00
1.563804837328125000e+09	5.663999999999999702e+00	1.000999999999999890e+00
1.563804837421875000e+09	5.663999999999999702e+00	1.002000000000000002e+00
1.563804837531250000e+09	5.665000000000000036e+00	1.002000000000000002e+00
1.563804837656250000e+09	5.666000000000000369e+00	1.002000000000000002e+00
1.563804838046875000e+09	5.668000000000000149e+00	1.002000000000000002e+00
1.563804838187500000e+09	5.669999999999999929e+00	1.000999999999999890e+00
1.563804838281250000e+09	5.669999999999999929e+00	1.002000000000000002e+00
1.563804838390625000e+09	5.669999999999999929e+00	1.000999999999999890e+00
1.563804838500000000e+09	5.668999999999999595e+00	1.000999999999999890e+00
1.563804838593750000e+09	5.668000000000000149e+00	1.000999999999999890e+00
1.563804838781250000e+09	5.669999999999999929e+00	1.002000000000000002e+00
1.563804839125000000e+09	5.668000000000000149e+00	1.000999999999999890e+00
1.563804839265625000e+09	5.666999999999999815e+00	1.002000000000000002e+00
1.563804839375000000e+09	5.666999999999999815e+00	1.000999999999999890e+00
1.563804839468750000e+09	5.666999999999999815e+00	1.000999999999999890e+00
1.563804839578125000e+09	5.666000000000000369e+00	1.000999999999999890e+00
1.563804839687500000e+09	5.666000000000000369e+00	1.000999999999999890e+00
1.563804839968750000e+09	5.666000000000000369e+00	1.000999999999999890e+00
1.563804840296875000e+09	5.665000000000000036e+00	1.002000000000000002e+00
1.563804840453125000e+09	5.663999999999999702e+00	1.002000000000000002e+00
1.563804840546875000e+09	5.665000000000000036e+00	1.002000000000000002e+00
1.563804840656250000e+09	5.663999999999999702e+00	1.000999999999999890e+00
1.563804840750000000e+09	5.663000000000000256e+00	1.000999999999999890e+00
1.563804840859375000e+09	5.663000000000000256e+00	1.000999999999999890e+00
1.563804841125000000e+09	5.661999999999999922e+00	1.000999999999999890e+00
1.563804841375000000e+09	5.658999999999999808e+00	1.000999999999999890e+00
1.563804841531250000e+09	5.658999999999999808e+00	1.002000000000000002e+00
1.563804841640625000e+09	5.658999999999999808e+00	1.000999999999999890e+00
1.563804841734375000e+09	5.658999999999999808e+00	1.000999999999999890e+00
1.563804841843750000e+09	5.660000000000000142e+00	1.000999999999999890e+00
1.563804841953125000e+09	5.657000000000000028e+00	1.000999999999999890e+00
1.563804842281250000e+09	5.655999999999999694e+00	1.002000000000000002e+00
1.563804842515625000e+09	5.655000000000000249e+00	1.000999999999999890e+00
1.563804842687500000e+09	5.655999999999999694e+00	1.000999999999999890e+00
1.563804842781250000e+09	5.655000000000000249e+00	1.002000000000000002e+00
1.563804842890625000e+09	5.653999999999999915e+00	1.002000000000000002e+00
1.563804843000000000e+09	5.652999999999999581e+00	1.002000000000000002e+00
1.563804843093750000e+09	5.650999999999999801e+00	1.002000000000000002e+00
1.563804843531250000e+09	5.652999999999999581e+00	1.002000000000000002e+00
1.563804843718750000e+09	5.647000000000000242e+00	1.000999999999999890e+00
1.563804843828125000e+09	5.647999999999999687e+00	1.002000000000000002e+00
1.563804843937500000e+09	5.644999999999999574e+00	1.000999999999999890e+00
1.563804844031250000e+09	5.644000000000000128e+00	1.000999999999999890e+00
1.563804844140625000e+09	5.642999999999999794e+00	1.000999999999999890e+00
1.563804844390625000e+09	5.642000000000000348e+00	1.000999999999999890e+00
1.563804844562500000e+09	5.639000000000000234e+00	1.002000000000000002e+00
1.563804844750000000e+09	5.636999999999999567e+00	1.002000000000000002e+00
1.563804844843750000e+09	5.634999999999999787e+00	1.002000000000000002e+00
1.563804844953125000e+09	5.633000000000000007e+00	1.002000000000000002e+00
1.563804845046875000e+09	5.634000000000000341e+00	1.002000000000000002e+00
1.563804845156250000e+09	5.631999999999999673e+00	1.002000000000000002e+00
1.563804845265625000e+09	5.631999999999999673e+00	1.002000000000000002e+00
1.563804845687500000e+09	5.631000000000000227e+00	1.002000000000000002e+00
1.563804845843750000e+09	5.631000000000000227e+00	1.002000000000000002e+00
1.563804845953125000e+09	5.633000000000000007e+00	1.000999999999999890e+00
1.563804846062500000e+09	5.634000000000000341e+00	1.000999999999999890e+00
1.563804846156250000e+09	5.633000000000000007e+00	1.000999999999999890e+00
1.563804846265625000e+09	5.634999999999999787e+00	1.000999999999999890e+00
1.563804846515625000e+09	5.634000000000000341e+00	1.000999999999999890e+00
1.563804846687500000e+09	5.634000000000000341e+00	1.002000000000000002e+00
1.563804846859375000e+09	5.633000000000000007e+00	1.000999999999999890e+00
1.563804846968750000e+09	5.634999999999999787e+00	1.002000000000000002e+00
1.563804847062500000e+09	5.634000000000000341e+00	1.000999999999999890e+00
1.563804847171875000e+09	5.631999999999999673e+00	1.000999999999999890e+00
1.563804847281250000e+09	5.631000000000000227e+00	1.000999999999999890e+00
1.563804847375000000e+09	5.631000000000000227e+00	1.000999999999999890e+00
1.563804847750000000e+09	5.628999999999999559e+00	1.000999999999999890e+00
1.563804848015625000e+09	5.626999999999999780e+00	1.000999999999999890e+00
1.563804848125000000e+09	5.626999999999999780e+00	1.000999999999999890e+00
1.563804848218750000e+09	5.626000000000000334e+00	1.000999999999999890e+00
1.563804848328125000e+09	5.626000000000000334e+00	1.000999999999999890e+00
1.563804848437500000e+09	5.625000000000000000e+00	1.000999999999999890e+00
1.563804848531250000e+09	5.623000000000000220e+00	1.002000000000000002e+00
1.563804848953125000e+09	5.626000000000000334e+00	1.002000000000000002e+00
1.563804849109375000e+09	5.623999999999999666e+00	1.000999999999999890e+00
1.563804849203125000e+09	5.625000000000000000e+00	1.000999999999999890e+00
1.563804849312500000e+09	5.623000000000000220e+00	1.000999999999999890e+00
1.563804849406250000e+09	5.623000000000000220e+00	1.002000000000000002e+00
1.563804849515625000e+09	5.621999999999999886e+00	1.002000000000000002e+00
1.563804849812500000e+09	5.621999999999999886e+00	1.000999999999999890e+00
1.563804850078125000e+09	5.620000000000000107e+00	1.000999999999999890e+00
1.563804850218750000e+09	5.621999999999999886e+00	1.002000000000000002e+00
1.563804850328125000e+09	5.621999999999999886e+00	1.000999999999999890e+00
1.563804850421875000e+09	5.623000000000000220e+00	1.000999999999999890e+00
1.563804850531250000e+09	5.623000000000000220e+00	1.000999999999999890e+00
1.563804850640625000e+09	5.621000000000000441e+00	1.002000000000000002e+00
1.563804851046875000e+09	5.623000000000000220e+00	1.000999999999999890e+00
1.563804851250000000e+09	5.621999999999999886e+00	1.002000000000000002e+00
1.563804851343750000e+09	5.621999999999999886e+00	1.000999999999999890e+00
1.563804851453125000e+09	5.621999999999999886e+00	1.000999999999999890e+00
1.563804851546875000e+09	5.621000000000000441e+00	1.000999999999999890e+00
1.563804851656250000e+09	5.621000000000000441e+00	1.000999999999999890e+00
1.563804851906250000e+09	5.621000000000000441e+00	1.000999999999999890e+00
1.563804852140625000e+09	5.618999999999999773e+00	1.000999999999999890e+00
1.563804852296875000e+09	5.620000000000000107e+00	1.000999999999999890e+00
1.563804852406250000e+09	5.618999999999999773e+00	1.000999999999999890e+00
1.563804852515625000e+09	5.618999999999999773e+00	1.002000000000000002e+00
1.563804852609375000e+09	5.618000000000000327e+00	1.000999999999999890e+00
1.563804852718750000e+09	5.618999999999999773e+00	1.000999999999999890e+00
1.563804853000000000e+09	5.620000000000000107e+00	1.002000000000000002e+00
1.563804853234375000e+09	5.618999999999999773e+00	1.000999999999999890e+00
1.563804853375000000e+09	5.620000000000000107e+00	1.002000000000000002e+00
1.563804853484375000e+09	5.620000000000000107e+00	1.000999999999999890e+00
1.563804853593750000e+09	5.620000000000000107e+00	1.000999999999999890e+00
1.563804853703125000e+09	5.620000000000000107e+00	1.000999999999999890e+00
1.563804853796875000e+09	5.620000000000000107e+00	1.000999999999999890e+00
1.563804854125000000e+09	5.621999999999999886e+00	1.000999999999999890e+00
1.563804854375000000e+09	5.625000000000000000e+00	1.000999999999999890e+00
1.563804854500000000e+09	5.625000000000000000e+00	1.002000000000000002e+00
1.563804854593750000e+09	5.623000000000000220e+00	1.002000000000000002e+00
1.563804854703125000e+09	5.623999999999999666e+00	1.002000000000000002e+00
1.563804854796875000e+09	5.626999999999999780e+00	1.002000000000000002e+00
1.563804854906250000e+09	5.626999999999999780e+00	1.000999999999999890e+00
1.563804855312500000e+09	5.625000000000000000e+00	1.000999999999999890e+00
1.563804855500000000e+09	5.623000000000000220e+00	1.000999999999999890e+00
1.563804855640625000e+09	5.623999999999999666e+00	1.000999999999999890e+00
1.563804855734375000e+09	5.621999999999999886e+00	1.000999999999999890e+00
1.563804855843750000e+09	5.623000000000000220e+00	1.002000000000000002e+00
1.563804855953125000e+09	5.623000000000000220e+00	1.002000000000000002e+00
1.563804856046875000e+09	5.623000000000000220e+00	1.002000000000000002e+00
1.563804856390625000e+09	5.621999999999999886e+00	1.000999999999999890e+00
1.563804856578125000e+09	5.618999999999999773e+00	1.000999999999999890e+00
1.563804856718750000e+09	5.618000000000000327e+00	1.002000000000000002e+00
1.563804856828125000e+09	5.618999999999999773e+00	1.000999999999999890e+00
1.563804856921875000e+09	5.618000000000000327e+00	1.000999999999999890e+00
1.563804857031250000e+09	5.618999999999999773e+00	1.000999999999999890e+00
1.563804857140625000e+09	5.618000000000000327e+00	1.000999999999999890e+00
1.563804857484375000e+09	5.620000000000000107e+00	1.000999999999999890e+00
1.563804857671875000e+09	5.618000000000000327e+00	1.000999999999999890e+00
1.563804857796875000e+09	5.621000000000000441e+00	1.002000000000000002e+00
1.563804857906250000e+09	5.623000000000000220e+00	1.000999999999999890e+00
1.563804858000000000e+09	5.623000000000000220e+00	1.000999999999999890e+00
1.563804858109375000e+09	5.623000000000000220e+00	1.000999999999999890e+00
1.563804858218750000e+09	5.623000000000000220e+00	1.002000000000000002e+00
1.563804858500000000e+09	5.625000000000000000e+00	1.000999999999999890e+00
1.563804858734375000e+09	5.626999999999999780e+00	1.000999999999999890e+00
1.563804858875000000e+09	5.628999999999999559e+00	1.002000000000000002e+00
1.563804858984375000e+09	5.628999999999999559e+00	1.002000000000000002e+00
1.563804859078125000e+09	5.628999999999999559e+00	1.000999999999999890e+00
1.563804859187500000e+09	5.628999999999999559e+00	1.000999999999999890e+00
1.563804859296875000e+09	5.629999999999999893e+00	1.000999999999999890e+00
1.563804859609375000e+09	5.629999999999999893e+00	1.002000000000000002e+00
1.563804859890625000e+09	5.629999999999999893e+00	1.000999999999999890e+00
1.563804859984375000e+09	5.631000000000000227e+00	1.000999999999999890e+00
1.563804860093750000e+09	5.631000000000000227e+00	1.002000000000000002e+00
1.563804860203125000e+09	5.629999999999999893e+00	1.000999999999999890e+00
1.563804860296875000e+09	5.631999999999999673e+00	1.000999999999999890e+00
1.563804860562500000e+09	5.629999999999999893e+00	1.002000000000000002e+00
1.563804860843750000e+09	5.629999999999999893e+00	1.000999999999999890e+00
1.563804861000000000e+09	5.628999999999999559e+00	1.002000000000000002e+00
1.563804861093750000e+09	5.631000000000000227e+00	1.002000000000000002e+00
1.563804861203125000e+09	5.629999999999999893e+00	1.002000000000000002e+00
1.563804861312500000e+09	5.631000000000000227e+00	1.002000000000000002e+00
1.563804861421875000e+09	5.631000000000000227e+00	1.000999999999999890e+00
1.563804861562500000e+09	5.629999999999999893e+00	1.002000000000000002e+00
1.563804861921875000e+09	5.631000000000000227e+00	1.002000000000000002e+00
1.563804862171875000e+09	5.631000000000000227e+00	1.002000000000000002e+00
1.563804862265625000e+09	5.634000000000000341e+00	1.002000000000000002e+00
1.563804862375000000e+09	5.633000000000000007e+00	1.000999999999999890e+00
1.563804862468750000e+09	5.631000000000000227e+00	1.000999999999999890e+00
1.563804862578125000e+09	5.634000000000000341e+00	1.002000000000000002e+00
1.563804862828125000e+09	5.634000000000000341e+00	1.000999999999999890e+00
1.563804863093750000e+09	5.636000000000000121e+00	1.000999999999999890e+00
1.563804863250000000e+09	5.637999999999999901e+00	1.002000000000000002e+00
1.563804863359375000e+09	5.639000000000000234e+00	1.000999999999999890e+00
1.563804863468750000e+09	5.639999999999999680e+00	1.000999999999999890e+00
1.563804863578125000e+09	5.642000000000000348e+00	1.000999999999999890e+00
1.563804863671875000e+09	5.642000000000000348e+00	1.000000000000000000e+00
1.563804863890625000e+09	5.642000000000000348e+00	1.002000000000000002e+00
1.563804864187500000e+09	5.642999999999999794e+00	1.000999999999999890e+00
1.563804864343750000e+09	5.642999999999999794e+00	1.000999999999999890e+00
1.563804864437500000e+09	5.642999999999999794e+00	1.002000000000000002e+00
1.563804864546875000e+09	5.642000000000000348e+00	1.000999999999999890e+00
1.563804864656250000e+09	5.642999999999999794e+00	1.002000000000000002e+00
1.563804864750000000e+09	5.642000000000000348e+00	1.000999999999999890e+00
1.563804865046875000e+09	5.641000000000000014e+00	1.000999999999999890e+00
1.563804865281250000e+09	5.642000000000000348e+00	1.000999999999999890e+00
1.563804865437500000e+09	5.642000000000000348e+00	1.000999999999999890e+00
1.563804865531250000e+09	5.642000000000000348e+00	1.000000000000000000e+00
1.563804865640625000e+09	5.641000000000000014e+00	1.000999999999999890e+00
1.563804865734375000e+09	5.642000000000000348e+00	1.002000000000000002e+00
1.563804865843750000e+09	5.639999999999999680e+00	1.002000000000000002e+00
1.563804866093750000e+09	5.644000000000000128e+00	1.000999999999999890e+00
1.563804866359375000e+09	5.641000000000000014e+00	1.000999999999999890e+00
1.563804866546875000e+09	5.642999999999999794e+00	1.000999999999999890e+00
1.563804866640625000e+09	5.642999999999999794e+00	1.000999999999999890e+00
1.563804866750000000e+09	5.644000000000000128e+00	1.000999999999999890e+00
1.563804866859375000e+09	5.644000000000000128e+00	1.000999999999999890e+00
1.563804866953125000e+09	5.644000000000000128e+00	1.000999999999999890e+00
1.563804867296875000e+09	5.647000000000000242e+00	1.000999999999999890e+00
1.563804867531250000e+09	5.647999999999999687e+00	1.000999999999999890e+00
1.563804867671875000e+09	5.647000000000000242e+00	1.002000000000000002e+00
1.563804867765625000e+09	5.647000000000000242e+00	1.000999999999999890e+00
1.563804867875000000e+09	5.649000000000000021e+00	1.000999999999999890e+00
1.563804867968750000e+09	5.647999999999999687e+00	1.002000000000000002e+00
1.563804868078125000e+09	5.647000000000000242e+00	1.000999999999999890e+00
1.563804868453125000e+09	5.647999999999999687e+00	1.000999999999999890e+00
1.563804868656250000e+09	5.645999999999999908e+00	1.000999999999999890e+00
1.563804868765625000e+09	5.645999999999999908e+00	1.000999999999999890e+00
1.563804868859375000e+09	5.647000000000000242e+00	1.000999999999999890e+00
1.563804868968750000e+09	5.645999999999999908e+00	1.002000000000000002e+00
1.563804869062500000e+09	5.647000000000000242e+00	1.002000000000000002e+00
1.563804869171875000e+09	5.644999999999999574e+00	1.002000000000000002e+00
1.563804869609375000e+09	5.644999999999999574e+00	1.002000000000000002e+00
1.563804869859375000e+09	5.642999999999999794e+00	1.000999999999999890e+00
1.563804869968750000e+09	5.644999999999999574e+00	1.000999999999999890e+00
1.563804870078125000e+09	5.645999999999999908e+00	1.000999999999999890e+00
1.563804870171875000e+09	5.645999999999999908e+00	1.002000000000000002e+00
1.563804870281250000e+09	5.645999999999999908e+00	1.002000000000000002e+00
1.563804870546875000e+09	5.645999999999999908e+00	1.000999999999999890e+00
1.563804870843750000e+09	5.650999999999999801e+00	1.000999999999999890e+00
1.563804871000000000e+09	5.650999999999999801e+00	1.000999999999999890e+00
1.563804871093750000e+09	5.652999999999999581e+00	1.002000000000000002e+00
1.563804871203125000e+09	5.652999999999999581e+00	1.000999999999999890e+00
1.563804871312500000e+09	5.652999999999999581e+00	1.000999999999999890e+00
1.563804871406250000e+09	5.655000000000000249e+00	1.002000000000000002e+00
1.563804871843750000e+09	5.655000000000000249e+00	1.002000000000000002e+00
1.563804872000000000e+09	5.657000000000000028e+00	1.000999999999999890e+00
1.563804872109375000e+09	5.655000000000000249e+00	1.000999999999999890e+00
1.563804872203125000e+09	5.655000000000000249e+00	1.002000000000000002e+00
1.563804872312500000e+09	5.657000000000000028e+00	1.000999999999999890e+00
1.563804872421875000e+09	5.655000000000000249e+00	1.000999999999999890e+00
1.563804872703125000e+09	5.655000000000000249e+00	1.000999999999999890e+00
1.563804872984375000e+09	5.655999999999999694e+00	1.002000000000000002e+00
1.563804873109375000e+09	5.655000000000000249e+00	1.000999999999999890e+00
1.563804873218750000e+09	5.655000000000000249e+00	1.002000000000000002e+00
1.563804873328125000e+09	5.657000000000000028e+00	1.000999999999999890e+00
1.563804873421875000e+09	5.655999999999999694e+00	1.000999999999999890e+00
1.563804873531250000e+09	5.655000000000000249e+00	1.000999999999999890e+00
1.563804873937500000e+09	5.655000000000000249e+00	1.000999999999999890e+00
1.563804874125000000e+09	5.653999999999999915e+00	1.000999999999999890e+00
1.563804874234375000e+09	5.655000000000000249e+00	1.000999999999999890e+00
1.563804874328125000e+09	5.655000000000000249e+00	1.002000000000000002e+00
1.563804874437500000e+09	5.653999999999999915e+00	1.000999999999999890e+00
1.563804874531250000e+09	5.653999999999999915e+00	1.000999999999999890e+00
1.563804874812500000e+09	5.652999999999999581e+00	1.000999999999999890e+00
1.563804875093750000e+09	5.655000000000000249e+00	1.000999999999999890e+00
1.563804875234375000e+09	5.655999999999999694e+00	1.000999999999999890e+00
1.563804875343750000e+09	5.657000000000000028e+00	1.000999999999999890e+00
1.563804875437500000e+09	5.658000000000000362e+00	1.002000000000000002e+00
1.563804875546875000e+09	5.658999999999999808e+00	1.000999999999999890e+00
1.563804875640625000e+09	5.660999999999999588e+00	1.000000000000000000e+00
1.563804876078125000e+09	5.663999999999999702e+00	1.000999999999999890e+00
1.563804876250000000e+09	5.665000000000000036e+00	1.000999999999999890e+00
1.563804876359375000e+09	5.663999999999999702e+00	1.000999999999999890e+00
1.563804876468750000e+09	5.665000000000000036e+00	1.000999999999999890e+00
1.563804876562500000e+09	5.665000000000000036e+00	1.002000000000000002e+00
1.563804876671875000e+09	5.666999999999999815e+00	1.000999999999999890e+00
1.563804877015625000e+09	5.666999999999999815e+00	1.000000000000000000e+00
1.563804877281250000e+09	5.663999999999999702e+00	1.000999999999999890e+00
1.563804877453125000e+09	5.666000000000000369e+00	1.002000000000000002e+00
1.563804877562500000e+09	5.665000000000000036e+00	1.002000000000000002e+00
1.563804877656250000e+09	5.665000000000000036e+00	1.000999999999999890e+00
1.563804877765625000e+09	5.663999999999999702e+00	1.002000000000000002e+00
1.563804877875000000e+09	5.666000000000000369e+00	1.000999999999999890e+00
1.563804878250000000e+09	5.666000000000000369e+00	1.000999999999999890e+00
1.563804878437500000e+09	5.666000000000000369e+00	1.002000000000000002e+00
1.563804878546875000e+09	5.666000000000000369e+00	1.000999999999999890e+00
1.563804878656250000e+09	5.665000000000000036e+00	1.002000000000000002e+00
1.563804878750000000e+09	5.666999999999999815e+00	1.000999999999999890e+00
1.563804878859375000e+09	5.666000000000000369e+00	1.002000000000000002e+00
1.563804878968750000e+09	5.666999999999999815e+00	1.000999999999999890e+00
1.563804879250000000e+09	5.666000000000000369e+00	1.000999999999999890e+00
1.563804879468750000e+09	5.668000000000000149e+00	1.002000000000000002e+00
1.563804879609375000e+09	5.668000000000000149e+00	1.002000000000000002e+00
1.563804879718750000e+09	5.668000000000000149e+00	1.000999999999999890e+00
1.563804879812500000e+09	5.668000000000000149e+00	1.002000000000000002e+00
1.563804879921875000e+09	5.666000000000000369e+00	1.002000000000000002e+00
1.563804880015625000e+09	5.666000000000000369e+00	1.000999999999999890e+00
1.563804880421875000e+09	5.666999999999999815e+00	1.000999999999999890e+00
1.563804880593750000e+09	5.668999999999999595e+00	1.000999999999999890e+00
1.563804880687500000e+09	5.668000000000000149e+00	1.000999999999999890e+00
1.563804880796875000e+09	5.671000000000000263e+00	1.002000000000000002e+00
1.563804880906250000e+09	5.669999999999999929e+00	1.000999999999999890e+00
1.563804881000000000e+09	5.671000000000000263e+00	1.000999999999999890e+00
1.563804881109375000e+09	5.671000000000000263e+00	1.000999999999999890e+00
1.563804881390625000e+09	5.668999999999999595e+00	1.000999999999999890e+00
1.563804881656250000e+09	5.668999999999999595e+00	1.000999999999999890e+00
1.563804881765625000e+09	5.668000000000000149e+00	1.002000000000000002e+00
1.563804881875000000e+09	5.666999999999999815e+00	1.000999999999999890e+00
1.563804881968750000e+09	5.668000000000000149e+00	1.000999999999999890e+00
1.563804882078125000e+09	5.668000000000000149e+00	1.002000000000000002e+00
1.563804882187500000e+09	5.663999999999999702e+00	1.002000000000000002e+00
1.563804882484375000e+09	5.666999999999999815e+00	1.000999999999999890e+00
1.563804882671875000e+09	5.666000000000000369e+00	1.000999999999999890e+00
1.563804882828125000e+09	5.666000000000000369e+00	1.000999999999999890e+00
1.563804882921875000e+09	5.665000000000000036e+00	1.002000000000000002e+00
1.563804883031250000e+09	5.666000000000000369e+00	1.000999999999999890e+00
1.563804883125000000e+09	5.666000000000000369e+00	1.002000000000000002e+00
1.563804883234375000e+09	5.666000000000000369e+00	1.002000000000000002e+00
1.563804883546875000e+09	5.663999999999999702e+00	1.000999999999999890e+00
1.563804883781250000e+09	5.666000000000000369e+00	1.000999999999999890e+00
1.563804883906250000e+09	5.668000000000000149e+00	1.000999999999999890e+00
1.563804884015625000e+09	5.668999999999999595e+00	1.000999999999999890e+00
1.563804884125000000e+09	5.669999999999999929e+00	1.000999999999999890e+00
1.563804884218750000e+09	5.668999999999999595e+00	1.000999999999999890e+00
1.563804884328125000e+09	5.669999999999999929e+00	1.000999999999999890e+00
1.563804884781250000e+09	5.671000000000000263e+00	1.000999999999999890e+00
1.563804884937500000e+09	5.671999999999999709e+00	1.000999999999999890e+00
1.563804885062500000e+09	5.671999999999999709e+00	1.000999999999999890e+00
1.563804885171875000e+09	5.674999999999999822e+00	1.000999999999999890e+00
1.563804885265625000e+09	5.674999999999999822e+00	1.002000000000000002e+00
1.563804885375000000e+09	5.676999999999999602e+00	1.000999999999999890e+00
1.563804885468750000e+09	5.676999999999999602e+00	1.000999999999999890e+00
1.563804885906250000e+09	5.676000000000000156e+00	1.000999999999999890e+00
1.563804886093750000e+09	5.674000000000000377e+00	1.002000000000000002e+00
1.563804886203125000e+09	5.673000000000000043e+00	1.002000000000000002e+00
1.563804886312500000e+09	5.673000000000000043e+00	1.000999999999999890e+00
1.563804886406250000e+09	5.671999999999999709e+00	1.000999999999999890e+00
1.563804886515625000e+09	5.674000000000000377e+00	1.000999999999999890e+00
1.563804886765625000e+09	5.673000000000000043e+00	1.000999999999999890e+00
1.563804887031250000e+09	5.673000000000000043e+00	1.000999999999999890e+00
1.563804887203125000e+09	5.671999999999999709e+00	1.000999999999999890e+00
1.563804887312500000e+09	5.673000000000000043e+00	1.000999999999999890e+00
1.563804887406250000e+09	5.674000000000000377e+00	1.000999999999999890e+00
1.563804887515625000e+09	5.673000000000000043e+00	1.000999999999999890e+00
1.563804887609375000e+09	5.673000000000000043e+00	1.000999999999999890e+00
1.563804888015625000e+09	5.673000000000000043e+00	1.000999999999999890e+00
1.563804888250000000e+09	5.673000000000000043e+00	1.002000000000000002e+00
1.563804888359375000e+09	5.674999999999999822e+00	1.000999999999999890e+00
1.563804888453125000e+09	5.673000000000000043e+00	1.002000000000000002e+00
1.563804888562500000e+09	5.673000000000000043e+00	1.002000000000000002e+00
1.563804888656250000e+09	5.673000000000000043e+00	1.002000000000000002e+00
1.563804888906250000e+09	5.674999999999999822e+00	1.002000000000000002e+00
1.563804889187500000e+09	5.676999999999999602e+00	1.000999999999999890e+00
1.563804889359375000e+09	5.677999999999999936e+00	1.002000000000000002e+00
1.563804889468750000e+09	5.677999999999999936e+00	1.000999999999999890e+00
1.563804889562500000e+09	5.679999999999999716e+00	1.000999999999999890e+00
1.563804889671875000e+09	5.679000000000000270e+00	1.000999999999999890e+00
1.563804889781250000e+09	5.679999999999999716e+00	1.000999999999999890e+00
1.563804890218750000e+09	5.679000000000000270e+00	1.000999999999999890e+00
1.563804890406250000e+09	5.679000000000000270e+00	1.000999999999999890e+00
1.563804890515625000e+09	5.679999999999999716e+00	1.000999999999999890e+00
1.563804890625000000e+09	5.679000000000000270e+00	1.002000000000000002e+00
1.563804890718750000e+09	5.677999999999999936e+00	1.002000000000000002e+00
1.563804890828125000e+09	5.679999999999999716e+00	1.002000000000000002e+00
1.563804891140625000e+09	5.677999999999999936e+00	1.002000000000000002e+00
1.563804891437500000e+09	5.676999999999999602e+00	1.000999999999999890e+00
1.563804891609375000e+09	5.676000000000000156e+00	1.000999999999999890e+00
1.563804891718750000e+09	5.676000000000000156e+00	1.002000000000000002e+00
1.563804891828125000e+09	5.676000000000000156e+00	1.000999999999999890e+00
1.563804891921875000e+09	5.674999999999999822e+00	1.000999999999999890e+00
1.563804892031250000e+09	5.676000000000000156e+00	1.000999999999999890e+00
1.563804892375000000e+09	5.676000000000000156e+00	1.000999999999999890e+00
1.563804892546875000e+09	5.676999999999999602e+00	1.002000000000000002e+00
1.563804892687500000e+09	5.679000000000000270e+00	1.002000000000000002e+00
1.563804892796875000e+09	5.679000000000000270e+00	1.002000000000000002e+00
1.563804892906250000e+09	5.679000000000000270e+00	1.000999999999999890e+00
1.563804893000000000e+09	5.679999999999999716e+00	1.002000000000000002e+00
1.563804893109375000e+09	5.679000000000000270e+00	1.002000000000000002e+00
1.563804893437500000e+09	5.682000000000000384e+00	1.002000000000000002e+00
1.563804893656250000e+09	5.684000000000000163e+00	1.000999999999999890e+00
1.563804893781250000e+09	5.682999999999999829e+00	1.000999999999999890e+00
1.563804893875000000e+09	5.684999999999999609e+00	1.000999999999999890e+00
1.563804893984375000e+09	5.685999999999999943e+00	1.002000000000000002e+00
1.563804894093750000e+09	5.684000000000000163e+00	1.000999999999999890e+00
1.563804894187500000e+09	5.685999999999999943e+00	1.002000000000000002e+00
1.563804894546875000e+09	5.684000000000000163e+00	1.000999999999999890e+00
1.563804894718750000e+09	5.684999999999999609e+00	1.000999999999999890e+00
1.563804894843750000e+09	5.684000000000000163e+00	1.000999999999999890e+00
1.563804894953125000e+09	5.684000000000000163e+00	1.000999999999999890e+00
1.563804895046875000e+09	5.684000000000000163e+00	1.002000000000000002e+00
1.563804895156250000e+09	5.684000000000000163e+00	1.002000000000000002e+00
1.563804895265625000e+09	5.682000000000000384e+00	1.000999999999999890e+00
1.563804895546875000e+09	5.682000000000000384e+00	1.000999999999999890e+00
1.563804895781250000e+09	5.681000000000000050e+00	1.000999999999999890e+00
1.563804895937500000e+09	5.681000000000000050e+00	1.000999999999999890e+00
1.563804896031250000e+09	5.682999999999999829e+00	1.000999999999999890e+00
1.563804896140625000e+09	5.681000000000000050e+00	1.000999999999999890e+00
1.563804896234375000e+09	5.682000000000000384e+00	1.000999999999999890e+00
1.563804896343750000e+09	5.681000000000000050e+00	1.000999999999999890e+00
1.563804896625000000e+09	5.682999999999999829e+00	1.002000000000000002e+00
1.563804896875000000e+09	5.682000000000000384e+00	1.000999999999999890e+00
1.563804897015625000e+09	5.684000000000000163e+00	1.000999999999999890e+00
1.563804897109375000e+09	5.684000000000000163e+00	1.000999999999999890e+00
1.563804897218750000e+09	5.684999999999999609e+00	1.000999999999999890e+00
1.563804897328125000e+09	5.684999999999999609e+00	1.000999999999999890e+00
1.563804897421875000e+09	5.684999999999999609e+00	1.002000000000000002e+00
1.563804897687500000e+09	5.684999999999999609e+00	1.002000000000000002e+00
1.563804897890625000e+09	5.684999999999999609e+00	1.000000000000000000e+00
1.563804898062500000e+09	5.687000000000000277e+00	1.000999999999999890e+00
1.563804898156250000e+09	5.687999999999999723e+00	1.000999999999999890e+00
1.563804898265625000e+09	5.687999999999999723e+00	1.002000000000000002e+00
1.563804898375000000e+09	5.690000000000000391e+00	1.002000000000000002e+00
1.563804898484375000e+09	5.690000000000000391e+00	1.000999999999999890e+00
1.563804898796875000e+09	5.687000000000000277e+00	1.000999999999999890e+00
1.563804899078125000e+09	5.689000000000000057e+00	1.000999999999999890e+00
1.563804899234375000e+09	5.689000000000000057e+00	1.002000000000000002e+00
1.563804899343750000e+09	5.687999999999999723e+00	1.000999999999999890e+00
1.563804899437500000e+09	5.687999999999999723e+00	1.000999999999999890e+00
1.563804899546875000e+09	5.684999999999999609e+00	1.002000000000000002e+00
1.563804899640625000e+09	5.687000000000000277e+00	1.002000000000000002e+00
1.563804899875000000e+09	5.685999999999999943e+00	1.002000000000000002e+00
1.563804900171875000e+09	5.685999999999999943e+00	1.002000000000000002e+00
1.563804900328125000e+09	5.684000000000000163e+00	1.000999999999999890e+00
1.563804900437500000e+09	5.685999999999999943e+00	1.000999999999999890e+00
1.563804900531250000e+09	5.685999999999999943e+00	1.000999999999999890e+00
1.563804900640625000e+09	5.685999999999999943e+00	1.000999999999999890e+00
1.563804900734375000e+09	5.684000000000000163e+00	1.002000000000000002e+00
1.563804901000000000e+09	5.684999999999999609e+00	1.002000000000000002e+00
1.563804901281250000e+09	5.684999999999999609e+00	1.000999999999999890e+00
1.563804901437500000e+09	5.685999999999999943e+00	1.000999999999999890e+00
1.563804901531250000e+09	5.684000000000000163e+00	1.002000000000000002e+00
1.563804901640625000e+09	5.685999999999999943e+00	1.000999999999999890e+00
1.563804901750000000e+09	5.685999999999999943e+00	1.002000000000000002e+00
1.563804901843750000e+09	5.685999999999999943e+00	1.000999999999999890e+00
1.563804902093750000e+09	5.687999999999999723e+00	1.000999999999999890e+00
1.563804902359375000e+09	5.687999999999999723e+00	1.000999999999999890e+00
1.563804902515625000e+09	5.687999999999999723e+00	1.000999999999999890e+00
1.563804902625000000e+09	5.690000000000000391e+00	1.000999999999999890e+00
1.563804902718750000e+09	5.690000000000000391e+00	1.002000000000000002e+00
1.563804902828125000e+09	5.690000000000000391e+00	1.000999999999999890e+00
1.563804902937500000e+09	5.690000000000000391e+00	1.000999999999999890e+00
1.563804903203125000e+09	5.690000000000000391e+00	1.002000000000000002e+00
1.563804903453125000e+09	5.685999999999999943e+00	1.000999999999999890e+00
1.563804903609375000e+09	5.687999999999999723e+00	1.000999999999999890e+00
1.563804903703125000e+09	5.687999999999999723e+00	1.002000000000000002e+00
1.563804903812500000e+09	5.687999999999999723e+00	1.002000000000000002e+00
1.563804903921875000e+09	5.687999999999999723e+00	1.002000000000000002e+00
1.563804904015625000e+09	5.685999999999999943e+00	1.002000000000000002e+00
1.563804904296875000e+09	5.684999999999999609e+00	1.002000000000000002e+00
1.563804904546875000e+09	5.685999999999999943e+00	1.000999999999999890e+00
1.563804904687500000e+09	5.685999999999999943e+00	1.000999999999999890e+00
1.563804904796875000e+09	5.685999999999999943e+00	1.000999999999999890e+00
1.563804904906250000e+09	5.687999999999999723e+00	1.002000000000000002e+00
1.563804905000000000e+09	5.687999999999999723e+00	1.002000000000000002e+00
1.563804905109375000e+09	5.687999999999999723e+00	1.002000000000000002e+00
1.563804905406250000e+09	5.687999999999999723e+00	1.000999999999999890e+00
1.563804905625000000e+09	5.690999999999999837e+00	1.000999999999999890e+00
1.563804905781250000e+09	5.689000000000000057e+00	1.000999999999999890e+00
1.563804905875000000e+09	5.692000000000000171e+00	1.000999999999999890e+00
1.563804905984375000e+09	5.692000000000000171e+00	1.000999999999999890e+00
1.563804906078125000e+09	5.692999999999999616e+00	1.000999999999999890e+00
1.563804906187500000e+09	5.692999999999999616e+00	1.002000000000000002e+00
1.563804906500000000e+09	5.695000000000000284e+00	1.000999999999999890e+00
1.563804906718750000e+09	5.693999999999999950e+00	1.000999999999999890e+00
1.563804906875000000e+09	5.695000000000000284e+00	1.000999999999999890e+00
1.563804907015625000e+09	5.695999999999999730e+00	1.002000000000000002e+00
1.563804907109375000e+09	5.697000000000000064e+00	1.002000000000000002e+00
1.563804907218750000e+09	5.697000000000000064e+00	1.000999999999999890e+00
1.563804907312500000e+09	5.695000000000000284e+00	1.000999999999999890e+00
1.563804907421875000e+09	5.695999999999999730e+00	1.000999999999999890e+00
1.563804907703125000e+09	5.695000000000000284e+00	1.000999999999999890e+00
1.563804907890625000e+09	5.693999999999999950e+00	1.000999999999999890e+00
1.563804908046875000e+09	5.693999999999999950e+00	1.000999999999999890e+00
1.563804908156250000e+09	5.692999999999999616e+00	1.002000000000000002e+00
1.563804908265625000e+09	5.693999999999999950e+00	1.000999999999999890e+00
1.563804908359375000e+09	5.692999999999999616e+00	1.002000000000000002e+00
1.563804908468750000e+09	5.692999999999999616e+00	1.002000000000000002e+00
1.563804908734375000e+09	5.692999999999999616e+00	1.000999999999999890e+00
1.563804908984375000e+09	5.692000000000000171e+00	1.000999999999999890e+00
1.563804909156250000e+09	5.692999999999999616e+00	1.000999999999999890e+00
1.563804909250000000e+09	5.692999999999999616e+00	1.000999999999999890e+00
1.563804909359375000e+09	5.695000000000000284e+00	1.000999999999999890e+00
1.563804909453125000e+09	5.692999999999999616e+00	1.002000000000000002e+00
1.563804909562500000e+09	5.693999999999999950e+00	1.000999999999999890e+00
1.563804909828125000e+09	5.695999999999999730e+00	1.000999999999999890e+00
1.563804910078125000e+09	5.695000000000000284e+00	1.000999999999999890e+00
1.563804910265625000e+09	5.695000000000000284e+00	1.000999999999999890e+00
1.563804910359375000e+09	5.692999999999999616e+00	1.000999999999999890e+00
1.563804910468750000e+09	5.692999999999999616e+00	1.000999999999999890e+00
1.563804910562500000e+09	5.693999999999999950e+00	1.000999999999999890e+00
1.563804910671875000e+09	5.692999999999999616e+00	1.000999999999999890e+00
1.563804910906250000e+09	5.695999999999999730e+00	1.000999999999999890e+00
1.563804911140625000e+09	5.695000000000000284e+00	1.002000000000000002e+00
1.563804911296875000e+09	5.697000000000000064e+00	1.002000000000000002e+00
1.563804911421875000e+09	5.697000000000000064e+00	1.002000000000000002e+00
1.563804911515625000e+09	5.697000000000000064e+00	1.000999999999999890e+00
1.563804911625000000e+09	5.697000000000000064e+00	1.000999999999999890e+00
1.563804911734375000e+09	5.697000000000000064e+00	1.000999999999999890e+00
1.563804911828125000e+09	5.695999999999999730e+00	1.002000000000000002e+00
1.563804912140625000e+09	5.695999999999999730e+00	1.002000000000000002e+00
1.563804912343750000e+09	5.695000000000000284e+00	1.002000000000000002e+00
1.563804912500000000e+09	5.693999999999999950e+00	1.000999999999999890e+00
1.563804912593750000e+09	5.692999999999999616e+00	1.000999999999999890e+00
1.563804912703125000e+09	5.692999999999999616e+00	1.002000000000000002e+00
1.563804912812500000e+09	5.695000000000000284e+00	1.000999999999999890e+00
1.563804912906250000e+09	5.695000000000000284e+00	1.000999999999999890e+00
1.563804913265625000e+09	5.693999999999999950e+00	1.000999999999999890e+00
1.563804913578125000e+09	5.692999999999999616e+00	1.000999999999999890e+00
1.563804913718750000e+09	5.692999999999999616e+00	1.000999999999999890e+00
1.563804913828125000e+09	5.692999999999999616e+00	1.000999999999999890e+00
1.563804913921875000e+09	5.693999999999999950e+00	1.000999999999999890e+00
1.563804914031250000e+09	5.693999999999999950e+00	1.000999999999999890e+00
1.563804914140625000e+09	5.695000000000000284e+00	1.000999999999999890e+00
1.563804914453125000e+09	5.695000000000000284e+00	1.002000000000000002e+00
1.563804914671875000e+09	5.697000000000000064e+00	1.002000000000000002e+00
1.563804914812500000e+09	5.697000000000000064e+00	1.002000000000000002e+00
1.563804914921875000e+09	5.695999999999999730e+00	1.000999999999999890e+00
1.563804915015625000e+09	5.695999999999999730e+00	1.000999999999999890e+00
1.563804915125000000e+09	5.695000000000000284e+00	1.000999999999999890e+00
1.563804915234375000e+09	5.695999999999999730e+00	1.002000000000000002e+00
1.563804915515625000e+09	5.697000000000000064e+00	1.002000000000000002e+00
1.563804915703125000e+09	5.698999999999999844e+00	1.000999999999999890e+00
1.563804915875000000e+09	5.700000000000000178e+00	1.000999999999999890e+00
1.563804915968750000e+09	5.698999999999999844e+00	1.002000000000000002e+00
1.563804916078125000e+09	5.698999999999999844e+00	1.000999999999999890e+00
1.563804916187500000e+09	5.700000000000000178e+00	1.002000000000000002e+00
1.563804916296875000e+09	5.698999999999999844e+00	1.000999999999999890e+00
1.563804916468750000e+09	5.700000000000000178e+00	1.000999999999999890e+00
1.563804916765625000e+09	5.698999999999999844e+00	1.000999999999999890e+00
1.563804916937500000e+09	5.698000000000000398e+00	1.002000000000000002e+00
1.563804917046875000e+09	5.698999999999999844e+00	1.000999999999999890e+00
1.563804917156250000e+09	5.697000000000000064e+00	1.000999999999999890e+00
1.563804917250000000e+09	5.697000000000000064e+00	1.002000000000000002e+00
1.563804917359375000e+09	5.697000000000000064e+00	1.002000000000000002e+00
1.563804917578125000e+09	5.695000000000000284e+00	1.002000000000000002e+00
1.563804917859375000e+09	5.695999999999999730e+00	1.000999999999999890e+00
1.563804918015625000e+09	5.697000000000000064e+00	1.000999999999999890e+00
1.563804918125000000e+09	5.695999999999999730e+00	1.000999999999999890e+00
1.563804918218750000e+09	5.698000000000000398e+00	1.000999999999999890e+00
1.563804918328125000e+09	5.697000000000000064e+00	1.000999999999999890e+00
1.563804918437500000e+09	5.697000000000000064e+00	1.000999999999999890e+00
1.563804918703125000e+09	5.697000000000000064e+00	1.002000000000000002e+00
1.563804918937500000e+09	5.698999999999999844e+00	1.000999999999999890e+00
1.563804919078125000e+09	5.695999999999999730e+00	1.000999999999999890e+00
1.563804919187500000e+09	5.697000000000000064e+00	1.002000000000000002e+00
1.563804919281250000e+09	5.698999999999999844e+00	1.000999999999999890e+00
1.563804919390625000e+09	5.700999999999999623e+00	1.002000000000000002e+00
1.563804919500000000e+09	5.700999999999999623e+00	1.000999999999999890e+00
1.563804919718750000e+09	5.700000000000000178e+00	1.000999999999999890e+00
1.563804920000000000e+09	5.700999999999999623e+00	1.000999999999999890e+00
1.563804920140625000e+09	5.701999999999999957e+00	1.002000000000000002e+00
1.563804920250000000e+09	5.700000000000000178e+00	1.000999999999999890e+00
1.563804920359375000e+09	5.700999999999999623e+00	1.002000000000000002e+00
1.563804920453125000e+09	5.698999999999999844e+00	1.000999999999999890e+00
1.563804920562500000e+09	5.698999999999999844e+00	1.000999999999999890e+00
1.563804920828125000e+09	5.698999999999999844e+00	1.000999999999999890e+00
1.563804921140625000e+09	5.697000000000000064e+00	1.000999999999999890e+00
1.563804921281250000e+09	5.698999999999999844e+00	1.002000000000000002e+00
1.563804921390625000e+09	5.698999999999999844e+00	1.000999999999999890e+00
1.563804921500000000e+09	5.698999999999999844e+00	1.000999999999999890e+00
1.563804921593750000e+09	5.698999999999999844e+00	1.002000000000000002e+00
1.563804921703125000e+09	5.701999999999999957e+00	1.000999999999999890e+00
1.563804921984375000e+09	5.703000000000000291e+00	1.002000000000000002e+00
1.563804922265625000e+09	5.701999999999999957e+00	1.000999999999999890e+00
1.563804922406250000e+09	5.701999999999999957e+00	1.000999999999999890e+00
1.563804922515625000e+09	5.705000000000000071e+00	1.000999999999999890e+00
1.563804922609375000e+09	5.703999999999999737e+00	1.000999999999999890e+00
1.563804922718750000e+09	5.703999999999999737e+00	1.000999999999999890e+00
1.563804922828125000e+09	5.705000000000000071e+00	1.000999999999999890e+00
1.563804923125000000e+09	5.703000000000000291e+00	1.000999999999999890e+00
1.563804923328125000e+09	5.705000000000000071e+00	1.002000000000000002e+00
1.563804923468750000e+09	5.705000000000000071e+00	1.000999999999999890e+00
1.563804923578125000e+09	5.703999999999999737e+00	1.000999999999999890e+00
1.563804923687500000e+09	5.703000000000000291e+00	1.000999999999999890e+00
1.563804923781250000e+09	5.703999999999999737e+00	1.000999999999999890e+00
1.563804923890625000e+09	5.705000000000000071e+00	1.002000000000000002e+00
1.563804924203125000e+09	5.703000000000000291e+00	1.000999999999999890e+00
1.563804924406250000e+09	5.703000000000000291e+00	1.000999999999999890e+00
1.563804924546875000e+09	5.700999999999999623e+00	1.002000000000000002e+00
1.563804924640625000e+09	5.698999999999999844e+00	1.000999999999999890e+00
1.563804924750000000e+09	5.700000000000000178e+00	1.000999999999999890e+00
1.563804924859375000e+09	5.700000000000000178e+00	1.000999999999999890e+00
1.563804924953125000e+09	5.698999999999999844e+00	1.000999999999999890e+00
1.563804925250000000e+09	5.698999999999999844e+00	1.000999999999999890e+00
1.563804925453125000e+09	5.698999999999999844e+00	1.002000000000000002e+00
1.563804925593750000e+09	5.698000000000000398e+00	1.000999999999999890e+00
1.563804925703125000e+09	5.700000000000000178e+00	1.000999999999999890e+00
1.563804925812500000e+09	5.700999999999999623e+00	1.000999999999999890e+00
1.563804925906250000e+09	5.700000000000000178e+00	1.002000000000000002e+00
1.563804926015625000e+09	5.703000000000000291e+00	1.000999999999999890e+00
1.563804926296875000e+09	5.700999999999999623e+00	1.000999999999999890e+00
1.563804926546875000e+09	5.701999999999999957e+00	1.002000000000000002e+00
1.563804926671875000e+09	5.703999999999999737e+00	1.000999999999999890e+00
1.563804926781250000e+09	5.703000000000000291e+00	1.000999999999999890e+00
1.563804926890625000e+09	5.703000000000000291e+00	1.000999999999999890e+00
1.563804926984375000e+09	5.705000000000000071e+00	1.000999999999999890e+00
1.563804927093750000e+09	5.705000000000000071e+00	1.000999999999999890e+00
1.563804927375000000e+09	5.706000000000000405e+00	1.002000000000000002e+00
1.563804927609375000e+09	5.706000000000000405e+00	1.002000000000000002e+00
1.563804927750000000e+09	5.706000000000000405e+00	1.000999999999999890e+00
1.563804927843750000e+09	5.706000000000000405e+00	1.000999999999999890e+00
1.563804927953125000e+09	5.706000000000000405e+00	1.000999999999999890e+00
1.563804928062500000e+09	5.706000000000000405e+00	1.000999999999999890e+00
1.563804928156250000e+09	5.706999999999999851e+00	1.002000000000000002e+00
1.563804928515625000e+09	5.705000000000000071e+00	1.000999999999999890e+00
1.563804928750000000e+09	5.703000000000000291e+00	1.000999999999999890e+00
1.563804928921875000e+09	5.703000000000000291e+00	1.000999999999999890e+00
1.563804929015625000e+09	5.701999999999999957e+00	1.000999999999999890e+00
1.563804929125000000e+09	5.700999999999999623e+00	1.002000000000000002e+00
1.563804929234375000e+09	5.700999999999999623e+00	1.000999999999999890e+00
1.563804929328125000e+09	5.703000000000000291e+00	1.000999999999999890e+00
1.563804929687500000e+09	5.698999999999999844e+00	1.000999999999999890e+00
1.563804929859375000e+09	5.700999999999999623e+00	1.002000000000000002e+00
1.563804929984375000e+09	5.701999999999999957e+00	1.000999999999999890e+00
1.563804930078125000e+09	5.703000000000000291e+00	1.000999999999999890e+00
1.563804930187500000e+09	5.703999999999999737e+00	1.000999999999999890e+00
1.563804930296875000e+09	5.705000000000000071e+00	1.000999999999999890e+00
1.563804930390625000e+09	5.703999999999999737e+00	1.000999999999999890e+00
1.563804930703125000e+09	5.705000000000000071e+00	1.000999999999999890e+00
1.563804930921875000e+09	5.706000000000000405e+00	1.002000000000000002e+00
1.563804931062500000e+09	5.706999999999999851e+00	1.000999999999999890e+00
1.563804931156250000e+09	5.706000000000000405e+00	1.000999999999999890e+00
1.563804931265625000e+09	5.708000000000000185e+00	1.002000000000000002e+00
1.563804931375000000e+09	5.706999999999999851e+00	1.000999999999999890e+00
1.563804931468750000e+09	5.708000000000000185e+00	1.000999999999999890e+00
1.563804931781250000e+09	5.706000000000000405e+00	1.000999999999999890e+00
1.563804931984375000e+09	5.706999999999999851e+00	1.000999999999999890e+00
1.563804932125000000e+09	5.706000000000000405e+00	1.002000000000000002e+00
1.563804932234375000e+09	5.708000000000000185e+00	1.002000000000000002e+00
1.563804932328125000e+09	5.706000000000000405e+00	1.000999999999999890e+00
1.563804932437500000e+09	5.706999999999999851e+00	1.002000000000000002e+00
1.563804932546875000e+09	5.706000000000000405e+00	1.002000000000000002e+00
1.563804932890625000e+09	5.705000000000000071e+00	1.000999999999999890e+00
1.563804933062500000e+09	5.703999999999999737e+00	1.000999999999999890e+00
1.563804933203125000e+09	5.705000000000000071e+00	1.000999999999999890e+00
1.563804933296875000e+09	5.706000000000000405e+00	1.000999999999999890e+00
1.563804933406250000e+09	5.705000000000000071e+00	1.000999999999999890e+00
1.563804933515625000e+09	5.705000000000000071e+00	1.002000000000000002e+00
1.563804933609375000e+09	5.706000000000000405e+00	1.000999999999999890e+00
1.563804933968750000e+09	5.706000000000000405e+00	1.000999999999999890e+00
1.563804934156250000e+09	5.703999999999999737e+00	1.002000000000000002e+00
1.563804934281250000e+09	5.705000000000000071e+00	1.000999999999999890e+00
1.563804934390625000e+09	5.703000000000000291e+00	1.000999999999999890e+00
1.563804934484375000e+09	5.700999999999999623e+00	1.000999999999999890e+00
1.563804934593750000e+09	5.703000000000000291e+00	1.002000000000000002e+00
1.563804934703125000e+09	5.703000000000000291e+00	1.002000000000000002e+00
1.563804935078125000e+09	5.703000000000000291e+00	1.002000000000000002e+00
1.563804935234375000e+09	5.703999999999999737e+00	1.000999999999999890e+00
1.563804935359375000e+09	5.703999999999999737e+00	1.000999999999999890e+00
1.563804935468750000e+09	5.705000000000000071e+00	1.000999999999999890e+00
1.563804935562500000e+09	5.705000000000000071e+00	1.002000000000000002e+00
1.563804935671875000e+09	5.706000000000000405e+00	1.000999999999999890e+00
1.563804935765625000e+09	5.708000000000000185e+00	1.000999999999999890e+00
1.563804936156250000e+09	5.708999999999999631e+00	1.002000000000000002e+00
1.563804936312500000e+09	5.708999999999999631e+00	1.000999999999999890e+00
1.563804936453125000e+09	5.709999999999999964e+00	1.000999999999999890e+00
1.563804936546875000e+09	5.708000000000000185e+00	1.000999999999999890e+00
1.563804936656250000e+09	5.708999999999999631e+00	1.000999999999999890e+00
1.563804936765625000e+09	5.709999999999999964e+00	1.002000000000000002e+00
1.563804936859375000e+09	5.708000000000000185e+00	1.002000000000000002e+00
1.563804937125000000e+09	5.708000000000000185e+00	1.000999999999999890e+00
1.563804937375000000e+09	5.706000000000000405e+00	1.002000000000000002e+00
1.563804937515625000e+09	5.706000000000000405e+00	1.000999999999999890e+00
1.563804937625000000e+09	5.706999999999999851e+00	1.000999999999999890e+00
1.563804937718750000e+09	5.706000000000000405e+00	1.000999999999999890e+00
1.563804937828125000e+09	5.705000000000000071e+00	1.000999999999999890e+00
1.563804937937500000e+09	5.706999999999999851e+00	1.002000000000000002e+00
1.563804938187500000e+09	5.706000000000000405e+00	1.000999999999999890e+00
1.563804938437500000e+09	5.706000000000000405e+00	1.000999999999999890e+00
1.563804938609375000e+09	5.705000000000000071e+00	1.000999999999999890e+00
1.563804938718750000e+09	5.705000000000000071e+00	1.000999999999999890e+00
1.563804938812500000e+09	5.706000000000000405e+00	1.000999999999999890e+00
1.563804938921875000e+09	5.706000000000000405e+00	1.000999999999999890e+00
1.563804939015625000e+09	5.706000000000000405e+00	1.000999999999999890e+00
1.563804939343750000e+09	5.706000000000000405e+00	1.000999999999999890e+00
1.563804939546875000e+09	5.706000000000000405e+00	1.002000000000000002e+00
1.563804939687500000e+09	5.705000000000000071e+00	1.000999999999999890e+00
1.563804939796875000e+09	5.708000000000000185e+00	1.002000000000000002e+00
1.563804939890625000e+09	5.708000000000000185e+00	1.002000000000000002e+00
1.563804940000000000e+09	5.706999999999999851e+00	1.002000000000000002e+00
1.563804940093750000e+09	5.708000000000000185e+00	1.000999999999999890e+00
1.563804940390625000e+09	5.708999999999999631e+00	1.000999999999999890e+00
1.563804940625000000e+09	5.709999999999999964e+00	1.002000000000000002e+00
1.563804940765625000e+09	5.711000000000000298e+00	1.000999999999999890e+00
1.563804940875000000e+09	5.711999999999999744e+00	1.002000000000000002e+00
1.563804940968750000e+09	5.711999999999999744e+00	1.002000000000000002e+00
1.563804941078125000e+09	5.711999999999999744e+00	1.002000000000000002e+00
1.563804941171875000e+09	5.711000000000000298e+00	1.000999999999999890e+00
1.563804941406250000e+09	5.711000000000000298e+00	1.000999999999999890e+00
1.563804941656250000e+09	5.708000000000000185e+00	1.002000000000000002e+00
1.563804941828125000e+09	5.708999999999999631e+00	1.000999999999999890e+00
1.563804941937500000e+09	5.708999999999999631e+00	1.002000000000000002e+00
1.563804942046875000e+09	5.706000000000000405e+00	1.002000000000000002e+00
1.563804942140625000e+09	5.706000000000000405e+00	1.002000000000000002e+00
1.563804942250000000e+09	5.706000000000000405e+00	1.002000000000000002e+00
1.563804942484375000e+09	5.706000000000000405e+00	1.002000000000000002e+00
1.563804942718750000e+09	5.706999999999999851e+00	1.002000000000000002e+00
1.563804942937500000e+09	5.708000000000000185e+00	1.000999999999999890e+00
1.563804943062500000e+09	5.708000000000000185e+00	1.000999999999999890e+00
1.563804943171875000e+09	5.709999999999999964e+00	1.002000000000000002e+00
1.563804943281250000e+09	5.709999999999999964e+00	1.002000000000000002e+00
1.563804943390625000e+09	5.708000000000000185e+00	1.000999999999999890e+00
1.563804943484375000e+09	5.708000000000000185e+00	1.002000000000000002e+00
1.563804943781250000e+09	5.708999999999999631e+00	1.000999999999999890e+00
1.563804944000000000e+09	5.711000000000000298e+00	1.000999999999999890e+00
1.563804944140625000e+09	5.709999999999999964e+00	1.002000000000000002e+00
1.563804944250000000e+09	5.711999999999999744e+00	1.000999999999999890e+00
1.563804944343750000e+09	5.711000000000000298e+00	1.000999999999999890e+00
1.563804944453125000e+09	5.711999999999999744e+00	1.000999999999999890e+00
1.563804944562500000e+09	5.711999999999999744e+00	1.000999999999999890e+00
1.563804944875000000e+09	5.714000000000000412e+00	1.000999999999999890e+00
1.563804945078125000e+09	5.713000000000000078e+00	1.000999999999999890e+00
1.563804945218750000e+09	5.711999999999999744e+00	1.000999999999999890e+00
1.563804945328125000e+09	5.711999999999999744e+00	1.000999999999999890e+00
1.563804945421875000e+09	5.711999999999999744e+00	1.000999999999999890e+00
1.563804945531250000e+09	5.711000000000000298e+00	1.000999999999999890e+00
1.563804945640625000e+09	5.709999999999999964e+00	1.000999999999999890e+00
1.563804945921875000e+09	5.711000000000000298e+00	1.000999999999999890e+00
1.563804946156250000e+09	5.709999999999999964e+00	1.000999999999999890e+00
1.563804946312500000e+09	5.708999999999999631e+00	1.000999999999999890e+00
1.563804946406250000e+09	5.708000000000000185e+00	1.000999999999999890e+00
1.563804946515625000e+09	5.709999999999999964e+00	1.002000000000000002e+00
1.563804946625000000e+09	5.708000000000000185e+00	1.000999999999999890e+00
1.563804946734375000e+09	5.708000000000000185e+00	1.000999999999999890e+00
1.563804947140625000e+09	5.709999999999999964e+00	1.000999999999999890e+00
1.563804947281250000e+09	5.711000000000000298e+00	1.000999999999999890e+00
1.563804947406250000e+09	5.711000000000000298e+00	1.000999999999999890e+00
1.563804947500000000e+09	5.709999999999999964e+00	1.000999999999999890e+00
1.563804947609375000e+09	5.709999999999999964e+00	1.000999999999999890e+00
1.563804947718750000e+09	5.709999999999999964e+00	1.000999999999999890e+00
1.563804947828125000e+09	5.711999999999999744e+00	1.000999999999999890e+00
1.563804948093750000e+09	5.709999999999999964e+00	1.000999999999999890e+00
1.563804948328125000e+09	5.711000000000000298e+00	1.000999999999999890e+00
1.563804948468750000e+09	5.711999999999999744e+00	1.002000000000000002e+00
1.563804948578125000e+09	5.713000000000000078e+00	1.002000000000000002e+00
1.563804948671875000e+09	5.713000000000000078e+00	1.000999999999999890e+00
1.563804948781250000e+09	5.716000000000000192e+00	1.002000000000000002e+00
1.563804948875000000e+09	5.716000000000000192e+00	1.000999999999999890e+00
1.563804949156250000e+09	5.716000000000000192e+00	1.000999999999999890e+00
1.563804949390625000e+09	5.716999999999999638e+00	1.000999999999999890e+00
1.563804949546875000e+09	5.714000000000000412e+00	1.000999999999999890e+00
1.563804949656250000e+09	5.714999999999999858e+00	1.000999999999999890e+00
1.563804949765625000e+09	5.714000000000000412e+00	1.000999999999999890e+00
1.563804949859375000e+09	5.714000000000000412e+00	1.000999999999999890e+00
1.563804949968750000e+09	5.711999999999999744e+00	1.000999999999999890e+00
1.563804950265625000e+09	5.709999999999999964e+00	1.002000000000000002e+00
1.563804950578125000e+09	5.709999999999999964e+00	1.000999999999999890e+00
1.563804950718750000e+09	5.708000000000000185e+00	1.000999999999999890e+00
1.563804950828125000e+09	5.708000000000000185e+00	1.000999999999999890e+00
1.563804950921875000e+09	5.706000000000000405e+00	1.000999999999999890e+00
1.563804951031250000e+09	5.705000000000000071e+00	1.002000000000000002e+00
1.563804951140625000e+09	5.706000000000000405e+00	1.000999999999999890e+00
1.563804951484375000e+09	5.706000000000000405e+00	1.002000000000000002e+00
1.563804951625000000e+09	5.706000000000000405e+00	1.000999999999999890e+00
1.563804951765625000e+09	5.706000000000000405e+00	1.000999999999999890e+00
1.563804951859375000e+09	5.706999999999999851e+00	1.000999999999999890e+00
1.563804951968750000e+09	5.708000000000000185e+00	1.002000000000000002e+00
1.563804952062500000e+09	5.708999999999999631e+00	1.000999999999999890e+00
1.563804952171875000e+09	5.708000000000000185e+00	1.002000000000000002e+00
1.563804952437500000e+09	5.708999999999999631e+00	1.002000000000000002e+00
1.563804952671875000e+09	5.711999999999999744e+00	1.000999999999999890e+00
1.563804952828125000e+09	5.711999999999999744e+00	1.000000000000000000e+00
1.563804952937500000e+09	5.713000000000000078e+00	1.002000000000000002e+00
1.563804953031250000e+09	5.714000000000000412e+00	1.000999999999999890e+00
1.563804953140625000e+09	5.713000000000000078e+00	1.000999999999999890e+00
1.563804953250000000e+09	5.713000000000000078e+00	1.000999999999999890e+00
1.563804953484375000e+09	5.713000000000000078e+00	1.000999999999999890e+00
1.563804953718750000e+09	5.711999999999999744e+00	1.000999999999999890e+00
1.563804953906250000e+09	5.714000000000000412e+00	1.002000000000000002e+00
1.563804954015625000e+09	5.713000000000000078e+00	1.000999999999999890e+00
1.563804954125000000e+09	5.714000000000000412e+00	1.000999999999999890e+00
1.563804954218750000e+09	5.714000000000000412e+00	1.002000000000000002e+00
1.563804954328125000e+09	5.714000000000000412e+00	1.000999999999999890e+00
1.563804954531250000e+09	5.713000000000000078e+00	1.002000000000000002e+00
1.563804954828125000e+09	5.711000000000000298e+00	1.002000000000000002e+00
1.563804954984375000e+09	5.711000000000000298e+00	1.000999999999999890e+00
1.563804955093750000e+09	5.711999999999999744e+00	1.000999999999999890e+00
1.563804955203125000e+09	5.711999999999999744e+00	1.002000000000000002e+00
1.563804955296875000e+09	5.711000000000000298e+00	1.000999999999999890e+00
1.563804955406250000e+09	5.711000000000000298e+00	1.002000000000000002e+00
1.563804955562500000e+09	5.711000000000000298e+00	1.000999999999999890e+00
1.563804955875000000e+09	5.711000000000000298e+00	1.002000000000000002e+00
1.563804956062500000e+09	5.713000000000000078e+00	1.002000000000000002e+00
1.563804956171875000e+09	5.711000000000000298e+00	1.000999999999999890e+00
1.563804956281250000e+09	5.711999999999999744e+00	1.000999999999999890e+00
1.563804956375000000e+09	5.713000000000000078e+00	1.000999999999999890e+00
1.563804956484375000e+09	5.711999999999999744e+00	1.000999999999999890e+00
1.563804956703125000e+09	5.711999999999999744e+00	1.000999999999999890e+00
1.563804956953125000e+09	5.714999999999999858e+00	1.000999999999999890e+00
1.563804957140625000e+09	5.714000000000000412e+00	1.000999999999999890e+00
1.563804957234375000e+09	5.716000000000000192e+00	1.000999999999999890e+00
1.563804957343750000e+09	5.716999999999999638e+00	1.000999999999999890e+00
1.563804957453125000e+09	5.716000000000000192e+00	1.000999999999999890e+00
1.563804957546875000e+09	5.716000000000000192e+00	1.002000000000000002e+00
1.563804957781250000e+09	5.716999999999999638e+00	1.002000000000000002e+00
1.563804958140625000e+09	5.716999999999999638e+00	1.000999999999999890e+00
1.563804958312500000e+09	5.716000000000000192e+00	1.002000000000000002e+00
1.563804958406250000e+09	5.713000000000000078e+00	1.002000000000000002e+00
1.563804958515625000e+09	5.714000000000000412e+00	1.000999999999999890e+00
1.563804958625000000e+09	5.716000000000000192e+00	1.000999999999999890e+00
1.563804958718750000e+09	5.714000000000000412e+00	1.000999999999999890e+00
1.563804958984375000e+09	5.714000000000000412e+00	1.002000000000000002e+00
1.563804959203125000e+09	5.714000000000000412e+00	1.002000000000000002e+00
1.563804959390625000e+09	5.713000000000000078e+00	1.000999999999999890e+00
1.563804959484375000e+09	5.711999999999999744e+00	1.000999999999999890e+00
1.563804959593750000e+09	5.711999999999999744e+00	1.000999999999999890e+00
1.563804959703125000e+09	5.713000000000000078e+00	1.002000000000000002e+00
1.563804959796875000e+09	5.714000000000000412e+00	1.002000000000000002e+00
1.563804960078125000e+09	5.714000000000000412e+00	1.002000000000000002e+00
1.563804960312500000e+09	5.714000000000000412e+00	1.000999999999999890e+00
1.563804960484375000e+09	5.714000000000000412e+00	1.002000000000000002e+00
1.563804960578125000e+09	5.714000000000000412e+00	1.002000000000000002e+00
1.563804960687500000e+09	5.714000000000000412e+00	1.002000000000000002e+00
1.563804960796875000e+09	5.714999999999999858e+00	1.000999999999999890e+00
1.563804961109375000e+09	-0.000000000000000000e+00	1.200000000000000025e-02
1.563804961343750000e+09	-0.000000000000000000e+00	8.999999999999999320e-03
1.563804961484375000e+09	-0.000000000000000000e+00	8.000000000000000167e-03
1.563804961625000000e+09	-0.000000000000000000e+00	8.000000000000000167e-03
1.563804961734375000e+09	-0.000000000000000000e+00	7.000000000000000146e-03
1.563804961843750000e+09	-0.000000000000000000e+00	7.000000000000000146e-03
1.563804961953125000e+09	-0.000000000000000000e+00	7.000000000000000146e-03
1.563804962062500000e+09	-0.000000000000000000e+00	7.000000000000000146e-03
1.563804962343750000e+09	-0.000000000000000000e+00	7.000000000000000146e-03
1.563804962531250000e+09	-0.000000000000000000e+00	6.000000000000000125e-03
1.563804962687500000e+09	-0.000000000000000000e+00	7.000000000000000146e-03
1.563804962796875000e+09	-0.000000000000000000e+00	6.000000000000000125e-03
1.563804962906250000e+09	-0.000000000000000000e+00	6.000000000000000125e-03
1.563804963000000000e+09	-0.000000000000000000e+00	6.000000000000000125e-03
1.563804963109375000e+09	-0.000000000000000000e+00	6.000000000000000125e-03
1.563804963265625000e+09	-0.000000000000000000e+00	6.000000000000000125e-03
1.563804963500000000e+09	-0.000000000000000000e+00	6.000000000000000125e-03
