# UNIX time, Current (A), PS Voltage (V), REF Voltage (V)
# SAMPLE_SURFACE = 13.29
# SAMPLE_NAME = Decoating_3
# COATING_STEP = 2
1.578926284312500000e+09	-0.000000000000000000e+00	3.000000000000000062e-03
1.578926284515625000e+09	-0.000000000000000000e+00	3.000000000000000062e-03
1.578926284640625000e+09	-0.000000000000000000e+00	3.000000000000000062e-03
1.578926284750000000e+09	-0.000000000000000000e+00	3.000000000000000062e-03
1.578926284843750000e+09	-0.000000000000000000e+00	3.000000000000000062e-03
1.578926284953125000e+09	-0.000000000000000000e+00	3.000000000000000062e-03
1.578926285062500000e+09	-0.000000000000000000e+00	3.000000000000000062e-03
1.578926285281250000e+09	-0.000000000000000000e+00	3.000000000000000062e-03
1.578926285562500000e+09	-0.000000000000000000e+00	3.000000000000000062e-03
1.578926285796875000e+09	-0.000000000000000000e+00	3.000000000000000062e-03
1.578926285890625000e+09	-0.000000000000000000e+00	3.000000000000000062e-03
1.578926286000000000e+09	-0.000000000000000000e+00	2.000000000000000042e-03
1.578926286109375000e+09	-0.000000000000000000e+00	3.000000000000000062e-03
1.578926286218750000e+09	-0.000000000000000000e+00	3.000000000000000062e-03
1.578926286750000000e+09	1.859999999999999987e-01	2.020000000000000129e-01
1.578926286953125000e+09	1.710000000000000131e-01	2.020000000000000129e-01
1.578926287062500000e+09	1.690000000000000113e-01	2.020000000000000129e-01
1.578926287171875000e+09	1.680000000000000104e-01	2.020000000000000129e-01
1.578926287281250000e+09	1.670000000000000095e-01	2.010000000000000120e-01
1.578926287390625000e+09	1.660000000000000087e-01	2.020000000000000129e-01
1.578926287828125000e+09	1.670000000000000095e-01	2.010000000000000120e-01
1.578926288031250000e+09	1.690000000000000113e-01	2.020000000000000129e-01
1.578926288140625000e+09	1.690000000000000113e-01	2.020000000000000129e-01
1.578926288250000000e+09	1.690000000000000113e-01	2.020000000000000129e-01
1.578926288359375000e+09	1.710000000000000131e-01	2.020000000000000129e-01
1.578926288468750000e+09	1.690000000000000113e-01	2.020000000000000129e-01
1.578926288765625000e+09	1.710000000000000131e-01	2.010000000000000120e-01
1.578926289031250000e+09	1.719999999999999862e-01	2.020000000000000129e-01
1.578926289171875000e+09	1.710000000000000131e-01	2.020000000000000129e-01
1.578926289281250000e+09	1.710000000000000131e-01	2.020000000000000129e-01
1.578926289390625000e+09	1.700000000000000122e-01	2.020000000000000129e-01
1.578926289500000000e+09	1.710000000000000131e-01	2.010000000000000120e-01
1.578926289656250000e+09	1.719999999999999862e-01	2.010000000000000120e-01
1.578926290046875000e+09	1.719999999999999862e-01	2.020000000000000129e-01
1.578926290187500000e+09	1.729999999999999871e-01	2.010000000000000120e-01
1.578926290296875000e+09	1.749999999999999889e-01	2.010000000000000120e-01
1.578926290406250000e+09	1.729999999999999871e-01	2.020000000000000129e-01
1.578926290515625000e+09	1.749999999999999889e-01	2.020000000000000129e-01
1.578926290625000000e+09	1.749999999999999889e-01	2.020000000000000129e-01
1.578926291093750000e+09	1.729999999999999871e-01	2.020000000000000129e-01
1.578926291265625000e+09	1.749999999999999889e-01	2.010000000000000120e-01
1.578926291375000000e+09	1.739999999999999880e-01	2.020000000000000129e-01
1.578926291484375000e+09	1.729999999999999871e-01	2.010000000000000120e-01
1.578926291593750000e+09	1.759999999999999898e-01	2.010000000000000120e-01
1.578926291703125000e+09	1.769999999999999907e-01	2.020000000000000129e-01
1.578926292156250000e+09	1.759999999999999898e-01	2.010000000000000120e-01
1.578926292312500000e+09	1.769999999999999907e-01	2.020000000000000129e-01
1.578926292421875000e+09	1.749999999999999889e-01	2.020000000000000129e-01
1.578926292531250000e+09	1.749999999999999889e-01	2.020000000000000129e-01
1.578926292640625000e+09	1.749999999999999889e-01	2.010000000000000120e-01
1.578926292750000000e+09	1.749999999999999889e-01	2.020000000000000129e-01
1.578926293031250000e+09	1.749999999999999889e-01	2.020000000000000129e-01
1.578926293343750000e+09	1.759999999999999898e-01	2.020000000000000129e-01
1.578926293515625000e+09	1.749999999999999889e-01	2.020000000000000129e-01
1.578926293625000000e+09	1.769999999999999907e-01	2.020000000000000129e-01
1.578926293734375000e+09	1.769999999999999907e-01	2.020000000000000129e-01
1.578926293843750000e+09	1.779999999999999916e-01	2.020000000000000129e-01
1.578926294125000000e+09	1.749999999999999889e-01	2.020000000000000129e-01
1.578926294515625000e+09	1.749999999999999889e-01	2.020000000000000129e-01
1.578926294656250000e+09	1.739999999999999880e-01	2.010000000000000120e-01
1.578926294765625000e+09	1.749999999999999889e-01	2.010000000000000120e-01
1.578926294875000000e+09	1.749999999999999889e-01	2.020000000000000129e-01
1.578926294984375000e+09	1.769999999999999907e-01	2.010000000000000120e-01
1.578926295093750000e+09	1.749999999999999889e-01	2.020000000000000129e-01
1.578926295531250000e+09	1.759999999999999898e-01	2.020000000000000129e-01
1.578926295687500000e+09	1.769999999999999907e-01	2.020000000000000129e-01
1.578926295796875000e+09	1.769999999999999907e-01	2.020000000000000129e-01
1.578926295906250000e+09	1.749999999999999889e-01	2.010000000000000120e-01
1.578926296015625000e+09	1.769999999999999907e-01	2.020000000000000129e-01
1.578926296125000000e+09	1.749999999999999889e-01	2.020000000000000129e-01
1.578926296437500000e+09	1.759999999999999898e-01	2.010000000000000120e-01
1.578926296687500000e+09	1.749999999999999889e-01	2.020000000000000129e-01
1.578926296812500000e+09	1.749999999999999889e-01	2.010000000000000120e-01
1.578926296921875000e+09	1.749999999999999889e-01	2.020000000000000129e-01
1.578926297031250000e+09	1.759999999999999898e-01	2.020000000000000129e-01
1.578926297140625000e+09	1.769999999999999907e-01	2.020000000000000129e-01
1.578926297406250000e+09	1.769999999999999907e-01	2.020000000000000129e-01
1.578926297703125000e+09	1.759999999999999898e-01	2.020000000000000129e-01
1.578926297890625000e+09	1.759999999999999898e-01	2.020000000000000129e-01
1.578926298000000000e+09	1.749999999999999889e-01	2.010000000000000120e-01
1.578926298109375000e+09	1.749999999999999889e-01	2.020000000000000129e-01
1.578926298218750000e+09	1.749999999999999889e-01	2.020000000000000129e-01
1.578926298484375000e+09	1.749999999999999889e-01	2.010000000000000120e-01
1.578926298859375000e+09	1.739999999999999880e-01	2.020000000000000129e-01
1.578926298968750000e+09	1.769999999999999907e-01	2.010000000000000120e-01
1.578926299078125000e+09	1.749999999999999889e-01	2.010000000000000120e-01
1.578926299187500000e+09	1.749999999999999889e-01	2.010000000000000120e-01
1.578926299296875000e+09	1.739999999999999880e-01	2.020000000000000129e-01
1.578926299562500000e+09	1.749999999999999889e-01	2.010000000000000120e-01
1.578926299718750000e+09	1.749999999999999889e-01	2.010000000000000120e-01
1.578926299921875000e+09	1.749999999999999889e-01	2.020000000000000129e-01
1.578926300046875000e+09	1.749999999999999889e-01	2.010000000000000120e-01
1.578926300156250000e+09	1.769999999999999907e-01	2.010000000000000120e-01
1.578926300265625000e+09	1.749999999999999889e-01	2.020000000000000129e-01
1.578926300375000000e+09	1.749999999999999889e-01	2.010000000000000120e-01
1.578926300484375000e+09	1.749999999999999889e-01	2.010000000000000120e-01
1.578926300828125000e+09	1.749999999999999889e-01	2.020000000000000129e-01
1.578926301046875000e+09	1.739999999999999880e-01	2.020000000000000129e-01
1.578926301156250000e+09	1.759999999999999898e-01	2.020000000000000129e-01
1.578926301265625000e+09	1.749999999999999889e-01	2.020000000000000129e-01
1.578926301375000000e+09	1.759999999999999898e-01	2.020000000000000129e-01
1.578926301484375000e+09	1.739999999999999880e-01	2.020000000000000129e-01
1.578926301593750000e+09	1.769999999999999907e-01	2.020000000000000129e-01
1.578926302062500000e+09	1.749999999999999889e-01	2.020000000000000129e-01
1.578926302203125000e+09	1.749999999999999889e-01	2.010000000000000120e-01
1.578926302343750000e+09	1.739999999999999880e-01	2.010000000000000120e-01
1.578926302453125000e+09	1.749999999999999889e-01	2.020000000000000129e-01
1.578926302562500000e+09	1.749999999999999889e-01	2.020000000000000129e-01
1.578926302671875000e+09	1.749999999999999889e-01	2.020000000000000129e-01
1.578926302968750000e+09	1.739999999999999880e-01	2.020000000000000129e-01
1.578926303296875000e+09	1.749999999999999889e-01	2.020000000000000129e-01
1.578926303406250000e+09	1.759999999999999898e-01	2.020000000000000129e-01
1.578926303515625000e+09	1.759999999999999898e-01	2.020000000000000129e-01
1.578926303625000000e+09	1.759999999999999898e-01	2.020000000000000129e-01
1.578926303734375000e+09	1.749999999999999889e-01	2.020000000000000129e-01
1.578926304078125000e+09	1.749999999999999889e-01	2.020000000000000129e-01
1.578926304390625000e+09	1.749999999999999889e-01	2.020000000000000129e-01
1.578926304500000000e+09	1.749999999999999889e-01	2.020000000000000129e-01
1.578926304609375000e+09	1.749999999999999889e-01	2.010000000000000120e-01
1.578926304718750000e+09	1.769999999999999907e-01	2.020000000000000129e-01
1.578926304828125000e+09	1.759999999999999898e-01	2.020000000000000129e-01
1.578926305093750000e+09	1.769999999999999907e-01	2.020000000000000129e-01
1.578926305390625000e+09	1.749999999999999889e-01	2.020000000000000129e-01
1.578926305531250000e+09	1.749999999999999889e-01	2.020000000000000129e-01
1.578926305640625000e+09	1.749999999999999889e-01	2.020000000000000129e-01
1.578926305750000000e+09	1.739999999999999880e-01	2.020000000000000129e-01
1.578926305859375000e+09	1.729999999999999871e-01	2.010000000000000120e-01
1.578926306156250000e+09	1.739999999999999880e-01	2.010000000000000120e-01
1.578926306484375000e+09	1.739999999999999880e-01	2.020000000000000129e-01
1.578926306593750000e+09	1.749999999999999889e-01	2.010000000000000120e-01
1.578926306703125000e+09	1.749999999999999889e-01	2.020000000000000129e-01
1.578926306812500000e+09	1.749999999999999889e-01	2.020000000000000129e-01
1.578926306921875000e+09	1.749999999999999889e-01	2.020000000000000129e-01
1.578926307187500000e+09	1.749999999999999889e-01	2.020000000000000129e-01
1.578926307531250000e+09	1.739999999999999880e-01	2.020000000000000129e-01
1.578926307656250000e+09	1.749999999999999889e-01	2.020000000000000129e-01
1.578926307765625000e+09	1.729999999999999871e-01	2.020000000000000129e-01
1.578926307875000000e+09	1.729999999999999871e-01	2.020000000000000129e-01
1.578926307984375000e+09	1.739999999999999880e-01	2.020000000000000129e-01
1.578926308250000000e+09	1.749999999999999889e-01	2.020000000000000129e-01
1.578926308562500000e+09	1.739999999999999880e-01	2.010000000000000120e-01
1.578926308703125000e+09	1.739999999999999880e-01	2.020000000000000129e-01
1.578926308812500000e+09	1.749999999999999889e-01	2.010000000000000120e-01
1.578926308921875000e+09	1.739999999999999880e-01	2.010000000000000120e-01
1.578926309031250000e+09	1.729999999999999871e-01	2.020000000000000129e-01
1.578926309140625000e+09	1.719999999999999862e-01	2.010000000000000120e-01
1.578926309562500000e+09	1.719999999999999862e-01	2.010000000000000120e-01
1.578926309796875000e+09	1.729999999999999871e-01	2.020000000000000129e-01
1.578926309906250000e+09	1.729999999999999871e-01	2.020000000000000129e-01
1.578926310015625000e+09	1.729999999999999871e-01	2.020000000000000129e-01
1.578926310109375000e+09	1.729999999999999871e-01	2.020000000000000129e-01
1.578926310218750000e+09	1.729999999999999871e-01	2.020000000000000129e-01
1.578926310484375000e+09	1.749999999999999889e-01	2.020000000000000129e-01
1.578926310718750000e+09	1.729999999999999871e-01	2.020000000000000129e-01
1.578926310906250000e+09	1.710000000000000131e-01	2.010000000000000120e-01
1.578926311015625000e+09	1.749999999999999889e-01	2.010000000000000120e-01
1.578926311125000000e+09	1.719999999999999862e-01	2.020000000000000129e-01
1.578926311234375000e+09	1.729999999999999871e-01	2.020000000000000129e-01
1.578926311343750000e+09	1.729999999999999871e-01	2.010000000000000120e-01
1.578926311656250000e+09	1.719999999999999862e-01	2.020000000000000129e-01
1.578926311906250000e+09	1.710000000000000131e-01	2.010000000000000120e-01
1.578926312015625000e+09	1.710000000000000131e-01	2.020000000000000129e-01
1.578926312125000000e+09	1.719999999999999862e-01	2.020000000000000129e-01
1.578926312234375000e+09	1.710000000000000131e-01	2.020000000000000129e-01
1.578926312343750000e+09	1.729999999999999871e-01	2.020000000000000129e-01
1.578926312453125000e+09	1.719999999999999862e-01	2.020000000000000129e-01
1.578926312734375000e+09	1.710000000000000131e-01	2.010000000000000120e-01
1.578926313046875000e+09	1.700000000000000122e-01	2.010000000000000120e-01
1.578926313156250000e+09	1.719999999999999862e-01	2.020000000000000129e-01
1.578926313265625000e+09	1.710000000000000131e-01	2.020000000000000129e-01
1.578926313375000000e+09	1.710000000000000131e-01	2.020000000000000129e-01
1.578926313484375000e+09	1.710000000000000131e-01	2.020000000000000129e-01
1.578926313828125000e+09	1.700000000000000122e-01	2.010000000000000120e-01
1.578926314109375000e+09	1.690000000000000113e-01	2.020000000000000129e-01
1.578926314218750000e+09	1.710000000000000131e-01	2.010000000000000120e-01
1.578926314328125000e+09	1.690000000000000113e-01	2.020000000000000129e-01
1.578926314437500000e+09	1.710000000000000131e-01	2.010000000000000120e-01
1.578926314546875000e+09	1.700000000000000122e-01	2.020000000000000129e-01
1.578926314687500000e+09	1.700000000000000122e-01	2.020000000000000129e-01
1.578926315078125000e+09	1.700000000000000122e-01	2.020000000000000129e-01
1.578926315265625000e+09	1.719999999999999862e-01	2.020000000000000129e-01
1.578926315375000000e+09	1.710000000000000131e-01	2.020000000000000129e-01
1.578926315484375000e+09	1.700000000000000122e-01	2.010000000000000120e-01
1.578926315593750000e+09	1.710000000000000131e-01	2.020000000000000129e-01
1.578926315703125000e+09	1.700000000000000122e-01	2.020000000000000129e-01
1.578926316156250000e+09	1.690000000000000113e-01	2.020000000000000129e-01
1.578926316296875000e+09	1.710000000000000131e-01	2.020000000000000129e-01
1.578926316406250000e+09	1.700000000000000122e-01	2.010000000000000120e-01
1.578926316515625000e+09	1.690000000000000113e-01	2.020000000000000129e-01
1.578926316625000000e+09	1.690000000000000113e-01	2.020000000000000129e-01
1.578926316718750000e+09	1.700000000000000122e-01	2.020000000000000129e-01
1.578926317015625000e+09	1.700000000000000122e-01	2.020000000000000129e-01
1.578926317312500000e+09	1.680000000000000104e-01	2.010000000000000120e-01
1.578926317484375000e+09	1.710000000000000131e-01	2.020000000000000129e-01
1.578926317593750000e+09	1.680000000000000104e-01	2.020000000000000129e-01
1.578926317703125000e+09	1.680000000000000104e-01	2.010000000000000120e-01
1.578926317812500000e+09	1.670000000000000095e-01	2.020000000000000129e-01
1.578926317921875000e+09	1.670000000000000095e-01	2.010000000000000120e-01
1.578926318359375000e+09	1.690000000000000113e-01	2.020000000000000129e-01
1.578926318562500000e+09	1.690000000000000113e-01	2.020000000000000129e-01
1.578926318671875000e+09	1.680000000000000104e-01	2.010000000000000120e-01
1.578926318781250000e+09	1.690000000000000113e-01	2.010000000000000120e-01
1.578926318890625000e+09	1.670000000000000095e-01	2.020000000000000129e-01
1.578926319000000000e+09	1.690000000000000113e-01	2.020000000000000129e-01
1.578926319296875000e+09	1.670000000000000095e-01	2.020000000000000129e-01
1.578926319640625000e+09	1.670000000000000095e-01	2.020000000000000129e-01
1.578926319750000000e+09	1.690000000000000113e-01	2.020000000000000129e-01
1.578926319859375000e+09	1.670000000000000095e-01	2.020000000000000129e-01
1.578926319968750000e+09	1.680000000000000104e-01	2.020000000000000129e-01
1.578926320078125000e+09	1.670000000000000095e-01	2.020000000000000129e-01
1.578926320375000000e+09	1.670000000000000095e-01	2.020000000000000129e-01
1.578926320640625000e+09	1.660000000000000087e-01	2.010000000000000120e-01
1.578926320781250000e+09	1.660000000000000087e-01	2.020000000000000129e-01
1.578926320890625000e+09	1.660000000000000087e-01	2.020000000000000129e-01
1.578926321000000000e+09	1.660000000000000087e-01	2.020000000000000129e-01
1.578926321109375000e+09	1.660000000000000087e-01	2.020000000000000129e-01
1.578926321375000000e+09	1.670000000000000095e-01	2.020000000000000129e-01
1.578926321671875000e+09	1.660000000000000087e-01	2.020000000000000129e-01
1.578926321812500000e+09	1.640000000000000069e-01	2.020000000000000129e-01
1.578926321921875000e+09	1.650000000000000078e-01	2.020000000000000129e-01
1.578926322031250000e+09	1.660000000000000087e-01	2.010000000000000120e-01
1.578926322140625000e+09	1.640000000000000069e-01	2.020000000000000129e-01
1.578926322250000000e+09	1.650000000000000078e-01	2.020000000000000129e-01
1.578926322687500000e+09	1.640000000000000069e-01	2.020000000000000129e-01
1.578926322828125000e+09	1.640000000000000069e-01	2.020000000000000129e-01
1.578926322953125000e+09	1.640000000000000069e-01	2.020000000000000129e-01
1.578926323062500000e+09	1.640000000000000069e-01	2.020000000000000129e-01
1.578926323171875000e+09	1.650000000000000078e-01	2.020000000000000129e-01
1.578926323281250000e+09	1.640000000000000069e-01	2.020000000000000129e-01
1.578926323390625000e+09	1.650000000000000078e-01	2.020000000000000129e-01
1.578926323656250000e+09	1.650000000000000078e-01	2.020000000000000129e-01
1.578926324000000000e+09	1.650000000000000078e-01	2.020000000000000129e-01
1.578926324140625000e+09	1.640000000000000069e-01	2.020000000000000129e-01
1.578926324250000000e+09	1.620000000000000051e-01	2.020000000000000129e-01
1.578926324359375000e+09	1.640000000000000069e-01	2.020000000000000129e-01
1.578926324468750000e+09	1.630000000000000060e-01	2.020000000000000129e-01
1.578926324671875000e+09	1.640000000000000069e-01	2.020000000000000129e-01
1.578926324968750000e+09	1.640000000000000069e-01	2.020000000000000129e-01
1.578926325187500000e+09	1.620000000000000051e-01	2.020000000000000129e-01
1.578926325296875000e+09	1.640000000000000069e-01	2.020000000000000129e-01
1.578926325406250000e+09	1.620000000000000051e-01	2.020000000000000129e-01
1.578926325515625000e+09	1.620000000000000051e-01	2.020000000000000129e-01
1.578926325625000000e+09	1.620000000000000051e-01	2.020000000000000129e-01
1.578926325890625000e+09	1.620000000000000051e-01	2.020000000000000129e-01
1.578926326203125000e+09	1.620000000000000051e-01	2.020000000000000129e-01
1.578926326343750000e+09	1.620000000000000051e-01	2.020000000000000129e-01
1.578926326453125000e+09	1.630000000000000060e-01	2.020000000000000129e-01
1.578926326562500000e+09	1.620000000000000051e-01	2.010000000000000120e-01
1.578926326671875000e+09	1.620000000000000051e-01	2.020000000000000129e-01
1.578926326781250000e+09	1.610000000000000042e-01	2.020000000000000129e-01
1.578926327203125000e+09	1.600000000000000033e-01	2.020000000000000129e-01
1.578926327390625000e+09	1.620000000000000051e-01	2.010000000000000120e-01
1.578926327500000000e+09	1.610000000000000042e-01	2.020000000000000129e-01
1.578926327609375000e+09	1.620000000000000051e-01	2.010000000000000120e-01
1.578926327718750000e+09	1.600000000000000033e-01	2.020000000000000129e-01
1.578926327828125000e+09	1.610000000000000042e-01	2.020000000000000129e-01
1.578926328265625000e+09	1.600000000000000033e-01	2.020000000000000129e-01
1.578926328468750000e+09	1.610000000000000042e-01	2.020000000000000129e-01
1.578926328578125000e+09	1.600000000000000033e-01	2.020000000000000129e-01
1.578926328687500000e+09	1.590000000000000024e-01	2.010000000000000120e-01
1.578926328796875000e+09	1.600000000000000033e-01	2.020000000000000129e-01
1.578926328906250000e+09	1.600000000000000033e-01	2.020000000000000129e-01
1.578926329140625000e+09	1.600000000000000033e-01	2.020000000000000129e-01
1.578926329437500000e+09	1.590000000000000024e-01	2.020000000000000129e-01
1.578926329609375000e+09	1.590000000000000024e-01	2.020000000000000129e-01
1.578926329718750000e+09	1.580000000000000016e-01	2.020000000000000129e-01
1.578926329828125000e+09	1.580000000000000016e-01	2.020000000000000129e-01
1.578926329937500000e+09	1.580000000000000016e-01	2.020000000000000129e-01
1.578926330046875000e+09	1.580000000000000016e-01	2.010000000000000120e-01
1.578926330468750000e+09	1.559999999999999998e-01	2.020000000000000129e-01
1.578926330640625000e+09	1.570000000000000007e-01	2.020000000000000129e-01
1.578926330750000000e+09	1.580000000000000016e-01	2.020000000000000129e-01
1.578926330859375000e+09	1.559999999999999998e-01	2.020000000000000129e-01
1.578926330968750000e+09	1.580000000000000016e-01	2.020000000000000129e-01
1.578926331078125000e+09	1.559999999999999998e-01	2.010000000000000120e-01
1.578926331531250000e+09	1.559999999999999998e-01	2.020000000000000129e-01
1.578926331718750000e+09	1.559999999999999998e-01	2.010000000000000120e-01
1.578926331859375000e+09	1.559999999999999998e-01	2.020000000000000129e-01
1.578926331968750000e+09	1.559999999999999998e-01	2.010000000000000120e-01
1.578926332078125000e+09	1.549999999999999989e-01	2.020000000000000129e-01
1.578926332187500000e+09	1.559999999999999998e-01	2.020000000000000129e-01
1.578926332390625000e+09	1.559999999999999998e-01	2.020000000000000129e-01
1.578926332718750000e+09	1.549999999999999989e-01	2.020000000000000129e-01
1.578926332875000000e+09	1.539999999999999980e-01	2.020000000000000129e-01
1.578926332984375000e+09	1.539999999999999980e-01	2.010000000000000120e-01
1.578926333093750000e+09	1.529999999999999971e-01	2.020000000000000129e-01
1.578926333203125000e+09	1.539999999999999980e-01	2.020000000000000129e-01
1.578926333312500000e+09	1.529999999999999971e-01	2.020000000000000129e-01
1.578926333625000000e+09	1.539999999999999980e-01	2.020000000000000129e-01
1.578926333859375000e+09	1.519999999999999962e-01	2.010000000000000120e-01
1.578926333984375000e+09	1.529999999999999971e-01	2.020000000000000129e-01
1.578926334093750000e+09	1.509999999999999953e-01	2.010000000000000120e-01
1.578926334203125000e+09	1.509999999999999953e-01	2.010000000000000120e-01
1.578926334312500000e+09	1.509999999999999953e-01	2.020000000000000129e-01
1.578926334562500000e+09	1.509999999999999953e-01	2.020000000000000129e-01
1.578926334921875000e+09	1.499999999999999944e-01	2.010000000000000120e-01
1.578926335046875000e+09	1.509999999999999953e-01	2.020000000000000129e-01
1.578926335156250000e+09	1.509999999999999953e-01	2.020000000000000129e-01
1.578926335265625000e+09	1.499999999999999944e-01	2.020000000000000129e-01
1.578926335375000000e+09	1.509999999999999953e-01	2.020000000000000129e-01
1.578926335484375000e+09	1.489999999999999936e-01	2.010000000000000120e-01
1.578926335890625000e+09	1.489999999999999936e-01	2.020000000000000129e-01
1.578926336093750000e+09	1.489999999999999936e-01	2.020000000000000129e-01
1.578926336203125000e+09	1.509999999999999953e-01	2.020000000000000129e-01
1.578926336312500000e+09	1.479999999999999927e-01	2.020000000000000129e-01
1.578926336421875000e+09	1.499999999999999944e-01	2.010000000000000120e-01
1.578926336531250000e+09	1.489999999999999936e-01	2.020000000000000129e-01
1.578926336828125000e+09	1.489999999999999936e-01	2.010000000000000120e-01
1.578926337093750000e+09	1.469999999999999918e-01	2.020000000000000129e-01
1.578926337203125000e+09	1.479999999999999927e-01	2.010000000000000120e-01
1.578926337312500000e+09	1.479999999999999927e-01	2.020000000000000129e-01
1.578926337421875000e+09	1.469999999999999918e-01	2.010000000000000120e-01
1.578926337531250000e+09	1.489999999999999936e-01	2.020000000000000129e-01
1.578926337640625000e+09	1.459999999999999909e-01	2.010000000000000120e-01
1.578926338078125000e+09	1.489999999999999936e-01	2.020000000000000129e-01
1.578926338281250000e+09	1.469999999999999918e-01	2.010000000000000120e-01
1.578926338390625000e+09	1.469999999999999918e-01	2.010000000000000120e-01
1.578926338500000000e+09	1.469999999999999918e-01	2.010000000000000120e-01
1.578926338609375000e+09	1.469999999999999918e-01	2.020000000000000129e-01
1.578926338718750000e+09	1.469999999999999918e-01	2.020000000000000129e-01
1.578926339125000000e+09	1.469999999999999918e-01	2.020000000000000129e-01
1.578926339390625000e+09	1.469999999999999918e-01	2.020000000000000129e-01
1.578926339500000000e+09	1.469999999999999918e-01	2.010000000000000120e-01
1.578926339609375000e+09	1.459999999999999909e-01	2.020000000000000129e-01
1.578926339718750000e+09	1.469999999999999918e-01	2.010000000000000120e-01
1.578926339828125000e+09	1.459999999999999909e-01	2.020000000000000129e-01
1.578926340156250000e+09	1.469999999999999918e-01	2.020000000000000129e-01
1.578926340390625000e+09	1.469999999999999918e-01	2.020000000000000129e-01
1.578926340515625000e+09	1.469999999999999918e-01	2.020000000000000129e-01
1.578926340625000000e+09	1.469999999999999918e-01	2.020000000000000129e-01
1.578926340734375000e+09	1.469999999999999918e-01	2.010000000000000120e-01
1.578926340843750000e+09	1.449999999999999900e-01	2.020000000000000129e-01
1.578926340953125000e+09	1.469999999999999918e-01	2.020000000000000129e-01
1.578926341359375000e+09	1.469999999999999918e-01	2.020000000000000129e-01
1.578926341546875000e+09	1.449999999999999900e-01	2.020000000000000129e-01
1.578926341656250000e+09	1.469999999999999918e-01	2.010000000000000120e-01
1.578926341765625000e+09	1.449999999999999900e-01	2.010000000000000120e-01
1.578926341875000000e+09	1.469999999999999918e-01	2.020000000000000129e-01
1.578926341984375000e+09	1.449999999999999900e-01	2.020000000000000129e-01
1.578926342375000000e+09	1.449999999999999900e-01	2.020000000000000129e-01
1.578926342609375000e+09	1.449999999999999900e-01	2.010000000000000120e-01
1.578926342734375000e+09	1.439999999999999891e-01	2.010000000000000120e-01
1.578926342843750000e+09	1.449999999999999900e-01	2.020000000000000129e-01
1.578926342953125000e+09	1.429999999999999882e-01	2.020000000000000129e-01
1.578926343062500000e+09	1.449999999999999900e-01	2.010000000000000120e-01
1.578926343343750000e+09	1.439999999999999891e-01	2.020000000000000129e-01
1.578926343625000000e+09	1.449999999999999900e-01	2.020000000000000129e-01
1.578926343765625000e+09	1.429999999999999882e-01	2.010000000000000120e-01
1.578926343875000000e+09	1.429999999999999882e-01	2.010000000000000120e-01
1.578926343984375000e+09	1.439999999999999891e-01	2.010000000000000120e-01
1.578926344093750000e+09	1.429999999999999882e-01	2.020000000000000129e-01
1.578926344218750000e+09	1.429999999999999882e-01	2.010000000000000120e-01
1.578926344593750000e+09	1.429999999999999882e-01	2.020000000000000129e-01
1.578926344781250000e+09	1.419999999999999873e-01	2.010000000000000120e-01
1.578926344890625000e+09	1.419999999999999873e-01	2.020000000000000129e-01
1.578926345000000000e+09	1.429999999999999882e-01	2.010000000000000120e-01
1.578926345109375000e+09	1.409999999999999865e-01	2.020000000000000129e-01
1.578926345218750000e+09	1.429999999999999882e-01	2.020000000000000129e-01
1.578926345625000000e+09	1.419999999999999873e-01	2.020000000000000129e-01
1.578926345859375000e+09	1.400000000000000133e-01	2.020000000000000129e-01
1.578926345984375000e+09	1.419999999999999873e-01	2.020000000000000129e-01
1.578926346093750000e+09	1.419999999999999873e-01	2.020000000000000129e-01
1.578926346203125000e+09	1.419999999999999873e-01	2.020000000000000129e-01
1.578926346312500000e+09	1.409999999999999865e-01	2.010000000000000120e-01
1.578926346687500000e+09	1.409999999999999865e-01	2.020000000000000129e-01
1.578926346984375000e+09	1.419999999999999873e-01	2.020000000000000129e-01
1.578926347093750000e+09	1.409999999999999865e-01	2.010000000000000120e-01
1.578926347203125000e+09	1.400000000000000133e-01	2.020000000000000129e-01
1.578926347312500000e+09	1.400000000000000133e-01	2.020000000000000129e-01
1.578926347421875000e+09	1.419999999999999873e-01	2.020000000000000129e-01
1.578926347656250000e+09	1.400000000000000133e-01	2.020000000000000129e-01
1.578926347953125000e+09	1.400000000000000133e-01	2.020000000000000129e-01
1.578926348140625000e+09	1.409999999999999865e-01	2.020000000000000129e-01
1.578926348250000000e+09	1.400000000000000133e-01	2.020000000000000129e-01
1.578926348359375000e+09	1.409999999999999865e-01	2.020000000000000129e-01
1.578926348468750000e+09	1.400000000000000133e-01	2.010000000000000120e-01
1.578926348578125000e+09	1.409999999999999865e-01	2.020000000000000129e-01
1.578926348906250000e+09	1.400000000000000133e-01	2.020000000000000129e-01
1.578926349109375000e+09	1.400000000000000133e-01	2.020000000000000129e-01
1.578926349250000000e+09	1.380000000000000115e-01	2.020000000000000129e-01
1.578926349359375000e+09	1.400000000000000133e-01	2.020000000000000129e-01
1.578926349468750000e+09	1.380000000000000115e-01	2.020000000000000129e-01
1.578926349578125000e+09	1.390000000000000124e-01	2.010000000000000120e-01
1.578926349781250000e+09	1.390000000000000124e-01	2.020000000000000129e-01
1.578926350125000000e+09	1.390000000000000124e-01	2.010000000000000120e-01
1.578926350281250000e+09	1.380000000000000115e-01	2.020000000000000129e-01
1.578926350390625000e+09	1.390000000000000124e-01	2.020000000000000129e-01
1.578926350500000000e+09	1.380000000000000115e-01	2.020000000000000129e-01
1.578926350609375000e+09	1.390000000000000124e-01	2.010000000000000120e-01
1.578926350718750000e+09	1.380000000000000115e-01	2.020000000000000129e-01
1.578926351015625000e+09	1.400000000000000133e-01	2.010000000000000120e-01
1.578926351281250000e+09	1.380000000000000115e-01	2.020000000000000129e-01
1.578926351406250000e+09	1.390000000000000124e-01	2.020000000000000129e-01
1.578926351515625000e+09	1.390000000000000124e-01	2.010000000000000120e-01
1.578926351625000000e+09	1.400000000000000133e-01	2.020000000000000129e-01
1.578926351734375000e+09	1.380000000000000115e-01	2.020000000000000129e-01
1.578926352000000000e+09	1.400000000000000133e-01	2.020000000000000129e-01
1.578926352312500000e+09	1.390000000000000124e-01	2.020000000000000129e-01
1.578926352437500000e+09	1.380000000000000115e-01	2.010000000000000120e-01
1.578926352546875000e+09	1.380000000000000115e-01	2.010000000000000120e-01
1.578926352656250000e+09	1.380000000000000115e-01	2.020000000000000129e-01
1.578926352765625000e+09	1.400000000000000133e-01	2.020000000000000129e-01
1.578926352875000000e+09	1.380000000000000115e-01	2.020000000000000129e-01
1.578926353125000000e+09	1.400000000000000133e-01	2.020000000000000129e-01
1.578926353406250000e+09	1.380000000000000115e-01	2.020000000000000129e-01
1.578926353562500000e+09	1.390000000000000124e-01	2.020000000000000129e-01
1.578926353671875000e+09	1.390000000000000124e-01	2.020000000000000129e-01
1.578926353781250000e+09	1.380000000000000115e-01	2.020000000000000129e-01
1.578926353890625000e+09	1.380000000000000115e-01	2.020000000000000129e-01
1.578926354000000000e+09	1.390000000000000124e-01	2.020000000000000129e-01
1.578926354484375000e+09	1.380000000000000115e-01	2.020000000000000129e-01
1.578926354625000000e+09	1.380000000000000115e-01	2.010000000000000120e-01
1.578926354734375000e+09	1.390000000000000124e-01	2.020000000000000129e-01
1.578926354843750000e+09	1.400000000000000133e-01	2.020000000000000129e-01
1.578926354953125000e+09	1.380000000000000115e-01	2.020000000000000129e-01
1.578926355062500000e+09	1.400000000000000133e-01	2.020000000000000129e-01
1.578926355328125000e+09	1.390000000000000124e-01	2.020000000000000129e-01
1.578926355625000000e+09	1.380000000000000115e-01	2.020000000000000129e-01
1.578926355812500000e+09	1.390000000000000124e-01	2.010000000000000120e-01
1.578926355921875000e+09	1.380000000000000115e-01	2.020000000000000129e-01
1.578926356031250000e+09	1.390000000000000124e-01	2.020000000000000129e-01
1.578926356140625000e+09	1.390000000000000124e-01	2.020000000000000129e-01
1.578926356250000000e+09	1.390000000000000124e-01	2.020000000000000129e-01
1.578926356656250000e+09	1.380000000000000115e-01	2.020000000000000129e-01
1.578926356828125000e+09	1.390000000000000124e-01	2.020000000000000129e-01
1.578926356937500000e+09	1.400000000000000133e-01	2.020000000000000129e-01
1.578926357046875000e+09	1.400000000000000133e-01	2.020000000000000129e-01
1.578926357156250000e+09	1.400000000000000133e-01	2.010000000000000120e-01
1.578926357265625000e+09	1.380000000000000115e-01	2.020000000000000129e-01
1.578926357578125000e+09	1.400000000000000133e-01	2.020000000000000129e-01
1.578926357796875000e+09	1.390000000000000124e-01	2.020000000000000129e-01
1.578926357953125000e+09	1.390000000000000124e-01	2.020000000000000129e-01
1.578926358062500000e+09	1.390000000000000124e-01	2.010000000000000120e-01
1.578926358171875000e+09	1.380000000000000115e-01	2.020000000000000129e-01
1.578926358281250000e+09	1.400000000000000133e-01	2.020000000000000129e-01
1.578926358390625000e+09	1.380000000000000115e-01	2.020000000000000129e-01
1.578926358703125000e+09	1.390000000000000124e-01	2.020000000000000129e-01
1.578926358953125000e+09	1.390000000000000124e-01	2.020000000000000129e-01
1.578926359078125000e+09	1.380000000000000115e-01	2.020000000000000129e-01
1.578926359187500000e+09	1.360000000000000098e-01	2.010000000000000120e-01
1.578926359296875000e+09	1.390000000000000124e-01	2.020000000000000129e-01
1.578926359406250000e+09	1.380000000000000115e-01	2.010000000000000120e-01
1.578926359703125000e+09	1.370000000000000107e-01	2.020000000000000129e-01
1.578926359968750000e+09	1.370000000000000107e-01	2.020000000000000129e-01
1.578926360125000000e+09	1.390000000000000124e-01	2.020000000000000129e-01
1.578926360234375000e+09	1.380000000000000115e-01	2.010000000000000120e-01
1.578926360343750000e+09	1.390000000000000124e-01	2.020000000000000129e-01
1.578926360453125000e+09	1.380000000000000115e-01	2.020000000000000129e-01
1.578926360562500000e+09	1.380000000000000115e-01	2.020000000000000129e-01
1.578926360765625000e+09	1.380000000000000115e-01	2.010000000000000120e-01
1.578926361203125000e+09	1.380000000000000115e-01	2.020000000000000129e-01
1.578926361343750000e+09	1.380000000000000115e-01	2.020000000000000129e-01
1.578926361453125000e+09	1.380000000000000115e-01	2.020000000000000129e-01
1.578926361562500000e+09	1.390000000000000124e-01	2.010000000000000120e-01
1.578926361671875000e+09	1.380000000000000115e-01	2.020000000000000129e-01
1.578926361953125000e+09	1.390000000000000124e-01	2.020000000000000129e-01
1.578926362203125000e+09	1.380000000000000115e-01	2.020000000000000129e-01
1.578926362375000000e+09	1.360000000000000098e-01	2.010000000000000120e-01
1.578926362484375000e+09	1.390000000000000124e-01	2.020000000000000129e-01
1.578926362593750000e+09	1.380000000000000115e-01	2.010000000000000120e-01
1.578926362703125000e+09	1.380000000000000115e-01	2.010000000000000120e-01
1.578926362812500000e+09	1.370000000000000107e-01	2.020000000000000129e-01
1.578926363234375000e+09	1.370000000000000107e-01	2.020000000000000129e-01
1.578926363453125000e+09	1.380000000000000115e-01	2.020000000000000129e-01
1.578926363562500000e+09	1.380000000000000115e-01	2.020000000000000129e-01
1.578926363671875000e+09	1.380000000000000115e-01	2.020000000000000129e-01
1.578926363781250000e+09	1.380000000000000115e-01	2.010000000000000120e-01
1.578926363890625000e+09	1.380000000000000115e-01	2.020000000000000129e-01
1.578926364328125000e+09	1.370000000000000107e-01	2.020000000000000129e-01
1.578926364546875000e+09	1.380000000000000115e-01	2.020000000000000129e-01
1.578926364656250000e+09	1.370000000000000107e-01	2.010000000000000120e-01
1.578926364765625000e+09	1.370000000000000107e-01	2.010000000000000120e-01
1.578926364875000000e+09	1.370000000000000107e-01	2.010000000000000120e-01
1.578926364984375000e+09	1.380000000000000115e-01	2.020000000000000129e-01
1.578926365250000000e+09	1.370000000000000107e-01	2.020000000000000129e-01
1.578926365500000000e+09	1.390000000000000124e-01	2.020000000000000129e-01
1.578926365640625000e+09	1.370000000000000107e-01	2.020000000000000129e-01
1.578926365750000000e+09	1.380000000000000115e-01	2.020000000000000129e-01
1.578926365859375000e+09	1.380000000000000115e-01	2.020000000000000129e-01
1.578926365968750000e+09	1.390000000000000124e-01	2.020000000000000129e-01
1.578926366078125000e+09	1.370000000000000107e-01	2.020000000000000129e-01
1.578926366343750000e+09	1.380000000000000115e-01	2.020000000000000129e-01
1.578926366593750000e+09	1.380000000000000115e-01	2.020000000000000129e-01
1.578926366765625000e+09	1.370000000000000107e-01	2.020000000000000129e-01
1.578926366875000000e+09	1.370000000000000107e-01	2.020000000000000129e-01
1.578926366984375000e+09	1.380000000000000115e-01	2.020000000000000129e-01
1.578926367093750000e+09	1.370000000000000107e-01	2.020000000000000129e-01
1.578926367203125000e+09	1.390000000000000124e-01	2.020000000000000129e-01
1.578926367625000000e+09	1.370000000000000107e-01	2.020000000000000129e-01
1.578926367828125000e+09	1.380000000000000115e-01	2.020000000000000129e-01
1.578926367937500000e+09	1.390000000000000124e-01	2.020000000000000129e-01
1.578926368046875000e+09	1.370000000000000107e-01	2.020000000000000129e-01
1.578926368156250000e+09	1.380000000000000115e-01	2.010000000000000120e-01
1.578926368265625000e+09	1.360000000000000098e-01	2.010000000000000120e-01
1.578926368484375000e+09	1.380000000000000115e-01	2.020000000000000129e-01
1.578926368859375000e+09	1.370000000000000107e-01	2.010000000000000120e-01
1.578926369031250000e+09	1.370000000000000107e-01	2.020000000000000129e-01
1.578926369140625000e+09	1.380000000000000115e-01	2.010000000000000120e-01
1.578926369250000000e+09	1.370000000000000107e-01	2.010000000000000120e-01
1.578926369359375000e+09	1.370000000000000107e-01	2.020000000000000129e-01
1.578926369468750000e+09	1.380000000000000115e-01	2.020000000000000129e-01
1.578926369734375000e+09	1.370000000000000107e-01	2.020000000000000129e-01
1.578926369984375000e+09	1.380000000000000115e-01	2.020000000000000129e-01
1.578926370125000000e+09	1.370000000000000107e-01	2.020000000000000129e-01
1.578926370234375000e+09	1.370000000000000107e-01	2.010000000000000120e-01
1.578926370343750000e+09	1.370000000000000107e-01	2.020000000000000129e-01
1.578926370453125000e+09	1.370000000000000107e-01	2.010000000000000120e-01
1.578926370562500000e+09	1.380000000000000115e-01	2.020000000000000129e-01
1.578926370890625000e+09	1.380000000000000115e-01	2.020000000000000129e-01
1.578926371140625000e+09	1.380000000000000115e-01	2.020000000000000129e-01
1.578926371281250000e+09	1.380000000000000115e-01	2.010000000000000120e-01
1.578926371390625000e+09	1.360000000000000098e-01	2.020000000000000129e-01
1.578926371500000000e+09	1.370000000000000107e-01	2.020000000000000129e-01
1.578926371609375000e+09	1.370000000000000107e-01	2.020000000000000129e-01
1.578926371718750000e+09	1.370000000000000107e-01	2.020000000000000129e-01
1.578926372109375000e+09	1.360000000000000098e-01	2.020000000000000129e-01
1.578926372281250000e+09	1.360000000000000098e-01	2.010000000000000120e-01
1.578926372390625000e+09	1.370000000000000107e-01	2.020000000000000129e-01
1.578926372500000000e+09	1.370000000000000107e-01	2.020000000000000129e-01
1.578926372609375000e+09	1.380000000000000115e-01	2.010000000000000120e-01
1.578926372718750000e+09	1.360000000000000098e-01	2.020000000000000129e-01
1.578926372968750000e+09	1.380000000000000115e-01	2.020000000000000129e-01
1.578926373265625000e+09	1.360000000000000098e-01	2.010000000000000120e-01
1.578926373421875000e+09	1.360000000000000098e-01	2.010000000000000120e-01
1.578926373531250000e+09	1.370000000000000107e-01	2.020000000000000129e-01
1.578926373640625000e+09	1.380000000000000115e-01	2.020000000000000129e-01
1.578926373750000000e+09	1.360000000000000098e-01	2.020000000000000129e-01
1.578926373859375000e+09	1.380000000000000115e-01	2.010000000000000120e-01
1.578926374265625000e+09	1.370000000000000107e-01	2.020000000000000129e-01
1.578926374468750000e+09	1.370000000000000107e-01	2.020000000000000129e-01
1.578926374578125000e+09	1.360000000000000098e-01	2.020000000000000129e-01
1.578926374687500000e+09	1.380000000000000115e-01	2.020000000000000129e-01
1.578926374796875000e+09	1.360000000000000098e-01	2.020000000000000129e-01
1.578926374906250000e+09	1.380000000000000115e-01	2.020000000000000129e-01
1.578926375171875000e+09	1.370000000000000107e-01	2.020000000000000129e-01
1.578926375500000000e+09	1.370000000000000107e-01	2.020000000000000129e-01
1.578926375640625000e+09	1.360000000000000098e-01	2.010000000000000120e-01
1.578926375750000000e+09	1.370000000000000107e-01	2.020000000000000129e-01
1.578926375859375000e+09	1.360000000000000098e-01	2.020000000000000129e-01
1.578926375968750000e+09	1.370000000000000107e-01	2.020000000000000129e-01
1.578926376218750000e+09	1.360000000000000098e-01	2.020000000000000129e-01
1.578926376562500000e+09	1.380000000000000115e-01	2.020000000000000129e-01
1.578926376734375000e+09	1.360000000000000098e-01	2.010000000000000120e-01
1.578926376843750000e+09	1.370000000000000107e-01	2.020000000000000129e-01
1.578926376953125000e+09	1.370000000000000107e-01	2.020000000000000129e-01
1.578926377062500000e+09	1.360000000000000098e-01	2.020000000000000129e-01
1.578926377171875000e+09	1.370000000000000107e-01	2.010000000000000120e-01
1.578926377500000000e+09	1.360000000000000098e-01	2.010000000000000120e-01
1.578926377734375000e+09	1.370000000000000107e-01	2.020000000000000129e-01
1.578926377859375000e+09	1.360000000000000098e-01	2.010000000000000120e-01
1.578926377968750000e+09	1.360000000000000098e-01	2.010000000000000120e-01
1.578926378078125000e+09	1.360000000000000098e-01	2.020000000000000129e-01
1.578926378187500000e+09	1.380000000000000115e-01	2.020000000000000129e-01
1.578926378453125000e+09	1.340000000000000080e-01	2.020000000000000129e-01
1.578926378671875000e+09	1.370000000000000107e-01	2.010000000000000120e-01
1.578926378859375000e+09	1.360000000000000098e-01	2.020000000000000129e-01
1.578926378968750000e+09	1.350000000000000089e-01	2.020000000000000129e-01
1.578926379078125000e+09	1.370000000000000107e-01	2.020000000000000129e-01
1.578926379187500000e+09	1.370000000000000107e-01	2.010000000000000120e-01
1.578926379296875000e+09	1.370000000000000107e-01	2.010000000000000120e-01
1.578926379656250000e+09	1.360000000000000098e-01	2.020000000000000129e-01
1.578926379875000000e+09	1.370000000000000107e-01	2.010000000000000120e-01
1.578926379984375000e+09	1.360000000000000098e-01	2.020000000000000129e-01
1.578926380093750000e+09	1.370000000000000107e-01	2.010000000000000120e-01
1.578926380203125000e+09	1.360000000000000098e-01	2.010000000000000120e-01
1.578926380312500000e+09	1.370000000000000107e-01	2.010000000000000120e-01
1.578926380578125000e+09	1.360000000000000098e-01	2.020000000000000129e-01
1.578926380812500000e+09	1.370000000000000107e-01	2.020000000000000129e-01
1.578926380984375000e+09	1.360000000000000098e-01	2.020000000000000129e-01
1.578926381093750000e+09	1.360000000000000098e-01	2.020000000000000129e-01
1.578926381203125000e+09	1.380000000000000115e-01	2.020000000000000129e-01
1.578926381312500000e+09	1.370000000000000107e-01	2.010000000000000120e-01
1.578926381421875000e+09	1.370000000000000107e-01	2.010000000000000120e-01
1.578926381750000000e+09	1.370000000000000107e-01	2.020000000000000129e-01
1.578926381968750000e+09	1.360000000000000098e-01	2.020000000000000129e-01
1.578926382093750000e+09	1.360000000000000098e-01	2.010000000000000120e-01
1.578926382203125000e+09	1.380000000000000115e-01	2.020000000000000129e-01
1.578926382312500000e+09	1.370000000000000107e-01	2.020000000000000129e-01
1.578926382421875000e+09	1.380000000000000115e-01	2.010000000000000120e-01
1.578926382531250000e+09	1.370000000000000107e-01	2.010000000000000120e-01
1.578926382812500000e+09	1.370000000000000107e-01	2.020000000000000129e-01
1.578926383062500000e+09	1.380000000000000115e-01	2.020000000000000129e-01
1.578926383171875000e+09	1.360000000000000098e-01	2.010000000000000120e-01
1.578926383281250000e+09	1.380000000000000115e-01	2.020000000000000129e-01
1.578926383390625000e+09	1.370000000000000107e-01	2.020000000000000129e-01
1.578926383500000000e+09	1.380000000000000115e-01	2.020000000000000129e-01
1.578926383640625000e+09	1.360000000000000098e-01	2.010000000000000120e-01
1.578926384078125000e+09	1.360000000000000098e-01	2.010000000000000120e-01
1.578926384265625000e+09	1.370000000000000107e-01	2.020000000000000129e-01
1.578926384375000000e+09	1.360000000000000098e-01	2.020000000000000129e-01
1.578926384484375000e+09	1.370000000000000107e-01	2.020000000000000129e-01
1.578926384593750000e+09	1.370000000000000107e-01	2.020000000000000129e-01
1.578926384703125000e+09	1.360000000000000098e-01	2.020000000000000129e-01
1.578926384937500000e+09	1.370000000000000107e-01	2.020000000000000129e-01
1.578926385203125000e+09	1.360000000000000098e-01	2.020000000000000129e-01
1.578926385343750000e+09	1.370000000000000107e-01	2.010000000000000120e-01
1.578926385453125000e+09	1.370000000000000107e-01	2.020000000000000129e-01
1.578926385562500000e+09	1.350000000000000089e-01	2.010000000000000120e-01
1.578926385671875000e+09	1.360000000000000098e-01	2.020000000000000129e-01
1.578926385781250000e+09	1.360000000000000098e-01	2.020000000000000129e-01
1.578926386109375000e+09	1.360000000000000098e-01	2.020000000000000129e-01
1.578926386343750000e+09	1.370000000000000107e-01	2.020000000000000129e-01
1.578926386453125000e+09	1.360000000000000098e-01	2.020000000000000129e-01
1.578926386562500000e+09	1.370000000000000107e-01	2.020000000000000129e-01
1.578926386671875000e+09	1.360000000000000098e-01	2.020000000000000129e-01
1.578926386781250000e+09	1.360000000000000098e-01	2.020000000000000129e-01
1.578926386890625000e+09	1.360000000000000098e-01	2.020000000000000129e-01
1.578926387281250000e+09	1.360000000000000098e-01	2.020000000000000129e-01
1.578926387484375000e+09	1.350000000000000089e-01	2.020000000000000129e-01
1.578926387593750000e+09	1.360000000000000098e-01	2.020000000000000129e-01
1.578926387703125000e+09	1.350000000000000089e-01	2.020000000000000129e-01
1.578926387812500000e+09	1.360000000000000098e-01	2.020000000000000129e-01
1.578926387921875000e+09	1.350000000000000089e-01	2.020000000000000129e-01
1.578926388203125000e+09	1.340000000000000080e-01	2.020000000000000129e-01
1.578926388500000000e+09	1.360000000000000098e-01	2.020000000000000129e-01
1.578926388609375000e+09	1.350000000000000089e-01	2.020000000000000129e-01
1.578926388718750000e+09	1.360000000000000098e-01	2.020000000000000129e-01
1.578926388828125000e+09	1.350000000000000089e-01	2.020000000000000129e-01
1.578926388937500000e+09	1.350000000000000089e-01	2.020000000000000129e-01
1.578926389187500000e+09	1.360000000000000098e-01	2.020000000000000129e-01
1.578926389515625000e+09	1.340000000000000080e-01	2.020000000000000129e-01
1.578926389671875000e+09	1.350000000000000089e-01	2.020000000000000129e-01
1.578926389781250000e+09	1.360000000000000098e-01	2.010000000000000120e-01
1.578926389890625000e+09	1.360000000000000098e-01	2.020000000000000129e-01
1.578926390000000000e+09	1.360000000000000098e-01	2.010000000000000120e-01
1.578926390109375000e+09	1.360000000000000098e-01	2.020000000000000129e-01
1.578926390453125000e+09	1.350000000000000089e-01	2.010000000000000120e-01
1.578926390640625000e+09	1.360000000000000098e-01	2.020000000000000129e-01
1.578926390750000000e+09	1.360000000000000098e-01	2.020000000000000129e-01
1.578926390859375000e+09	1.350000000000000089e-01	2.010000000000000120e-01
1.578926390968750000e+09	1.360000000000000098e-01	2.020000000000000129e-01
1.578926391078125000e+09	1.370000000000000107e-01	2.020000000000000129e-01
1.578926391187500000e+09	1.360000000000000098e-01	2.020000000000000129e-01
1.578926391468750000e+09	1.360000000000000098e-01	2.020000000000000129e-01
1.578926391765625000e+09	1.360000000000000098e-01	2.020000000000000129e-01
1.578926391890625000e+09	1.340000000000000080e-01	2.010000000000000120e-01
1.578926392000000000e+09	1.350000000000000089e-01	2.020000000000000129e-01
1.578926392109375000e+09	1.350000000000000089e-01	2.020000000000000129e-01
1.578926392218750000e+09	1.360000000000000098e-01	2.010000000000000120e-01
1.578926392328125000e+09	1.340000000000000080e-01	2.020000000000000129e-01
1.578926392640625000e+09	1.350000000000000089e-01	2.020000000000000129e-01
1.578926392843750000e+09	1.340000000000000080e-01	2.020000000000000129e-01
1.578926393000000000e+09	1.360000000000000098e-01	2.020000000000000129e-01
1.578926393109375000e+09	1.350000000000000089e-01	2.020000000000000129e-01
1.578926393218750000e+09	1.350000000000000089e-01	2.020000000000000129e-01
1.578926393328125000e+09	1.340000000000000080e-01	2.020000000000000129e-01
1.578926393578125000e+09	1.350000000000000089e-01	2.020000000000000129e-01
1.578926393828125000e+09	1.360000000000000098e-01	2.020000000000000129e-01
1.578926394015625000e+09	1.340000000000000080e-01	2.010000000000000120e-01
1.578926394125000000e+09	1.360000000000000098e-01	2.020000000000000129e-01
1.578926394234375000e+09	1.340000000000000080e-01	2.010000000000000120e-01
1.578926394343750000e+09	1.350000000000000089e-01	2.010000000000000120e-01
1.578926394453125000e+09	1.350000000000000089e-01	2.010000000000000120e-01
1.578926394656250000e+09	1.360000000000000098e-01	2.010000000000000120e-01
1.578926395000000000e+09	1.360000000000000098e-01	2.010000000000000120e-01
1.578926395140625000e+09	1.350000000000000089e-01	2.010000000000000120e-01
1.578926395250000000e+09	1.340000000000000080e-01	2.010000000000000120e-01
1.578926395359375000e+09	1.340000000000000080e-01	2.020000000000000129e-01
1.578926395468750000e+09	1.350000000000000089e-01	2.020000000000000129e-01
1.578926395578125000e+09	1.360000000000000098e-01	2.020000000000000129e-01
1.578926395875000000e+09	1.360000000000000098e-01	2.020000000000000129e-01
1.578926396109375000e+09	1.340000000000000080e-01	2.010000000000000120e-01
1.578926396218750000e+09	1.350000000000000089e-01	2.010000000000000120e-01
1.578926396328125000e+09	1.340000000000000080e-01	2.020000000000000129e-01
1.578926396437500000e+09	1.340000000000000080e-01	2.020000000000000129e-01
1.578926396546875000e+09	1.360000000000000098e-01	2.020000000000000129e-01
1.578926396656250000e+09	1.330000000000000071e-01	2.020000000000000129e-01
1.578926397046875000e+09	1.340000000000000080e-01	2.020000000000000129e-01
1.578926397250000000e+09	1.350000000000000089e-01	2.020000000000000129e-01
1.578926397359375000e+09	1.340000000000000080e-01	2.020000000000000129e-01
1.578926397468750000e+09	1.360000000000000098e-01	2.010000000000000120e-01
1.578926397578125000e+09	1.340000000000000080e-01	2.020000000000000129e-01
1.578926397687500000e+09	1.330000000000000071e-01	2.010000000000000120e-01
1.578926398109375000e+09	1.340000000000000080e-01	2.020000000000000129e-01
1.578926398312500000e+09	1.350000000000000089e-01	2.020000000000000129e-01
1.578926398421875000e+09	1.330000000000000071e-01	2.020000000000000129e-01
1.578926398531250000e+09	1.360000000000000098e-01	2.020000000000000129e-01
1.578926398640625000e+09	1.340000000000000080e-01	2.020000000000000129e-01
1.578926398750000000e+09	1.350000000000000089e-01	2.010000000000000120e-01
1.578926399062500000e+09	1.330000000000000071e-01	2.020000000000000129e-01
1.578926399343750000e+09	1.320000000000000062e-01	2.020000000000000129e-01
1.578926399484375000e+09	1.360000000000000098e-01	2.020000000000000129e-01
1.578926399593750000e+09	1.340000000000000080e-01	2.020000000000000129e-01
1.578926399703125000e+09	1.360000000000000098e-01	2.020000000000000129e-01
1.578926399812500000e+09	1.340000000000000080e-01	2.020000000000000129e-01
1.578926399921875000e+09	1.340000000000000080e-01	2.010000000000000120e-01
1.578926400343750000e+09	1.340000000000000080e-01	2.020000000000000129e-01
1.578926400484375000e+09	1.340000000000000080e-01	2.020000000000000129e-01
1.578926400609375000e+09	1.350000000000000089e-01	2.010000000000000120e-01
1.578926400718750000e+09	1.340000000000000080e-01	2.020000000000000129e-01
1.578926400828125000e+09	1.340000000000000080e-01	2.020000000000000129e-01
1.578926400921875000e+09	1.340000000000000080e-01	2.020000000000000129e-01
1.578926401031250000e+09	1.340000000000000080e-01	2.020000000000000129e-01
1.578926401406250000e+09	1.340000000000000080e-01	2.010000000000000120e-01
1.578926401562500000e+09	1.340000000000000080e-01	2.020000000000000129e-01
1.578926401671875000e+09	1.340000000000000080e-01	2.020000000000000129e-01
1.578926401781250000e+09	1.350000000000000089e-01	2.020000000000000129e-01
1.578926401890625000e+09	1.330000000000000071e-01	2.010000000000000120e-01
1.578926402000000000e+09	1.340000000000000080e-01	2.020000000000000129e-01
1.578926402265625000e+09	1.340000000000000080e-01	2.020000000000000129e-01
1.578926402593750000e+09	1.340000000000000080e-01	2.020000000000000129e-01
1.578926402750000000e+09	1.340000000000000080e-01	2.020000000000000129e-01
1.578926402859375000e+09	1.340000000000000080e-01	2.020000000000000129e-01
1.578926402968750000e+09	1.320000000000000062e-01	2.020000000000000129e-01
1.578926403078125000e+09	1.340000000000000080e-01	2.010000000000000120e-01
1.578926403328125000e+09	1.320000000000000062e-01	2.020000000000000129e-01
1.578926403625000000e+09	1.320000000000000062e-01	2.020000000000000129e-01
1.578926403765625000e+09	1.320000000000000062e-01	2.020000000000000129e-01
1.578926403875000000e+09	1.320000000000000062e-01	2.020000000000000129e-01
1.578926403984375000e+09	1.320000000000000062e-01	2.020000000000000129e-01
1.578926404093750000e+09	1.320000000000000062e-01	2.020000000000000129e-01
1.578926404203125000e+09	1.330000000000000071e-01	2.010000000000000120e-01
1.578926404484375000e+09	1.320000000000000062e-01	2.020000000000000129e-01
1.578926404640625000e+09	1.320000000000000062e-01	2.010000000000000120e-01
1.578926404843750000e+09	1.330000000000000071e-01	2.020000000000000129e-01
1.578926404953125000e+09	1.330000000000000071e-01	2.010000000000000120e-01
1.578926405062500000e+09	1.310000000000000053e-01	2.020000000000000129e-01
1.578926405171875000e+09	1.320000000000000062e-01	2.010000000000000120e-01
1.578926405281250000e+09	1.330000000000000071e-01	2.020000000000000129e-01
1.578926405546875000e+09	1.320000000000000062e-01	2.020000000000000129e-01
1.578926405812500000e+09	1.310000000000000053e-01	2.020000000000000129e-01
1.578926406031250000e+09	1.330000000000000071e-01	2.010000000000000120e-01
1.578926406140625000e+09	1.320000000000000062e-01	2.020000000000000129e-01
1.578926406250000000e+09	1.320000000000000062e-01	2.020000000000000129e-01
1.578926406359375000e+09	1.320000000000000062e-01	2.010000000000000120e-01
1.578926406468750000e+09	1.340000000000000080e-01	2.020000000000000129e-01
1.578926406671875000e+09	1.320000000000000062e-01	2.020000000000000129e-01
1.578926406953125000e+09	1.340000000000000080e-01	2.010000000000000120e-01
1.578926407125000000e+09	1.320000000000000062e-01	2.020000000000000129e-01
1.578926407234375000e+09	1.320000000000000062e-01	2.020000000000000129e-01
1.578926407343750000e+09	1.310000000000000053e-01	2.020000000000000129e-01
1.578926407453125000e+09	1.320000000000000062e-01	2.020000000000000129e-01
1.578926407562500000e+09	1.310000000000000053e-01	2.010000000000000120e-01
1.578926407718750000e+09	1.320000000000000062e-01	2.020000000000000129e-01
1.578926408015625000e+09	1.320000000000000062e-01	2.010000000000000120e-01
1.578926408203125000e+09	1.320000000000000062e-01	2.020000000000000129e-01
1.578926408312500000e+09	1.300000000000000044e-01	2.010000000000000120e-01
1.578926408421875000e+09	1.320000000000000062e-01	2.010000000000000120e-01
1.578926408531250000e+09	1.320000000000000062e-01	2.020000000000000129e-01
1.578926408640625000e+09	1.320000000000000062e-01	2.020000000000000129e-01
1.578926408984375000e+09	1.310000000000000053e-01	2.020000000000000129e-01
1.578926409218750000e+09	1.310000000000000053e-01	2.020000000000000129e-01
1.578926409343750000e+09	1.300000000000000044e-01	2.020000000000000129e-01
1.578926409453125000e+09	1.320000000000000062e-01	2.020000000000000129e-01
1.578926409562500000e+09	1.300000000000000044e-01	2.020000000000000129e-01
1.578926409671875000e+09	1.300000000000000044e-01	2.020000000000000129e-01
1.578926409906250000e+09	1.300000000000000044e-01	2.010000000000000120e-01
1.578926410281250000e+09	1.320000000000000062e-01	2.010000000000000120e-01
1.578926410421875000e+09	1.310000000000000053e-01	2.010000000000000120e-01
1.578926410531250000e+09	1.300000000000000044e-01	2.020000000000000129e-01
1.578926410640625000e+09	1.300000000000000044e-01	2.020000000000000129e-01
1.578926410750000000e+09	1.300000000000000044e-01	2.020000000000000129e-01
1.578926410968750000e+09	1.300000000000000044e-01	2.020000000000000129e-01
1.578926411265625000e+09	1.320000000000000062e-01	2.020000000000000129e-01
1.578926411437500000e+09	1.300000000000000044e-01	2.020000000000000129e-01
1.578926411546875000e+09	1.310000000000000053e-01	2.010000000000000120e-01
1.578926411656250000e+09	1.300000000000000044e-01	2.020000000000000129e-01
1.578926411765625000e+09	1.290000000000000036e-01	2.020000000000000129e-01
1.578926411875000000e+09	1.300000000000000044e-01	2.020000000000000129e-01
1.578926412250000000e+09	1.300000000000000044e-01	2.020000000000000129e-01
1.578926412453125000e+09	1.300000000000000044e-01	2.020000000000000129e-01
1.578926412578125000e+09	1.300000000000000044e-01	2.020000000000000129e-01
1.578926412687500000e+09	1.300000000000000044e-01	2.020000000000000129e-01
1.578926412796875000e+09	1.300000000000000044e-01	2.020000000000000129e-01
1.578926412906250000e+09	1.300000000000000044e-01	2.020000000000000129e-01
1.578926413156250000e+09	1.300000000000000044e-01	2.020000000000000129e-01
1.578926413546875000e+09	1.300000000000000044e-01	2.020000000000000129e-01
1.578926413687500000e+09	1.300000000000000044e-01	2.010000000000000120e-01
1.578926413796875000e+09	1.300000000000000044e-01	2.020000000000000129e-01
1.578926413906250000e+09	1.300000000000000044e-01	2.020000000000000129e-01
1.578926414015625000e+09	1.300000000000000044e-01	2.020000000000000129e-01
1.578926414125000000e+09	1.310000000000000053e-01	2.010000000000000120e-01
1.578926414375000000e+09	1.290000000000000036e-01	2.020000000000000129e-01
1.578926414625000000e+09	1.300000000000000044e-01	2.020000000000000129e-01
1.578926414765625000e+09	1.290000000000000036e-01	2.020000000000000129e-01
1.578926414875000000e+09	1.300000000000000044e-01	2.020000000000000129e-01
1.578926414984375000e+09	1.290000000000000036e-01	2.020000000000000129e-01
1.578926415093750000e+09	1.290000000000000036e-01	2.020000000000000129e-01
1.578926415203125000e+09	1.290000000000000036e-01	2.020000000000000129e-01
1.578926415656250000e+09	1.290000000000000036e-01	2.020000000000000129e-01
1.578926415796875000e+09	1.290000000000000036e-01	2.020000000000000129e-01
1.578926415906250000e+09	1.290000000000000036e-01	2.020000000000000129e-01
1.578926416015625000e+09	1.280000000000000027e-01	2.010000000000000120e-01
1.578926416125000000e+09	1.290000000000000036e-01	2.020000000000000129e-01
1.578926416234375000e+09	1.290000000000000036e-01	2.020000000000000129e-01
1.578926416500000000e+09	1.290000000000000036e-01	2.020000000000000129e-01
1.578926416718750000e+09	1.300000000000000044e-01	2.020000000000000129e-01
1.578926416875000000e+09	1.280000000000000027e-01	2.020000000000000129e-01
1.578926416984375000e+09	1.280000000000000027e-01	2.010000000000000120e-01
1.578926417093750000e+09	1.280000000000000027e-01	2.020000000000000129e-01
1.578926417203125000e+09	1.290000000000000036e-01	2.020000000000000129e-01
1.578926417312500000e+09	1.290000000000000036e-01	2.020000000000000129e-01
1.578926417421875000e+09	1.270000000000000018e-01	2.010000000000000120e-01
1.578926417718750000e+09	1.280000000000000027e-01	2.010000000000000120e-01
1.578926417968750000e+09	1.280000000000000027e-01	2.010000000000000120e-01
1.578926418078125000e+09	1.270000000000000018e-01	2.020000000000000129e-01
1.578926418187500000e+09	1.280000000000000027e-01	2.010000000000000120e-01
1.578926418296875000e+09	1.280000000000000027e-01	2.020000000000000129e-01
1.578926418406250000e+09	1.270000000000000018e-01	2.010000000000000120e-01
1.578926418656250000e+09	1.280000000000000027e-01	2.010000000000000120e-01
1.578926418937500000e+09	1.260000000000000009e-01	2.020000000000000129e-01
1.578926419093750000e+09	1.280000000000000027e-01	2.020000000000000129e-01
1.578926419203125000e+09	1.270000000000000018e-01	2.020000000000000129e-01
1.578926419312500000e+09	1.260000000000000009e-01	2.010000000000000120e-01
1.578926419421875000e+09	1.270000000000000018e-01	2.020000000000000129e-01
1.578926419531250000e+09	1.250000000000000000e-01	2.010000000000000120e-01
1.578926419921875000e+09	1.250000000000000000e-01	2.020000000000000129e-01
1.578926420187500000e+09	1.270000000000000018e-01	2.020000000000000129e-01
1.578926420296875000e+09	1.250000000000000000e-01	2.020000000000000129e-01
1.578926420406250000e+09	1.250000000000000000e-01	2.010000000000000120e-01
1.578926420515625000e+09	1.250000000000000000e-01	2.020000000000000129e-01
1.578926420625000000e+09	1.250000000000000000e-01	2.020000000000000129e-01
1.578926420828125000e+09	1.260000000000000009e-01	2.020000000000000129e-01
1.578926421171875000e+09	1.250000000000000000e-01	2.010000000000000120e-01
1.578926421359375000e+09	1.260000000000000009e-01	2.020000000000000129e-01
1.578926421468750000e+09	1.250000000000000000e-01	2.020000000000000129e-01
1.578926421578125000e+09	1.260000000000000009e-01	2.020000000000000129e-01
1.578926421687500000e+09	1.239999999999999991e-01	2.020000000000000129e-01
1.578926421796875000e+09	1.260000000000000009e-01	2.010000000000000120e-01
1.578926422093750000e+09	1.229999999999999982e-01	2.020000000000000129e-01
1.578926422390625000e+09	1.239999999999999991e-01	2.020000000000000129e-01
1.578926422500000000e+09	1.229999999999999982e-01	2.020000000000000129e-01
1.578926422609375000e+09	1.250000000000000000e-01	2.010000000000000120e-01
1.578926422718750000e+09	1.239999999999999991e-01	2.020000000000000129e-01
1.578926422828125000e+09	1.239999999999999991e-01	2.010000000000000120e-01
1.578926423125000000e+09	1.250000000000000000e-01	2.020000000000000129e-01
1.578926423406250000e+09	1.229999999999999982e-01	2.010000000000000120e-01
1.578926423546875000e+09	1.239999999999999991e-01	2.020000000000000129e-01
1.578926423656250000e+09	1.250000000000000000e-01	2.020000000000000129e-01
1.578926423765625000e+09	1.229999999999999982e-01	2.020000000000000129e-01
1.578926423875000000e+09	1.229999999999999982e-01	2.020000000000000129e-01
1.578926423984375000e+09	1.229999999999999982e-01	2.020000000000000129e-01
1.578926424296875000e+09	1.239999999999999991e-01	2.010000000000000120e-01
1.578926424562500000e+09	1.219999999999999973e-01	2.020000000000000129e-01
1.578926424671875000e+09	1.229999999999999982e-01	2.020000000000000129e-01
1.578926424781250000e+09	1.209999999999999964e-01	2.020000000000000129e-01
1.578926424890625000e+09	1.229999999999999982e-01	2.020000000000000129e-01
1.578926425000000000e+09	1.219999999999999973e-01	2.010000000000000120e-01
1.578926425250000000e+09	1.209999999999999964e-01	2.020000000000000129e-01
1.578926425500000000e+09	1.209999999999999964e-01	2.020000000000000129e-01
1.578926425703125000e+09	1.209999999999999964e-01	2.020000000000000129e-01
1.578926425812500000e+09	1.199999999999999956e-01	2.020000000000000129e-01
1.578926425921875000e+09	1.209999999999999964e-01	2.020000000000000129e-01
1.578926426031250000e+09	1.219999999999999973e-01	2.020000000000000129e-01
1.578926426140625000e+09	1.209999999999999964e-01	2.010000000000000120e-01
1.578926426468750000e+09	1.199999999999999956e-01	2.010000000000000120e-01
1.578926426656250000e+09	1.199999999999999956e-01	2.010000000000000120e-01
1.578926426796875000e+09	1.209999999999999964e-01	2.020000000000000129e-01
1.578926426906250000e+09	1.189999999999999947e-01	2.010000000000000120e-01
1.578926427015625000e+09	1.189999999999999947e-01	2.020000000000000129e-01
1.578926427125000000e+09	1.199999999999999956e-01	2.020000000000000129e-01
1.578926427234375000e+09	1.189999999999999947e-01	2.010000000000000120e-01
1.578926427437500000e+09	1.189999999999999947e-01	2.020000000000000129e-01
1.578926427687500000e+09	1.189999999999999947e-01	2.020000000000000129e-01
1.578926427843750000e+09	1.189999999999999947e-01	2.020000000000000129e-01
1.578926427953125000e+09	1.179999999999999938e-01	2.020000000000000129e-01
1.578926428062500000e+09	1.179999999999999938e-01	2.020000000000000129e-01
1.578926428171875000e+09	1.179999999999999938e-01	2.020000000000000129e-01
1.578926428281250000e+09	1.179999999999999938e-01	2.020000000000000129e-01
1.578926428546875000e+09	1.160000000000000059e-01	2.020000000000000129e-01
1.578926428859375000e+09	1.179999999999999938e-01	2.020000000000000129e-01
1.578926429015625000e+09	1.160000000000000059e-01	2.010000000000000120e-01
1.578926429125000000e+09	1.160000000000000059e-01	2.020000000000000129e-01
1.578926429234375000e+09	1.160000000000000059e-01	2.020000000000000129e-01
1.578926429343750000e+09	1.150000000000000050e-01	2.020000000000000129e-01
1.578926429453125000e+09	1.160000000000000059e-01	2.010000000000000120e-01
1.578926429718750000e+09	1.150000000000000050e-01	2.020000000000000129e-01
1.578926429968750000e+09	1.140000000000000041e-01	2.010000000000000120e-01
1.578926430109375000e+09	1.150000000000000050e-01	2.010000000000000120e-01
1.578926430218750000e+09	1.150000000000000050e-01	2.010000000000000120e-01
1.578926430328125000e+09	1.130000000000000032e-01	2.020000000000000129e-01
1.578926430437500000e+09	1.150000000000000050e-01	2.010000000000000120e-01
1.578926430546875000e+09	1.130000000000000032e-01	2.020000000000000129e-01
1.578926430843750000e+09	1.140000000000000041e-01	2.020000000000000129e-01
1.578926431062500000e+09	1.140000000000000041e-01	2.020000000000000129e-01
1.578926431250000000e+09	1.120000000000000023e-01	2.020000000000000129e-01
1.578926431359375000e+09	1.130000000000000032e-01	2.020000000000000129e-01
1.578926431468750000e+09	1.120000000000000023e-01	2.020000000000000129e-01
1.578926431578125000e+09	1.130000000000000032e-01	2.020000000000000129e-01
1.578926431687500000e+09	1.120000000000000023e-01	2.010000000000000120e-01
1.578926432093750000e+09	1.120000000000000023e-01	2.020000000000000129e-01
1.578926432296875000e+09	1.110000000000000014e-01	2.010000000000000120e-01
1.578926432406250000e+09	1.110000000000000014e-01	2.020000000000000129e-01
1.578926432515625000e+09	1.120000000000000023e-01	2.020000000000000129e-01
1.578926432625000000e+09	1.110000000000000014e-01	2.020000000000000129e-01
1.578926432734375000e+09	1.110000000000000014e-01	2.010000000000000120e-01
1.578926433000000000e+09	1.100000000000000006e-01	2.020000000000000129e-01
1.578926433281250000e+09	1.100000000000000006e-01	2.020000000000000129e-01
1.578926433437500000e+09	1.100000000000000006e-01	2.020000000000000129e-01
1.578926433546875000e+09	1.100000000000000006e-01	2.010000000000000120e-01
1.578926433656250000e+09	1.100000000000000006e-01	2.020000000000000129e-01
1.578926433765625000e+09	1.100000000000000006e-01	2.020000000000000129e-01
1.578926433875000000e+09	1.100000000000000006e-01	2.020000000000000129e-01
1.578926434140625000e+09	1.089999999999999997e-01	2.020000000000000129e-01
1.578926434437500000e+09	1.089999999999999997e-01	2.010000000000000120e-01
1.578926434578125000e+09	1.079999999999999988e-01	2.020000000000000129e-01
1.578926434703125000e+09	1.079999999999999988e-01	2.020000000000000129e-01
1.578926434796875000e+09	1.069999999999999979e-01	2.010000000000000120e-01
1.578926434906250000e+09	1.079999999999999988e-01	2.020000000000000129e-01
1.578926435015625000e+09	1.069999999999999979e-01	2.020000000000000129e-01
1.578926435406250000e+09	1.059999999999999970e-01	2.020000000000000129e-01
1.578926435640625000e+09	1.059999999999999970e-01	2.020000000000000129e-01
1.578926435765625000e+09	1.059999999999999970e-01	2.010000000000000120e-01
1.578926435875000000e+09	1.049999999999999961e-01	2.020000000000000129e-01
1.578926435984375000e+09	1.059999999999999970e-01	2.020000000000000129e-01
1.578926436093750000e+09	1.049999999999999961e-01	2.020000000000000129e-01
1.578926436203125000e+09	1.039999999999999952e-01	2.020000000000000129e-01
1.578926436468750000e+09	1.049999999999999961e-01	2.020000000000000129e-01
1.578926436687500000e+09	1.029999999999999943e-01	2.020000000000000129e-01
1.578926436812500000e+09	1.039999999999999952e-01	2.020000000000000129e-01
1.578926436921875000e+09	1.039999999999999952e-01	2.020000000000000129e-01
1.578926437031250000e+09	1.029999999999999943e-01	2.010000000000000120e-01
1.578926437140625000e+09	1.029999999999999943e-01	2.010000000000000120e-01
1.578926437250000000e+09	1.049999999999999961e-01	2.020000000000000129e-01
1.578926437500000000e+09	1.039999999999999952e-01	2.020000000000000129e-01
1.578926437781250000e+09	1.029999999999999943e-01	2.010000000000000120e-01
1.578926437906250000e+09	1.010000000000000064e-01	2.020000000000000129e-01
1.578926438015625000e+09	1.019999999999999934e-01	2.010000000000000120e-01
1.578926438125000000e+09	1.000000000000000056e-01	2.020000000000000129e-01
1.578926438234375000e+09	1.010000000000000064e-01	2.020000000000000129e-01
1.578926438343750000e+09	1.000000000000000056e-01	2.010000000000000120e-01
1.578926438546875000e+09	1.000000000000000056e-01	2.020000000000000129e-01
1.578926438875000000e+09	1.000000000000000056e-01	2.020000000000000129e-01
1.578926439000000000e+09	9.900000000000000466e-02	2.020000000000000129e-01
1.578926439109375000e+09	9.700000000000000289e-02	2.010000000000000120e-01
1.578926439218750000e+09	9.900000000000000466e-02	2.020000000000000129e-01
1.578926439328125000e+09	9.800000000000000377e-02	2.020000000000000129e-01
1.578926439437500000e+09	9.900000000000000466e-02	2.010000000000000120e-01
1.578926439765625000e+09	9.700000000000000289e-02	2.020000000000000129e-01
1.578926439984375000e+09	9.700000000000000289e-02	2.020000000000000129e-01
1.578926440156250000e+09	9.700000000000000289e-02	2.010000000000000120e-01
1.578926440265625000e+09	9.600000000000000200e-02	2.020000000000000129e-01
1.578926440375000000e+09	9.700000000000000289e-02	2.020000000000000129e-01
1.578926440484375000e+09	9.500000000000000111e-02	2.020000000000000129e-01
1.578926440656250000e+09	9.600000000000000200e-02	2.010000000000000120e-01
1.578926440906250000e+09	9.500000000000000111e-02	2.020000000000000129e-01
1.578926441125000000e+09	9.500000000000000111e-02	2.020000000000000129e-01
1.578926441250000000e+09	9.199999999999999845e-02	2.010000000000000120e-01
1.578926441359375000e+09	9.500000000000000111e-02	2.010000000000000120e-01
1.578926441468750000e+09	9.400000000000000022e-02	2.010000000000000120e-01
1.578926441578125000e+09	9.400000000000000022e-02	2.020000000000000129e-01
1.578926441781250000e+09	9.299999999999999933e-02	2.020000000000000129e-01
1.578926442078125000e+09	9.400000000000000022e-02	2.020000000000000129e-01
1.578926442281250000e+09	9.400000000000000022e-02	2.020000000000000129e-01
1.578926442390625000e+09	9.299999999999999933e-02	2.020000000000000129e-01
1.578926442500000000e+09	9.199999999999999845e-02	2.020000000000000129e-01
1.578926442609375000e+09	9.199999999999999845e-02	2.010000000000000120e-01
1.578926442718750000e+09	9.299999999999999933e-02	2.020000000000000129e-01
1.578926443171875000e+09	9.199999999999999845e-02	2.010000000000000120e-01
1.578926443375000000e+09	8.999999999999999667e-02	2.020000000000000129e-01
1.578926443515625000e+09	9.199999999999999845e-02	2.020000000000000129e-01
1.578926443625000000e+09	8.999999999999999667e-02	2.020000000000000129e-01
1.578926443734375000e+09	8.799999999999999489e-02	2.020000000000000129e-01
1.578926443843750000e+09	8.899999999999999578e-02	2.010000000000000120e-01
1.578926443953125000e+09	8.799999999999999489e-02	2.020000000000000129e-01
1.578926444343750000e+09	8.899999999999999578e-02	2.020000000000000129e-01
1.578926444500000000e+09	8.799999999999999489e-02	2.020000000000000129e-01
1.578926444609375000e+09	8.999999999999999667e-02	2.020000000000000129e-01
1.578926444718750000e+09	8.699999999999999400e-02	2.020000000000000129e-01
1.578926444828125000e+09	8.799999999999999489e-02	2.010000000000000120e-01
1.578926444937500000e+09	8.799999999999999489e-02	2.020000000000000129e-01
1.578926445046875000e+09	8.799999999999999489e-02	2.020000000000000129e-01
1.578926445453125000e+09	8.699999999999999400e-02	2.020000000000000129e-01
1.578926445671875000e+09	8.599999999999999312e-02	2.020000000000000129e-01
1.578926445781250000e+09	8.599999999999999312e-02	2.010000000000000120e-01
1.578926445890625000e+09	8.599999999999999312e-02	2.010000000000000120e-01
1.578926446000000000e+09	8.500000000000000611e-02	2.020000000000000129e-01
1.578926446109375000e+09	8.500000000000000611e-02	2.020000000000000129e-01
1.578926446390625000e+09	8.400000000000000522e-02	2.020000000000000129e-01
1.578926446625000000e+09	8.400000000000000522e-02	2.020000000000000129e-01
1.578926446781250000e+09	8.300000000000000433e-02	2.020000000000000129e-01
1.578926446890625000e+09	8.400000000000000522e-02	2.020000000000000129e-01
1.578926447000000000e+09	8.300000000000000433e-02	2.020000000000000129e-01
1.578926447109375000e+09	8.400000000000000522e-02	2.020000000000000129e-01
1.578926447218750000e+09	8.300000000000000433e-02	2.020000000000000129e-01
1.578926447609375000e+09	8.200000000000000344e-02	2.010000000000000120e-01
1.578926447828125000e+09	8.200000000000000344e-02	2.010000000000000120e-01
1.578926447937500000e+09	8.200000000000000344e-02	2.020000000000000129e-01
1.578926448046875000e+09	8.100000000000000255e-02	2.020000000000000129e-01
1.578926448156250000e+09	8.300000000000000433e-02	2.020000000000000129e-01
1.578926448265625000e+09	8.100000000000000255e-02	2.020000000000000129e-01
1.578926448546875000e+09	8.200000000000000344e-02	2.010000000000000120e-01
1.578926448765625000e+09	8.000000000000000167e-02	2.020000000000000129e-01
1.578926448890625000e+09	8.000000000000000167e-02	2.020000000000000129e-01
1.578926449031250000e+09	7.900000000000000078e-02	2.020000000000000129e-01
1.578926449140625000e+09	7.900000000000000078e-02	2.020000000000000129e-01
1.578926449250000000e+09	7.900000000000000078e-02	2.010000000000000120e-01
1.578926449359375000e+09	7.900000000000000078e-02	2.020000000000000129e-01
1.578926449609375000e+09	7.699999999999999900e-02	2.020000000000000129e-01
1.578926449859375000e+09	7.799999999999999989e-02	2.010000000000000120e-01
1.578926450015625000e+09	7.699999999999999900e-02	2.010000000000000120e-01
1.578926450125000000e+09	7.599999999999999811e-02	2.020000000000000129e-01
1.578926450234375000e+09	7.499999999999999722e-02	2.020000000000000129e-01
1.578926450343750000e+09	7.599999999999999811e-02	2.020000000000000129e-01
1.578926450453125000e+09	7.499999999999999722e-02	2.020000000000000129e-01
1.578926450562500000e+09	7.499999999999999722e-02	2.010000000000000120e-01
1.578926450921875000e+09	7.499999999999999722e-02	2.010000000000000120e-01
1.578926451125000000e+09	7.499999999999999722e-02	2.020000000000000129e-01
1.578926451265625000e+09	7.499999999999999722e-02	2.020000000000000129e-01
1.578926451375000000e+09	7.499999999999999722e-02	2.010000000000000120e-01
1.578926451484375000e+09	7.399999999999999634e-02	2.020000000000000129e-01
1.578926451593750000e+09	7.299999999999999545e-02	2.020000000000000129e-01
1.578926451703125000e+09	7.399999999999999634e-02	2.020000000000000129e-01
1.578926452062500000e+09	7.299999999999999545e-02	2.020000000000000129e-01
1.578926452234375000e+09	7.099999999999999367e-02	2.020000000000000129e-01
1.578926452375000000e+09	7.099999999999999367e-02	2.020000000000000129e-01
1.578926452484375000e+09	7.199999999999999456e-02	2.010000000000000120e-01
1.578926452593750000e+09	7.199999999999999456e-02	2.020000000000000129e-01
1.578926452703125000e+09	7.199999999999999456e-02	2.020000000000000129e-01
1.578926452812500000e+09	7.099999999999999367e-02	2.010000000000000120e-01
1.578926453234375000e+09	7.099999999999999367e-02	2.020000000000000129e-01
1.578926453406250000e+09	7.000000000000000666e-02	2.020000000000000129e-01
1.578926453515625000e+09	7.000000000000000666e-02	2.020000000000000129e-01
1.578926453625000000e+09	6.800000000000000488e-02	2.010000000000000120e-01
1.578926453734375000e+09	6.800000000000000488e-02	2.010000000000000120e-01
1.578926453843750000e+09	6.600000000000000311e-02	2.020000000000000129e-01
1.578926453953125000e+09	6.700000000000000400e-02	2.020000000000000129e-01
1.578926454328125000e+09	6.600000000000000311e-02	2.010000000000000120e-01
1.578926454515625000e+09	6.600000000000000311e-02	2.010000000000000120e-01
1.578926454640625000e+09	6.600000000000000311e-02	2.020000000000000129e-01
1.578926454750000000e+09	6.500000000000000222e-02	2.020000000000000129e-01
1.578926454859375000e+09	6.400000000000000133e-02	2.020000000000000129e-01
1.578926454968750000e+09	6.500000000000000222e-02	2.020000000000000129e-01
1.578926455109375000e+09	6.400000000000000133e-02	2.020000000000000129e-01
1.578926455468750000e+09	6.400000000000000133e-02	2.010000000000000120e-01
1.578926455625000000e+09	6.300000000000000044e-02	2.010000000000000120e-01
1.578926455734375000e+09	6.300000000000000044e-02	2.010000000000000120e-01
1.578926455843750000e+09	6.199999999999999956e-02	2.010000000000000120e-01
1.578926455953125000e+09	6.199999999999999956e-02	2.010000000000000120e-01
1.578926456062500000e+09	6.099999999999999867e-02	2.020000000000000129e-01
1.578926456312500000e+09	5.999999999999999778e-02	2.010000000000000120e-01
1.578926456625000000e+09	5.899999999999999689e-02	2.010000000000000120e-01
1.578926456781250000e+09	5.899999999999999689e-02	2.020000000000000129e-01
1.578926456890625000e+09	5.700000000000000205e-02	2.020000000000000129e-01
1.578926457000000000e+09	5.700000000000000205e-02	2.020000000000000129e-01
1.578926457109375000e+09	5.700000000000000205e-02	2.020000000000000129e-01
1.578926457218750000e+09	5.700000000000000205e-02	2.010000000000000120e-01
1.578926457468750000e+09	5.500000000000000028e-02	2.010000000000000120e-01
1.578926457734375000e+09	5.500000000000000028e-02	2.020000000000000129e-01
1.578926457875000000e+09	5.299999999999999850e-02	2.010000000000000120e-01
1.578926457984375000e+09	5.299999999999999850e-02	2.020000000000000129e-01
1.578926458093750000e+09	5.199999999999999761e-02	2.010000000000000120e-01
1.578926458203125000e+09	5.199999999999999761e-02	2.010000000000000120e-01
1.578926458312500000e+09	5.199999999999999761e-02	2.020000000000000129e-01
1.578926458718750000e+09	5.000000000000000278e-02	2.020000000000000129e-01
1.578926458906250000e+09	4.900000000000000189e-02	2.010000000000000120e-01
1.578926459062500000e+09	4.900000000000000189e-02	2.020000000000000129e-01
1.578926459171875000e+09	4.700000000000000011e-02	2.020000000000000129e-01
1.578926459281250000e+09	4.800000000000000100e-02	2.020000000000000129e-01
1.578926459390625000e+09	4.800000000000000100e-02	2.020000000000000129e-01
1.578926459500000000e+09	4.700000000000000011e-02	2.020000000000000129e-01
1.578926459843750000e+09	4.700000000000000011e-02	2.020000000000000129e-01
1.578926460015625000e+09	4.599999999999999922e-02	2.010000000000000120e-01
1.578926460171875000e+09	4.499999999999999833e-02	2.020000000000000129e-01
1.578926460296875000e+09	4.399999999999999745e-02	2.010000000000000120e-01
1.578926460406250000e+09	4.399999999999999745e-02	2.020000000000000129e-01
1.578926460515625000e+09	4.399999999999999745e-02	2.020000000000000129e-01
1.578926460625000000e+09	4.299999999999999656e-02	2.010000000000000120e-01
1.578926461031250000e+09	4.200000000000000261e-02	2.020000000000000129e-01
1.578926461203125000e+09	4.000000000000000083e-02	2.020000000000000129e-01
1.578926461328125000e+09	4.000000000000000083e-02	2.020000000000000129e-01
1.578926461437500000e+09	3.899999999999999994e-02	2.020000000000000129e-01
1.578926461546875000e+09	3.899999999999999994e-02	2.020000000000000129e-01
1.578926461656250000e+09	3.799999999999999906e-02	2.020000000000000129e-01
1.578926461765625000e+09	3.899999999999999994e-02	2.020000000000000129e-01
1.578926462171875000e+09	3.599999999999999728e-02	2.020000000000000129e-01
1.578926462328125000e+09	3.599999999999999728e-02	2.010000000000000120e-01
1.578926462437500000e+09	3.599999999999999728e-02	2.010000000000000120e-01
1.578926462546875000e+09	3.300000000000000155e-02	2.020000000000000129e-01
1.578926462656250000e+09	3.400000000000000244e-02	2.010000000000000120e-01
1.578926462765625000e+09	3.500000000000000333e-02	2.010000000000000120e-01
1.578926463031250000e+09	3.500000000000000333e-02	2.020000000000000129e-01
1.578926463328125000e+09	3.300000000000000155e-02	2.020000000000000129e-01
1.578926463484375000e+09	3.300000000000000155e-02	2.020000000000000129e-01
1.578926463593750000e+09	3.099999999999999978e-02	2.020000000000000129e-01
1.578926463703125000e+09	3.099999999999999978e-02	2.010000000000000120e-01
1.578926463812500000e+09	2.999999999999999889e-02	2.020000000000000129e-01
1.578926463921875000e+09	2.999999999999999889e-02	2.010000000000000120e-01
1.578926464187500000e+09	2.800000000000000058e-02	2.010000000000000120e-01
1.578926464500000000e+09	2.800000000000000058e-02	2.020000000000000129e-01
1.578926464640625000e+09	2.699999999999999969e-02	2.010000000000000120e-01
1.578926464750000000e+09	2.599999999999999881e-02	2.010000000000000120e-01
1.578926464859375000e+09	2.699999999999999969e-02	2.020000000000000129e-01
1.578926464968750000e+09	2.500000000000000139e-02	2.020000000000000129e-01
1.578926465218750000e+09	2.400000000000000050e-02	2.010000000000000120e-01
1.578926465593750000e+09	2.400000000000000050e-02	2.020000000000000129e-01
1.578926465734375000e+09	2.199999999999999872e-02	2.020000000000000129e-01
1.578926465843750000e+09	2.199999999999999872e-02	2.020000000000000129e-01
1.578926465953125000e+09	2.000000000000000042e-02	2.020000000000000129e-01
1.578926466062500000e+09	2.000000000000000042e-02	2.020000000000000129e-01
1.578926466171875000e+09	1.899999999999999953e-02	2.020000000000000129e-01
1.578926466406250000e+09	2.000000000000000042e-02	2.010000000000000120e-01
1.578926466656250000e+09	1.799999999999999864e-02	2.010000000000000120e-01
1.578926466796875000e+09	1.700000000000000122e-02	2.020000000000000129e-01
1.578926466906250000e+09	1.700000000000000122e-02	2.020000000000000129e-01
1.578926467015625000e+09	1.600000000000000033e-02	2.020000000000000129e-01
1.578926467125000000e+09	1.600000000000000033e-02	2.020000000000000129e-01
1.578926467234375000e+09	1.499999999999999944e-02	2.010000000000000120e-01
1.578926467562500000e+09	1.499999999999999944e-02	2.020000000000000129e-01
1.578926467781250000e+09	1.299999999999999940e-02	2.020000000000000129e-01
1.578926467921875000e+09	1.099999999999999936e-02	2.010000000000000120e-01
1.578926468031250000e+09	1.200000000000000025e-02	2.020000000000000129e-01
1.578926468140625000e+09	1.000000000000000021e-02	2.020000000000000129e-01
1.578926468250000000e+09	8.999999999999999320e-03	2.020000000000000129e-01
1.578926468500000000e+09	1.099999999999999936e-02	2.010000000000000120e-01
1.578926468750000000e+09	8.999999999999999320e-03	2.020000000000000129e-01
1.578926468921875000e+09	8.000000000000000167e-03	2.020000000000000129e-01
1.578926469031250000e+09	7.000000000000000146e-03	2.010000000000000120e-01
1.578926469140625000e+09	7.000000000000000146e-03	2.010000000000000120e-01
1.578926469250000000e+09	7.000000000000000146e-03	2.010000000000000120e-01
1.578926469359375000e+09	7.000000000000000146e-03	2.020000000000000129e-01
1.578926469687500000e+09	5.000000000000000104e-03	2.020000000000000129e-01
1.578926469906250000e+09	4.000000000000000083e-03	2.010000000000000120e-01
1.578926470046875000e+09	2.000000000000000042e-03	2.020000000000000129e-01
1.578926470156250000e+09	2.000000000000000042e-03	2.010000000000000120e-01
1.578926470265625000e+09	1.000000000000000021e-03	2.020000000000000129e-01
1.578926470375000000e+09	1.000000000000000021e-03	2.020000000000000129e-01
1.578926470468750000e+09	0.000000000000000000e+00	2.010000000000000120e-01
1.578926470578125000e+09	-0.000000000000000000e+00	2.010000000000000120e-01
1.578926470875000000e+09	-0.000000000000000000e+00	2.010000000000000120e-01
1.578926471062500000e+09	-0.000000000000000000e+00	2.010000000000000120e-01
1.578926471171875000e+09	-0.000000000000000000e+00	2.020000000000000129e-01
1.578926471281250000e+09	-0.000000000000000000e+00	2.010000000000000120e-01
1.578926471390625000e+09	-0.000000000000000000e+00	2.020000000000000129e-01
1.578926471500000000e+09	-0.000000000000000000e+00	2.020000000000000129e-01
1.578926471671875000e+09	-0.000000000000000000e+00	2.020000000000000129e-01
1.578926471953125000e+09	-0.000000000000000000e+00	2.020000000000000129e-01
1.578926472265625000e+09	-0.000000000000000000e+00	1.390000000000000124e-01
1.578926472375000000e+09	-0.000000000000000000e+00	1.019999999999999934e-01
1.578926472484375000e+09	-0.000000000000000000e+00	7.599999999999999811e-02
1.578926472593750000e+09	-0.000000000000000000e+00	5.899999999999999689e-02
1.578926472796875000e+09	-0.000000000000000000e+00	4.700000000000000011e-02
1.578926473125000000e+09	-0.000000000000000000e+00	3.300000000000000155e-02
1.578926473281250000e+09	-0.000000000000000000e+00	2.400000000000000050e-02
1.578926473390625000e+09	-0.000000000000000000e+00	2.100000000000000130e-02
1.578926473484375000e+09	-0.000000000000000000e+00	2.000000000000000042e-02
1.578926473593750000e+09	-0.000000000000000000e+00	1.799999999999999864e-02
1.578926473703125000e+09	-0.000000000000000000e+00	1.799999999999999864e-02
1.578926473921875000e+09	-0.000000000000000000e+00	1.700000000000000122e-02
1.578926474203125000e+09	-0.000000000000000000e+00	1.600000000000000033e-02
1.578926474343750000e+09	-0.000000000000000000e+00	1.400000000000000029e-02
1.578926474453125000e+09	-0.000000000000000000e+00	1.299999999999999940e-02
1.578926474546875000e+09	-0.000000000000000000e+00	1.299999999999999940e-02
1.578926474656250000e+09	-0.000000000000000000e+00	1.200000000000000025e-02
1.578926474765625000e+09	-0.000000000000000000e+00	1.200000000000000025e-02
1.578926474890625000e+09	-0.000000000000000000e+00	1.200000000000000025e-02
1.578926475234375000e+09	-0.000000000000000000e+00	1.099999999999999936e-02
1.578926475406250000e+09	-0.000000000000000000e+00	1.000000000000000021e-02
1.578926475515625000e+09	-0.000000000000000000e+00	1.000000000000000021e-02
1.578926475625000000e+09	-0.000000000000000000e+00	1.000000000000000021e-02
1.578926475718750000e+09	-0.000000000000000000e+00	1.000000000000000021e-02
1.578926475828125000e+09	-0.000000000000000000e+00	1.000000000000000021e-02
1.578926476000000000e+09	-0.000000000000000000e+00	8.999999999999999320e-03
1.578926476187500000e+09	-0.000000000000000000e+00	8.999999999999999320e-03
1.578926476343750000e+09	-0.000000000000000000e+00	8.000000000000000167e-03
1.578926476500000000e+09	-0.000000000000000000e+00	8.999999999999999320e-03
1.578926476609375000e+09	-0.000000000000000000e+00	8.999999999999999320e-03
1.578926476718750000e+09	-0.000000000000000000e+00	8.000000000000000167e-03
1.578926476828125000e+09	-0.000000000000000000e+00	8.000000000000000167e-03
1.578926476921875000e+09	-0.000000000000000000e+00	8.000000000000000167e-03
1.578926477140625000e+09	-0.000000000000000000e+00	8.000000000000000167e-03
1.578926477484375000e+09	-0.000000000000000000e+00	8.000000000000000167e-03
1.578926477609375000e+09	-0.000000000000000000e+00	7.000000000000000146e-03
1.578926477718750000e+09	-0.000000000000000000e+00	7.000000000000000146e-03
1.578926477828125000e+09	-0.000000000000000000e+00	7.000000000000000146e-03
1.578926477937500000e+09	-0.000000000000000000e+00	7.000000000000000146e-03
1.578926478031250000e+09	-0.000000000000000000e+00	6.000000000000000125e-03
1.578926478406250000e+09	-0.000000000000000000e+00	7.000000000000000146e-03
1.578926478609375000e+09	-0.000000000000000000e+00	6.000000000000000125e-03
1.578926478718750000e+09	-0.000000000000000000e+00	7.000000000000000146e-03
1.578926478812500000e+09	-0.000000000000000000e+00	6.000000000000000125e-03
1.578926478921875000e+09	-0.000000000000000000e+00	6.000000000000000125e-03
1.578926479031250000e+09	-0.000000000000000000e+00	6.000000000000000125e-03
1.578926479156250000e+09	-0.000000000000000000e+00	6.000000000000000125e-03
1.578926479500000000e+09	-0.000000000000000000e+00	6.000000000000000125e-03
1.578926479687500000e+09	-0.000000000000000000e+00	6.000000000000000125e-03
1.578926479796875000e+09	-0.000000000000000000e+00	6.000000000000000125e-03
1.578926479906250000e+09	-0.000000000000000000e+00	6.000000000000000125e-03
1.578926480000000000e+09	-0.000000000000000000e+00	6.000000000000000125e-03
1.578926480109375000e+09	-0.000000000000000000e+00	6.000000000000000125e-03
1.578926480312500000e+09	-0.000000000000000000e+00	6.000000000000000125e-03
1.578926480562500000e+09	-0.000000000000000000e+00	6.000000000000000125e-03
1.578926480781250000e+09	-0.000000000000000000e+00	6.000000000000000125e-03
1.578926480890625000e+09	-0.000000000000000000e+00	5.000000000000000104e-03
1.578926481000000000e+09	-0.000000000000000000e+00	6.000000000000000125e-03
1.578926481109375000e+09	-0.000000000000000000e+00	6.000000000000000125e-03
1.578926481203125000e+09	-0.000000000000000000e+00	6.000000000000000125e-03
1.578926481312500000e+09	-0.000000000000000000e+00	6.000000000000000125e-03
1.578926481718750000e+09	-0.000000000000000000e+00	5.000000000000000104e-03
1.578926481906250000e+09	-0.000000000000000000e+00	6.000000000000000125e-03
1.578926482015625000e+09	-0.000000000000000000e+00	6.000000000000000125e-03
1.578926482125000000e+09	-0.000000000000000000e+00	5.000000000000000104e-03
1.578926482218750000e+09	-0.000000000000000000e+00	5.000000000000000104e-03
1.578926482328125000e+09	-0.000000000000000000e+00	6.000000000000000125e-03
1.578926482546875000e+09	-0.000000000000000000e+00	5.000000000000000104e-03
1.578926482781250000e+09	-0.000000000000000000e+00	5.000000000000000104e-03
1.578926482968750000e+09	-0.000000000000000000e+00	5.000000000000000104e-03
1.578926483078125000e+09	-0.000000000000000000e+00	5.000000000000000104e-03
1.578926483187500000e+09	-0.000000000000000000e+00	5.000000000000000104e-03
1.578926483281250000e+09	-0.000000000000000000e+00	6.000000000000000125e-03
1.578926483390625000e+09	-0.000000000000000000e+00	5.000000000000000104e-03
1.578926483593750000e+09	-0.000000000000000000e+00	5.000000000000000104e-03
1.578926483859375000e+09	-0.000000000000000000e+00	5.000000000000000104e-03
1.578926484031250000e+09	-0.000000000000000000e+00	5.000000000000000104e-03
1.578926484140625000e+09	-0.000000000000000000e+00	5.000000000000000104e-03
1.578926484250000000e+09	-0.000000000000000000e+00	5.000000000000000104e-03
1.578926484359375000e+09	-0.000000000000000000e+00	5.000000000000000104e-03
1.578926484453125000e+09	-0.000000000000000000e+00	5.000000000000000104e-03
1.578926484671875000e+09	-0.000000000000000000e+00	5.000000000000000104e-03
1.578926484921875000e+09	-0.000000000000000000e+00	5.000000000000000104e-03
1.578926485109375000e+09	-0.000000000000000000e+00	5.000000000000000104e-03
1.578926485203125000e+09	-0.000000000000000000e+00	5.000000000000000104e-03
1.578926485312500000e+09	-0.000000000000000000e+00	5.000000000000000104e-03
1.578926485421875000e+09	-0.000000000000000000e+00	5.000000000000000104e-03
1.578926485531250000e+09	-0.000000000000000000e+00	5.000000000000000104e-03
1.578926485734375000e+09	-0.000000000000000000e+00	5.000000000000000104e-03
1.578926486015625000e+09	-0.000000000000000000e+00	5.000000000000000104e-03
1.578926486156250000e+09	-0.000000000000000000e+00	5.000000000000000104e-03
1.578926486265625000e+09	-0.000000000000000000e+00	5.000000000000000104e-03
1.578926486375000000e+09	-0.000000000000000000e+00	5.000000000000000104e-03
1.578926486484375000e+09	-0.000000000000000000e+00	5.000000000000000104e-03
1.578926486593750000e+09	-0.000000000000000000e+00	5.000000000000000104e-03
1.578926486812500000e+09	-0.000000000000000000e+00	5.000000000000000104e-03
1.578926487093750000e+09	-0.000000000000000000e+00	5.000000000000000104e-03
1.578926487234375000e+09	-0.000000000000000000e+00	5.000000000000000104e-03
1.578926487343750000e+09	-0.000000000000000000e+00	5.000000000000000104e-03
1.578926487453125000e+09	-0.000000000000000000e+00	5.000000000000000104e-03
1.578926487562500000e+09	-0.000000000000000000e+00	5.000000000000000104e-03
1.578926487656250000e+09	-0.000000000000000000e+00	5.000000000000000104e-03
1.578926487859375000e+09	-0.000000000000000000e+00	5.000000000000000104e-03
1.578926488109375000e+09	-0.000000000000000000e+00	5.000000000000000104e-03
1.578926488312500000e+09	-0.000000000000000000e+00	5.000000000000000104e-03
1.578926488437500000e+09	-0.000000000000000000e+00	5.000000000000000104e-03
1.578926488546875000e+09	-0.000000000000000000e+00	5.000000000000000104e-03
1.578926488656250000e+09	-0.000000000000000000e+00	5.000000000000000104e-03
1.578926488765625000e+09	-0.000000000000000000e+00	5.000000000000000104e-03
1.578926488875000000e+09	-0.000000000000000000e+00	5.000000000000000104e-03
1.578926489156250000e+09	-0.000000000000000000e+00	5.000000000000000104e-03
1.578926489359375000e+09	-0.000000000000000000e+00	5.000000000000000104e-03
1.578926489515625000e+09	-0.000000000000000000e+00	5.000000000000000104e-03
1.578926489609375000e+09	-0.000000000000000000e+00	5.000000000000000104e-03
1.578926489718750000e+09	-0.000000000000000000e+00	5.000000000000000104e-03
1.578926489828125000e+09	-0.000000000000000000e+00	5.000000000000000104e-03
1.578926489937500000e+09	-0.000000000000000000e+00	5.000000000000000104e-03
1.578926490218750000e+09	-0.000000000000000000e+00	5.000000000000000104e-03
1.578926490453125000e+09	-0.000000000000000000e+00	5.000000000000000104e-03
1.578926490578125000e+09	-0.000000000000000000e+00	5.000000000000000104e-03
1.578926490687500000e+09	-0.000000000000000000e+00	5.000000000000000104e-03
1.578926490796875000e+09	-0.000000000000000000e+00	5.000000000000000104e-03
1.578926490890625000e+09	-0.000000000000000000e+00	5.000000000000000104e-03
1.578926491000000000e+09	-0.000000000000000000e+00	5.000000000000000104e-03
1.578926491343750000e+09	-0.000000000000000000e+00	5.000000000000000104e-03
1.578926491515625000e+09	-0.000000000000000000e+00	5.000000000000000104e-03
1.578926491656250000e+09	-0.000000000000000000e+00	5.000000000000000104e-03
1.578926491765625000e+09	-0.000000000000000000e+00	5.000000000000000104e-03
1.578926491875000000e+09	-0.000000000000000000e+00	5.000000000000000104e-03
1.578926491968750000e+09	-0.000000000000000000e+00	5.000000000000000104e-03
1.578926492078125000e+09	-0.000000000000000000e+00	5.000000000000000104e-03
1.578926492375000000e+09	-0.000000000000000000e+00	5.000000000000000104e-03
1.578926492593750000e+09	-0.000000000000000000e+00	5.000000000000000104e-03
