# UNIX time, Current (A), PS Voltage (V), REF Voltage (V)
# SAMPLE_SURFACE = 10.42
# SAMPLE_NAME = SS_rough_surface
# COATING_STEP = 1
1.581684525906250000e+09	-0.000000000000000000e+00	1.600000000000000033e-02
1.581684526000000000e+09	-0.000000000000000000e+00	1.600000000000000033e-02
1.581684526109375000e+09	-0.000000000000000000e+00	1.600000000000000033e-02
1.581684526218750000e+09	-0.000000000000000000e+00	1.600000000000000033e-02
1.581684526328125000e+09	-0.000000000000000000e+00	1.600000000000000033e-02
1.581684526609375000e+09	-0.000000000000000000e+00	1.600000000000000033e-02
1.581684526859375000e+09	-0.000000000000000000e+00	1.600000000000000033e-02
1.581684526968750000e+09	-0.000000000000000000e+00	1.600000000000000033e-02
1.581684527078125000e+09	-0.000000000000000000e+00	1.600000000000000033e-02
1.581684527187500000e+09	-0.000000000000000000e+00	1.600000000000000033e-02
1.581684527281250000e+09	-0.000000000000000000e+00	1.600000000000000033e-02
1.581684527406250000e+09	-0.000000000000000000e+00	1.600000000000000033e-02
1.581684527937500000e+09	-0.000000000000000000e+00	1.600000000000000033e-02
1.581684528062500000e+09	-0.000000000000000000e+00	1.700000000000000122e-02
1.581684528171875000e+09	-0.000000000000000000e+00	1.600000000000000033e-02
1.581684528265625000e+09	-0.000000000000000000e+00	1.600000000000000033e-02
1.581684528375000000e+09	-0.000000000000000000e+00	1.600000000000000033e-02
1.581684528593750000e+09	-0.000000000000000000e+00	1.600000000000000033e-02
1.581684528890625000e+09	-0.000000000000000000e+00	1.600000000000000033e-02
1.581684529203125000e+09	8.999999999999999320e-03	4.020000000000000240e-01
1.581684529328125000e+09	4.000000000000000083e-03	4.010000000000000231e-01
1.581684529421875000e+09	0.000000000000000000e+00	4.010000000000000231e-01
1.581684529640625000e+09	-0.000000000000000000e+00	4.010000000000000231e-01
1.581684529890625000e+09	-0.000000000000000000e+00	4.010000000000000231e-01
1.581684530140625000e+09	-0.000000000000000000e+00	4.010000000000000231e-01
1.581684530234375000e+09	-0.000000000000000000e+00	4.010000000000000231e-01
1.581684530343750000e+09	-0.000000000000000000e+00	4.010000000000000231e-01
1.581684530453125000e+09	-0.000000000000000000e+00	4.020000000000000240e-01
1.581684530562500000e+09	-0.000000000000000000e+00	4.010000000000000231e-01
1.581684530765625000e+09	-0.000000000000000000e+00	4.020000000000000240e-01
1.581684531062500000e+09	-0.000000000000000000e+00	4.010000000000000231e-01
1.581684531312500000e+09	-0.000000000000000000e+00	4.010000000000000231e-01
1.581684531421875000e+09	-0.000000000000000000e+00	4.020000000000000240e-01
1.581684531515625000e+09	-0.000000000000000000e+00	4.020000000000000240e-01
1.581684531625000000e+09	-0.000000000000000000e+00	4.020000000000000240e-01
1.581684531734375000e+09	-0.000000000000000000e+00	4.020000000000000240e-01
1.581684532093750000e+09	-0.000000000000000000e+00	4.020000000000000240e-01
1.581684532250000000e+09	-0.000000000000000000e+00	4.020000000000000240e-01
1.581684532406250000e+09	-0.000000000000000000e+00	4.020000000000000240e-01
1.581684532515625000e+09	-0.000000000000000000e+00	4.020000000000000240e-01
1.581684532625000000e+09	-0.000000000000000000e+00	4.010000000000000231e-01
1.581684532734375000e+09	-0.000000000000000000e+00	4.020000000000000240e-01
1.581684532828125000e+09	-0.000000000000000000e+00	4.020000000000000240e-01
1.581684533312500000e+09	-0.000000000000000000e+00	4.020000000000000240e-01
1.581684533531250000e+09	-0.000000000000000000e+00	4.010000000000000231e-01
1.581684533625000000e+09	-0.000000000000000000e+00	4.010000000000000231e-01
1.581684533734375000e+09	-0.000000000000000000e+00	4.010000000000000231e-01
1.581684533843750000e+09	-0.000000000000000000e+00	4.010000000000000231e-01
1.581684533953125000e+09	-0.000000000000000000e+00	4.010000000000000231e-01
1.581684534140625000e+09	-0.000000000000000000e+00	4.010000000000000231e-01
1.581684534671875000e+09	-0.000000000000000000e+00	4.010000000000000231e-01
1.581684534781250000e+09	-0.000000000000000000e+00	4.010000000000000231e-01
1.581684534875000000e+09	-0.000000000000000000e+00	4.020000000000000240e-01
1.581684534984375000e+09	-0.000000000000000000e+00	4.020000000000000240e-01
1.581684535093750000e+09	-0.000000000000000000e+00	4.010000000000000231e-01
1.581684535718750000e+09	-0.000000000000000000e+00	4.010000000000000231e-01
1.581684535828125000e+09	-0.000000000000000000e+00	4.010000000000000231e-01
1.581684535937500000e+09	-0.000000000000000000e+00	4.020000000000000240e-01
1.581684536046875000e+09	-0.000000000000000000e+00	4.010000000000000231e-01
1.581684536156250000e+09	-0.000000000000000000e+00	4.010000000000000231e-01
1.581684536328125000e+09	-0.000000000000000000e+00	4.020000000000000240e-01
1.581684536875000000e+09	-0.000000000000000000e+00	4.010000000000000231e-01
1.581684536984375000e+09	-0.000000000000000000e+00	4.010000000000000231e-01
1.581684537078125000e+09	-0.000000000000000000e+00	4.020000000000000240e-01
1.581684537187500000e+09	-0.000000000000000000e+00	4.020000000000000240e-01
1.581684537296875000e+09	-0.000000000000000000e+00	4.020000000000000240e-01
1.581684537968750000e+09	-0.000000000000000000e+00	4.020000000000000240e-01
1.581684538062500000e+09	-0.000000000000000000e+00	4.020000000000000240e-01
1.581684538171875000e+09	-0.000000000000000000e+00	4.010000000000000231e-01
1.581684538281250000e+09	-0.000000000000000000e+00	4.010000000000000231e-01
1.581684538390625000e+09	-0.000000000000000000e+00	4.010000000000000231e-01
1.581684538609375000e+09	-0.000000000000000000e+00	4.020000000000000240e-01
1.581684539031250000e+09	-0.000000000000000000e+00	4.010000000000000231e-01
1.581684539125000000e+09	-0.000000000000000000e+00	4.010000000000000231e-01
1.581684539234375000e+09	-0.000000000000000000e+00	4.020000000000000240e-01
1.581684539343750000e+09	-0.000000000000000000e+00	4.020000000000000240e-01
1.581684539453125000e+09	-0.000000000000000000e+00	4.010000000000000231e-01
1.581684539656250000e+09	-0.000000000000000000e+00	4.020000000000000240e-01
1.581684540187500000e+09	-0.000000000000000000e+00	4.010000000000000231e-01
1.581684540281250000e+09	-0.000000000000000000e+00	4.010000000000000231e-01
1.581684540390625000e+09	-0.000000000000000000e+00	4.020000000000000240e-01
1.581684540500000000e+09	-0.000000000000000000e+00	4.010000000000000231e-01
1.581684540609375000e+09	-0.000000000000000000e+00	4.010000000000000231e-01
1.581684540859375000e+09	-0.000000000000000000e+00	4.010000000000000231e-01
1.581684541312500000e+09	-0.000000000000000000e+00	4.010000000000000231e-01
1.581684541421875000e+09	-0.000000000000000000e+00	4.020000000000000240e-01
1.581684541531250000e+09	-0.000000000000000000e+00	4.020000000000000240e-01
1.581684541625000000e+09	-0.000000000000000000e+00	4.020000000000000240e-01
1.581684541734375000e+09	-0.000000000000000000e+00	4.020000000000000240e-01
1.581684542250000000e+09	-0.000000000000000000e+00	4.020000000000000240e-01
1.581684542421875000e+09	-0.000000000000000000e+00	4.020000000000000240e-01
1.581684542515625000e+09	-0.000000000000000000e+00	4.020000000000000240e-01
1.581684542625000000e+09	-0.000000000000000000e+00	4.020000000000000240e-01
1.581684542734375000e+09	-0.000000000000000000e+00	4.010000000000000231e-01
1.581684542843750000e+09	-0.000000000000000000e+00	4.020000000000000240e-01
1.581684542968750000e+09	-0.000000000000000000e+00	4.010000000000000231e-01
1.581684543546875000e+09	-0.000000000000000000e+00	4.010000000000000231e-01
1.581684543656250000e+09	-0.000000000000000000e+00	4.020000000000000240e-01
1.581684543765625000e+09	-0.000000000000000000e+00	4.010000000000000231e-01
1.581684543875000000e+09	-0.000000000000000000e+00	4.010000000000000231e-01
1.581684543968750000e+09	-0.000000000000000000e+00	4.020000000000000240e-01
1.581684544359375000e+09	-0.000000000000000000e+00	4.010000000000000231e-01
1.581684544656250000e+09	-0.000000000000000000e+00	4.010000000000000231e-01
1.581684544765625000e+09	-0.000000000000000000e+00	4.020000000000000240e-01
1.581684544875000000e+09	-0.000000000000000000e+00	4.010000000000000231e-01
1.581684544984375000e+09	-0.000000000000000000e+00	4.010000000000000231e-01
1.581684545078125000e+09	-0.000000000000000000e+00	4.020000000000000240e-01
1.581684545437500000e+09	-0.000000000000000000e+00	4.010000000000000231e-01
1.581684545703125000e+09	-0.000000000000000000e+00	4.020000000000000240e-01
1.581684545812500000e+09	-0.000000000000000000e+00	4.010000000000000231e-01
1.581684545921875000e+09	-0.000000000000000000e+00	4.020000000000000240e-01
1.581684546031250000e+09	-0.000000000000000000e+00	4.010000000000000231e-01
1.581684546125000000e+09	-0.000000000000000000e+00	4.020000000000000240e-01
1.581684546328125000e+09	-0.000000000000000000e+00	4.020000000000000240e-01
1.581684546593750000e+09	-0.000000000000000000e+00	4.010000000000000231e-01
1.581684546843750000e+09	-0.000000000000000000e+00	4.010000000000000231e-01
1.581684546953125000e+09	-0.000000000000000000e+00	4.010000000000000231e-01
1.581684547062500000e+09	-0.000000000000000000e+00	4.020000000000000240e-01
1.581684547156250000e+09	-0.000000000000000000e+00	4.020000000000000240e-01
1.581684547265625000e+09	-0.000000000000000000e+00	4.010000000000000231e-01
1.581684547921875000e+09	-0.000000000000000000e+00	4.010000000000000231e-01
1.581684548031250000e+09	-0.000000000000000000e+00	4.020000000000000240e-01
1.581684548125000000e+09	-0.000000000000000000e+00	4.010000000000000231e-01
1.581684548234375000e+09	-0.000000000000000000e+00	4.020000000000000240e-01
1.581684548343750000e+09	-0.000000000000000000e+00	4.020000000000000240e-01
1.581684549000000000e+09	-0.000000000000000000e+00	4.010000000000000231e-01
1.581684549093750000e+09	-0.000000000000000000e+00	4.020000000000000240e-01
1.581684549203125000e+09	-0.000000000000000000e+00	4.020000000000000240e-01
1.581684549312500000e+09	-0.000000000000000000e+00	4.010000000000000231e-01
1.581684549421875000e+09	-0.000000000000000000e+00	4.010000000000000231e-01
1.581684549515625000e+09	-0.000000000000000000e+00	4.010000000000000231e-01
1.581684549859375000e+09	-0.000000000000000000e+00	4.010000000000000231e-01
1.581684550109375000e+09	-0.000000000000000000e+00	4.010000000000000231e-01
1.581684550218750000e+09	-0.000000000000000000e+00	4.020000000000000240e-01
1.581684550328125000e+09	-0.000000000000000000e+00	4.020000000000000240e-01
1.581684550437500000e+09	-0.000000000000000000e+00	4.010000000000000231e-01
1.581684550531250000e+09	-0.000000000000000000e+00	4.010000000000000231e-01
1.581684551125000000e+09	-0.000000000000000000e+00	4.020000000000000240e-01
1.581684551234375000e+09	-0.000000000000000000e+00	4.010000000000000231e-01
1.581684551343750000e+09	-0.000000000000000000e+00	4.010000000000000231e-01
1.581684551453125000e+09	-0.000000000000000000e+00	4.010000000000000231e-01
1.581684551562500000e+09	-0.000000000000000000e+00	4.020000000000000240e-01
1.581684551671875000e+09	-0.000000000000000000e+00	4.020000000000000240e-01
1.581684552281250000e+09	-0.000000000000000000e+00	4.010000000000000231e-01
1.581684552390625000e+09	-0.000000000000000000e+00	4.020000000000000240e-01
1.581684552484375000e+09	-0.000000000000000000e+00	4.010000000000000231e-01
1.581684552593750000e+09	-0.000000000000000000e+00	4.020000000000000240e-01
1.581684552703125000e+09	-0.000000000000000000e+00	4.010000000000000231e-01
1.581684553359375000e+09	-0.000000000000000000e+00	4.010000000000000231e-01
1.581684553468750000e+09	-0.000000000000000000e+00	4.020000000000000240e-01
1.581684553578125000e+09	-0.000000000000000000e+00	4.020000000000000240e-01
1.581684553687500000e+09	-0.000000000000000000e+00	4.010000000000000231e-01
1.581684553796875000e+09	-0.000000000000000000e+00	4.010000000000000231e-01
1.581684553906250000e+09	-0.000000000000000000e+00	4.010000000000000231e-01
1.581684554359375000e+09	-0.000000000000000000e+00	4.010000000000000231e-01
1.581684554515625000e+09	-0.000000000000000000e+00	4.020000000000000240e-01
1.581684554625000000e+09	-0.000000000000000000e+00	4.020000000000000240e-01
1.581684554718750000e+09	-0.000000000000000000e+00	4.010000000000000231e-01
1.581684554828125000e+09	-0.000000000000000000e+00	4.020000000000000240e-01
1.581684554937500000e+09	-0.000000000000000000e+00	4.020000000000000240e-01
1.581684555125000000e+09	-0.000000000000000000e+00	4.020000000000000240e-01
1.581684555546875000e+09	-0.000000000000000000e+00	4.020000000000000240e-01
1.581684555687500000e+09	-0.000000000000000000e+00	4.020000000000000240e-01
1.581684555796875000e+09	-0.000000000000000000e+00	4.020000000000000240e-01
1.581684555906250000e+09	-0.000000000000000000e+00	4.010000000000000231e-01
1.581684556015625000e+09	-0.000000000000000000e+00	4.020000000000000240e-01
1.581684556125000000e+09	-0.000000000000000000e+00	4.020000000000000240e-01
1.581684556218750000e+09	-0.000000000000000000e+00	4.020000000000000240e-01
1.581684556656250000e+09	-0.000000000000000000e+00	4.010000000000000231e-01
1.581684556796875000e+09	-0.000000000000000000e+00	4.010000000000000231e-01
1.581684556906250000e+09	-0.000000000000000000e+00	4.010000000000000231e-01
1.581684557000000000e+09	-0.000000000000000000e+00	4.010000000000000231e-01
1.581684557109375000e+09	-0.000000000000000000e+00	4.020000000000000240e-01
1.581684557218750000e+09	-0.000000000000000000e+00	4.010000000000000231e-01
1.581684557562500000e+09	-0.000000000000000000e+00	4.010000000000000231e-01
1.581684557734375000e+09	-0.000000000000000000e+00	4.010000000000000231e-01
1.581684557890625000e+09	-0.000000000000000000e+00	4.010000000000000231e-01
1.581684558000000000e+09	-0.000000000000000000e+00	4.010000000000000231e-01
1.581684558109375000e+09	-0.000000000000000000e+00	4.020000000000000240e-01
1.581684558218750000e+09	-0.000000000000000000e+00	4.020000000000000240e-01
1.581684558328125000e+09	-0.000000000000000000e+00	4.010000000000000231e-01
1.581684558843750000e+09	-0.000000000000000000e+00	4.010000000000000231e-01
1.581684559015625000e+09	-0.000000000000000000e+00	4.020000000000000240e-01
1.581684559125000000e+09	-0.000000000000000000e+00	4.010000000000000231e-01
1.581684559218750000e+09	-0.000000000000000000e+00	4.010000000000000231e-01
1.581684559328125000e+09	-0.000000000000000000e+00	4.010000000000000231e-01
1.581684559437500000e+09	-0.000000000000000000e+00	4.010000000000000231e-01
1.581684559703125000e+09	-0.000000000000000000e+00	4.020000000000000240e-01
1.581684559890625000e+09	-0.000000000000000000e+00	4.010000000000000231e-01
1.581684560078125000e+09	-0.000000000000000000e+00	4.010000000000000231e-01
1.581684560171875000e+09	-0.000000000000000000e+00	4.020000000000000240e-01
1.581684560281250000e+09	-0.000000000000000000e+00	4.010000000000000231e-01
1.581684560390625000e+09	-0.000000000000000000e+00	4.010000000000000231e-01
1.581684560500000000e+09	-0.000000000000000000e+00	4.010000000000000231e-01
1.581684560750000000e+09	-0.000000000000000000e+00	4.010000000000000231e-01
1.581684561062500000e+09	-0.000000000000000000e+00	4.010000000000000231e-01
1.581684561234375000e+09	-0.000000000000000000e+00	4.010000000000000231e-01
1.581684561343750000e+09	-0.000000000000000000e+00	4.020000000000000240e-01
1.581684561437500000e+09	-0.000000000000000000e+00	4.010000000000000231e-01
1.581684561546875000e+09	-0.000000000000000000e+00	4.020000000000000240e-01
1.581684561656250000e+09	-0.000000000000000000e+00	4.020000000000000240e-01
1.581684562125000000e+09	-0.000000000000000000e+00	4.010000000000000231e-01
1.581684562281250000e+09	-0.000000000000000000e+00	4.020000000000000240e-01
1.581684562437500000e+09	-0.000000000000000000e+00	4.010000000000000231e-01
1.581684562546875000e+09	-0.000000000000000000e+00	4.010000000000000231e-01
1.581684562640625000e+09	-0.000000000000000000e+00	4.010000000000000231e-01
1.581684562750000000e+09	-0.000000000000000000e+00	4.010000000000000231e-01
1.581684562859375000e+09	-0.000000000000000000e+00	4.010000000000000231e-01
1.581684563265625000e+09	-0.000000000000000000e+00	4.020000000000000240e-01
1.581684563406250000e+09	-0.000000000000000000e+00	4.010000000000000231e-01
1.581684563546875000e+09	-0.000000000000000000e+00	4.010000000000000231e-01
1.581684563656250000e+09	-0.000000000000000000e+00	4.020000000000000240e-01
1.581684563765625000e+09	-0.000000000000000000e+00	4.010000000000000231e-01
1.581684563859375000e+09	-0.000000000000000000e+00	4.020000000000000240e-01
1.581684563968750000e+09	-0.000000000000000000e+00	4.020000000000000240e-01
1.581684564375000000e+09	-0.000000000000000000e+00	4.020000000000000240e-01
1.581684564593750000e+09	-0.000000000000000000e+00	4.020000000000000240e-01
1.581684564703125000e+09	-0.000000000000000000e+00	4.020000000000000240e-01
1.581684564812500000e+09	-0.000000000000000000e+00	4.020000000000000240e-01
1.581684564921875000e+09	-0.000000000000000000e+00	4.010000000000000231e-01
1.581684565015625000e+09	-0.000000000000000000e+00	4.010000000000000231e-01
1.581684565265625000e+09	-0.000000000000000000e+00	4.020000000000000240e-01
1.581684565562500000e+09	-0.000000000000000000e+00	4.020000000000000240e-01
1.581684565750000000e+09	-0.000000000000000000e+00	4.020000000000000240e-01
1.581684565859375000e+09	-0.000000000000000000e+00	4.020000000000000240e-01
1.581684565968750000e+09	-0.000000000000000000e+00	4.020000000000000240e-01
1.581684566062500000e+09	-0.000000000000000000e+00	4.020000000000000240e-01
1.581684566171875000e+09	-0.000000000000000000e+00	4.020000000000000240e-01
1.581684566359375000e+09	-0.000000000000000000e+00	4.020000000000000240e-01
1.581684566687500000e+09	-0.000000000000000000e+00	4.020000000000000240e-01
1.581684566968750000e+09	-0.000000000000000000e+00	4.020000000000000240e-01
1.581684567187500000e+09	3.799999999999999906e-02	8.010000000000000453e-01
1.581684567296875000e+09	2.699999999999999969e-02	8.020000000000000462e-01
1.581684567406250000e+09	2.000000000000000042e-02	8.020000000000000462e-01
1.581684567781250000e+09	1.099999999999999936e-02	8.020000000000000462e-01
1.581684568031250000e+09	7.000000000000000146e-03	8.020000000000000462e-01
1.581684568140625000e+09	5.000000000000000104e-03	8.020000000000000462e-01
1.581684568250000000e+09	3.000000000000000062e-03	8.020000000000000462e-01
1.581684568359375000e+09	1.000000000000000021e-03	8.020000000000000462e-01
1.581684568468750000e+09	1.000000000000000021e-03	8.020000000000000462e-01
1.581684568718750000e+09	1.000000000000000021e-03	8.020000000000000462e-01
1.581684569093750000e+09	-0.000000000000000000e+00	8.010000000000000453e-01
1.581684569312500000e+09	-0.000000000000000000e+00	8.020000000000000462e-01
1.581684569421875000e+09	-0.000000000000000000e+00	8.010000000000000453e-01
1.581684569515625000e+09	-0.000000000000000000e+00	8.020000000000000462e-01
1.581684569625000000e+09	-0.000000000000000000e+00	8.020000000000000462e-01
1.581684569734375000e+09	-0.000000000000000000e+00	8.010000000000000453e-01
1.581684570046875000e+09	-0.000000000000000000e+00	8.020000000000000462e-01
1.581684570421875000e+09	-0.000000000000000000e+00	8.020000000000000462e-01
1.581684570531250000e+09	-0.000000000000000000e+00	8.010000000000000453e-01
1.581684570640625000e+09	-0.000000000000000000e+00	8.020000000000000462e-01
1.581684570750000000e+09	-0.000000000000000000e+00	8.020000000000000462e-01
1.581684570843750000e+09	-0.000000000000000000e+00	8.020000000000000462e-01
1.581684571453125000e+09	-0.000000000000000000e+00	8.020000000000000462e-01
1.581684571578125000e+09	-0.000000000000000000e+00	8.020000000000000462e-01
1.581684571687500000e+09	-0.000000000000000000e+00	8.020000000000000462e-01
1.581684571796875000e+09	-0.000000000000000000e+00	8.020000000000000462e-01
1.581684571906250000e+09	-0.000000000000000000e+00	8.020000000000000462e-01
1.581684572078125000e+09	-0.000000000000000000e+00	8.020000000000000462e-01
1.581684572593750000e+09	-0.000000000000000000e+00	8.020000000000000462e-01
1.581684572703125000e+09	-0.000000000000000000e+00	8.020000000000000462e-01
1.581684572796875000e+09	-0.000000000000000000e+00	8.020000000000000462e-01
1.581684572906250000e+09	-0.000000000000000000e+00	8.010000000000000453e-01
1.581684573015625000e+09	-0.000000000000000000e+00	8.020000000000000462e-01
1.581684573203125000e+09	-0.000000000000000000e+00	8.020000000000000462e-01
1.581684573671875000e+09	-0.000000000000000000e+00	8.020000000000000462e-01
1.581684573781250000e+09	-0.000000000000000000e+00	8.020000000000000462e-01
1.581684573875000000e+09	-0.000000000000000000e+00	8.020000000000000462e-01
1.581684573984375000e+09	-0.000000000000000000e+00	8.020000000000000462e-01
1.581684574093750000e+09	-0.000000000000000000e+00	8.020000000000000462e-01
1.581684574328125000e+09	-0.000000000000000000e+00	8.020000000000000462e-01
1.581684574765625000e+09	-0.000000000000000000e+00	8.020000000000000462e-01
1.581684574859375000e+09	-0.000000000000000000e+00	8.020000000000000462e-01
1.581684574968750000e+09	-0.000000000000000000e+00	8.020000000000000462e-01
1.581684575078125000e+09	-0.000000000000000000e+00	8.020000000000000462e-01
1.581684575187500000e+09	-0.000000000000000000e+00	8.020000000000000462e-01
1.581684575328125000e+09	-0.000000000000000000e+00	8.010000000000000453e-01
1.581684575843750000e+09	-0.000000000000000000e+00	8.010000000000000453e-01
1.581684575953125000e+09	-0.000000000000000000e+00	8.020000000000000462e-01
1.581684576062500000e+09	-0.000000000000000000e+00	8.020000000000000462e-01
1.581684576171875000e+09	-0.000000000000000000e+00	8.020000000000000462e-01
1.581684576281250000e+09	-0.000000000000000000e+00	8.020000000000000462e-01
1.581684576468750000e+09	-0.000000000000000000e+00	8.020000000000000462e-01
1.581684577015625000e+09	-0.000000000000000000e+00	8.010000000000000453e-01
1.581684577125000000e+09	-0.000000000000000000e+00	8.020000000000000462e-01
1.581684577218750000e+09	-0.000000000000000000e+00	8.020000000000000462e-01
1.581684577328125000e+09	-0.000000000000000000e+00	8.020000000000000462e-01
1.581684577437500000e+09	-0.000000000000000000e+00	8.020000000000000462e-01
1.581684577687500000e+09	-0.000000000000000000e+00	8.010000000000000453e-01
1.581684577953125000e+09	-0.000000000000000000e+00	8.020000000000000462e-01
1.581684578125000000e+09	-0.000000000000000000e+00	8.020000000000000462e-01
1.581684578234375000e+09	-0.000000000000000000e+00	8.020000000000000462e-01
1.581684578328125000e+09	-0.000000000000000000e+00	8.020000000000000462e-01
1.581684578437500000e+09	-0.000000000000000000e+00	8.020000000000000462e-01
1.581684578546875000e+09	-0.000000000000000000e+00	8.010000000000000453e-01
1.581684578812500000e+09	-0.000000000000000000e+00	8.020000000000000462e-01
1.581684579078125000e+09	-0.000000000000000000e+00	8.020000000000000462e-01
1.581684579250000000e+09	-0.000000000000000000e+00	8.020000000000000462e-01
1.581684579359375000e+09	-0.000000000000000000e+00	8.020000000000000462e-01
1.581684579453125000e+09	-0.000000000000000000e+00	8.020000000000000462e-01
1.581684579562500000e+09	-0.000000000000000000e+00	8.020000000000000462e-01
1.581684579671875000e+09	-0.000000000000000000e+00	8.010000000000000453e-01
1.581684580328125000e+09	-0.000000000000000000e+00	8.020000000000000462e-01
1.581684580437500000e+09	-0.000000000000000000e+00	8.020000000000000462e-01
1.581684580531250000e+09	-0.000000000000000000e+00	8.020000000000000462e-01
1.581684580640625000e+09	-0.000000000000000000e+00	8.020000000000000462e-01
1.581684580750000000e+09	-0.000000000000000000e+00	8.020000000000000462e-01
1.581684581343750000e+09	-0.000000000000000000e+00	8.020000000000000462e-01
1.581684581453125000e+09	-0.000000000000000000e+00	8.020000000000000462e-01
1.581684581562500000e+09	-0.000000000000000000e+00	8.020000000000000462e-01
1.581684581656250000e+09	-0.000000000000000000e+00	8.020000000000000462e-01
1.581684581765625000e+09	-0.000000000000000000e+00	8.010000000000000453e-01
1.581684582015625000e+09	-0.000000000000000000e+00	8.020000000000000462e-01
1.581684582218750000e+09	-0.000000000000000000e+00	8.020000000000000462e-01
1.581684582484375000e+09	-0.000000000000000000e+00	8.020000000000000462e-01
1.581684582578125000e+09	-0.000000000000000000e+00	8.020000000000000462e-01
1.581684582687500000e+09	-0.000000000000000000e+00	8.020000000000000462e-01
1.581684582796875000e+09	-0.000000000000000000e+00	8.020000000000000462e-01
1.581684582906250000e+09	-0.000000000000000000e+00	8.020000000000000462e-01
1.581684583421875000e+09	-0.000000000000000000e+00	8.010000000000000453e-01
1.581684583640625000e+09	-0.000000000000000000e+00	8.020000000000000462e-01
1.581684583734375000e+09	-0.000000000000000000e+00	8.020000000000000462e-01
1.581684583843750000e+09	-0.000000000000000000e+00	8.020000000000000462e-01
1.581684583953125000e+09	-0.000000000000000000e+00	8.010000000000000453e-01
1.581684584062500000e+09	-0.000000000000000000e+00	8.020000000000000462e-01
1.581684584671875000e+09	-0.000000000000000000e+00	8.020000000000000462e-01
1.581684584765625000e+09	-0.000000000000000000e+00	8.010000000000000453e-01
1.581684584875000000e+09	-0.000000000000000000e+00	8.020000000000000462e-01
1.581684584984375000e+09	-0.000000000000000000e+00	8.020000000000000462e-01
1.581684585093750000e+09	-0.000000000000000000e+00	8.020000000000000462e-01
1.581684585328125000e+09	-0.000000000000000000e+00	8.010000000000000453e-01
1.581684585593750000e+09	-0.000000000000000000e+00	8.020000000000000462e-01
1.581684585734375000e+09	-0.000000000000000000e+00	8.020000000000000462e-01
1.581684585843750000e+09	-0.000000000000000000e+00	8.020000000000000462e-01
1.581684585953125000e+09	-0.000000000000000000e+00	8.010000000000000453e-01
1.581684586062500000e+09	-0.000000000000000000e+00	8.020000000000000462e-01
1.581684586171875000e+09	-0.000000000000000000e+00	8.020000000000000462e-01
1.581684586656250000e+09	-0.000000000000000000e+00	8.020000000000000462e-01
1.581684586890625000e+09	-0.000000000000000000e+00	8.020000000000000462e-01
1.581684587000000000e+09	-0.000000000000000000e+00	8.020000000000000462e-01
1.581684587093750000e+09	-0.000000000000000000e+00	8.010000000000000453e-01
1.581684587203125000e+09	-0.000000000000000000e+00	8.020000000000000462e-01
1.581684587312500000e+09	-0.000000000000000000e+00	8.020000000000000462e-01
1.581684587718750000e+09	-0.000000000000000000e+00	8.020000000000000462e-01
1.581684587968750000e+09	-0.000000000000000000e+00	8.020000000000000462e-01
1.581684588171875000e+09	9.409999999999999476e-01	1.500999999999999890e+00
1.581684588281250000e+09	9.160000000000000364e-01	1.500999999999999890e+00
1.581684588390625000e+09	8.960000000000000187e-01	1.500999999999999890e+00
1.581684589062500000e+09	8.139999999999999458e-01	1.500999999999999890e+00
1.581684589171875000e+09	8.050000000000000488e-01	1.500999999999999890e+00
1.581684589265625000e+09	7.940000000000000391e-01	1.500999999999999890e+00
1.581684589375000000e+09	7.870000000000000329e-01	1.500999999999999890e+00
1.581684589484375000e+09	7.780000000000000249e-01	1.500999999999999890e+00
1.581684590078125000e+09	7.359999999999999876e-01	1.500999999999999890e+00
1.581684590187500000e+09	7.299999999999999822e-01	1.502000000000000002e+00
1.581684590296875000e+09	7.229999999999999760e-01	1.500999999999999890e+00
1.581684590390625000e+09	7.149999999999999689e-01	1.500999999999999890e+00
1.581684590500000000e+09	7.099999999999999645e-01	1.502000000000000002e+00
1.581684590796875000e+09	7.029999999999999583e-01	1.500999999999999890e+00
1.581684591156250000e+09	6.870000000000000551e-01	1.500999999999999890e+00
1.581684591250000000e+09	6.720000000000000417e-01	1.502000000000000002e+00
1.581684591359375000e+09	6.660000000000000364e-01	1.500999999999999890e+00
1.581684591468750000e+09	6.620000000000000329e-01	1.500999999999999890e+00
1.581684591578125000e+09	6.560000000000000275e-01	1.500999999999999890e+00
1.581684591687500000e+09	6.540000000000000258e-01	1.500999999999999890e+00
1.581684592125000000e+09	6.420000000000000151e-01	1.500999999999999890e+00
1.581684592312500000e+09	6.360000000000000098e-01	1.500999999999999890e+00
1.581684592421875000e+09	6.300000000000000044e-01	1.500999999999999890e+00
1.581684592531250000e+09	6.280000000000000027e-01	1.500999999999999890e+00
1.581684592625000000e+09	6.229999999999999982e-01	1.500999999999999890e+00
1.581684592734375000e+09	6.189999999999999947e-01	1.500999999999999890e+00
1.581684593375000000e+09	6.079999999999999849e-01	1.502000000000000002e+00
1.581684593468750000e+09	5.969999999999999751e-01	1.500999999999999890e+00
1.581684593578125000e+09	5.959999999999999742e-01	1.502000000000000002e+00
1.581684593687500000e+09	5.929999999999999716e-01	1.500999999999999890e+00
1.581684593796875000e+09	5.909999999999999698e-01	1.502000000000000002e+00
1.581684594421875000e+09	5.909999999999999698e-01	1.500999999999999890e+00
1.581684594531250000e+09	5.749999999999999556e-01	1.500999999999999890e+00
1.581684594640625000e+09	5.739999999999999547e-01	1.500999999999999890e+00
1.581684594734375000e+09	5.739999999999999547e-01	1.500999999999999890e+00
1.581684594843750000e+09	5.729999999999999538e-01	1.502000000000000002e+00
1.581684595343750000e+09	5.699999999999999512e-01	1.500999999999999890e+00
1.581684595546875000e+09	5.629999999999999449e-01	1.500999999999999890e+00
1.581684595656250000e+09	5.600000000000000533e-01	1.500999999999999890e+00
1.581684595765625000e+09	5.600000000000000533e-01	1.502000000000000002e+00
1.581684595859375000e+09	5.580000000000000515e-01	1.500999999999999890e+00
1.581684595968750000e+09	5.560000000000000497e-01	1.502000000000000002e+00
1.581684596562500000e+09	5.490000000000000435e-01	1.500999999999999890e+00
1.581684596656250000e+09	5.460000000000000409e-01	1.500999999999999890e+00
1.581684596765625000e+09	5.450000000000000400e-01	1.502000000000000002e+00
1.581684596875000000e+09	5.400000000000000355e-01	1.500999999999999890e+00
1.581684596984375000e+09	5.390000000000000346e-01	1.500999999999999890e+00
1.581684597203125000e+09	5.400000000000000355e-01	1.500999999999999890e+00
1.581684597671875000e+09	5.270000000000000240e-01	1.502000000000000002e+00
1.581684597781250000e+09	5.260000000000000231e-01	1.500999999999999890e+00
1.581684597890625000e+09	5.270000000000000240e-01	1.500999999999999890e+00
1.581684597984375000e+09	5.230000000000000204e-01	1.502000000000000002e+00
1.581684598093750000e+09	5.220000000000000195e-01	1.500999999999999890e+00
1.581684598640625000e+09	5.190000000000000169e-01	1.500999999999999890e+00
1.581684598859375000e+09	5.150000000000000133e-01	1.500999999999999890e+00
1.581684598968750000e+09	5.120000000000000107e-01	1.500999999999999890e+00
1.581684599078125000e+09	5.120000000000000107e-01	1.502000000000000002e+00
1.581684599171875000e+09	5.110000000000000098e-01	1.500999999999999890e+00
1.581684599281250000e+09	5.120000000000000107e-01	1.502000000000000002e+00
1.581684599875000000e+09	5.120000000000000107e-01	1.500999999999999890e+00
1.581684599984375000e+09	5.070000000000000062e-01	1.500999999999999890e+00
1.581684600093750000e+09	5.060000000000000053e-01	1.500999999999999890e+00
1.581684600203125000e+09	5.040000000000000036e-01	1.500999999999999890e+00
1.581684600312500000e+09	5.030000000000000027e-01	1.502000000000000002e+00
1.581684600953125000e+09	5.030000000000000027e-01	1.500999999999999890e+00
1.581684601046875000e+09	4.989999999999999991e-01	1.502000000000000002e+00
1.581684601156250000e+09	4.979999999999999982e-01	1.500999999999999890e+00
1.581684601265625000e+09	4.959999999999999964e-01	1.500999999999999890e+00
1.581684601375000000e+09	4.949999999999999956e-01	1.502000000000000002e+00
1.581684602031250000e+09	4.929999999999999938e-01	1.500999999999999890e+00
1.581684602140625000e+09	4.859999999999999876e-01	1.502000000000000002e+00
1.581684602250000000e+09	4.849999999999999867e-01	1.500999999999999890e+00
1.581684602343750000e+09	4.859999999999999876e-01	1.502000000000000002e+00
1.581684602453125000e+09	4.849999999999999867e-01	1.500999999999999890e+00
1.581684602984375000e+09	4.839999999999999858e-01	1.500999999999999890e+00
1.581684603109375000e+09	4.809999999999999831e-01	1.500999999999999890e+00
1.581684603218750000e+09	4.829999999999999849e-01	1.500999999999999890e+00
1.581684603328125000e+09	4.829999999999999849e-01	1.502000000000000002e+00
1.581684603437500000e+09	4.849999999999999867e-01	1.502000000000000002e+00
1.581684603546875000e+09	4.839999999999999858e-01	1.500999999999999890e+00
1.581684604015625000e+09	4.819999999999999840e-01	1.502000000000000002e+00
1.581684604234375000e+09	4.799999999999999822e-01	1.502000000000000002e+00
1.581684604343750000e+09	4.769999999999999796e-01	1.500999999999999890e+00
1.581684604453125000e+09	4.789999999999999813e-01	1.500999999999999890e+00
1.581684604562500000e+09	4.789999999999999813e-01	1.500999999999999890e+00
1.581684604671875000e+09	4.779999999999999805e-01	1.502000000000000002e+00
1.581684605218750000e+09	4.769999999999999796e-01	1.500999999999999890e+00
1.581684605406250000e+09	4.789999999999999813e-01	1.500999999999999890e+00
1.581684605515625000e+09	4.779999999999999805e-01	1.500999999999999890e+00
1.581684605625000000e+09	4.779999999999999805e-01	1.502000000000000002e+00
1.581684605718750000e+09	4.789999999999999813e-01	1.500999999999999890e+00
1.581684605828125000e+09	4.769999999999999796e-01	1.500999999999999890e+00
1.581684606421875000e+09	4.799999999999999822e-01	1.502000000000000002e+00
1.581684606531250000e+09	4.809999999999999831e-01	1.500999999999999890e+00
1.581684606640625000e+09	4.759999999999999787e-01	1.502000000000000002e+00
1.581684606750000000e+09	4.779999999999999805e-01	1.500999999999999890e+00
1.581684606859375000e+09	4.779999999999999805e-01	1.500999999999999890e+00
1.581684607500000000e+09	4.749999999999999778e-01	1.502000000000000002e+00
1.581684607609375000e+09	4.729999999999999760e-01	1.500999999999999890e+00
1.581684607718750000e+09	4.719999999999999751e-01	1.502000000000000002e+00
1.581684607828125000e+09	4.699999999999999734e-01	1.500999999999999890e+00
1.581684607921875000e+09	4.699999999999999734e-01	1.500999999999999890e+00
1.581684608078125000e+09	4.699999999999999734e-01	1.500999999999999890e+00
1.581684608578125000e+09	4.699999999999999734e-01	1.502000000000000002e+00
1.581684608671875000e+09	4.670000000000000262e-01	1.500999999999999890e+00
1.581684608781250000e+09	4.640000000000000235e-01	1.502000000000000002e+00
1.581684608890625000e+09	4.650000000000000244e-01	1.500999999999999890e+00
1.581684609000000000e+09	4.670000000000000262e-01	1.500999999999999890e+00
1.581684609609375000e+09	4.640000000000000235e-01	1.502000000000000002e+00
1.581684609718750000e+09	4.630000000000000226e-01	1.500999999999999890e+00
1.581684609828125000e+09	4.630000000000000226e-01	1.500999999999999890e+00
1.581684609921875000e+09	4.620000000000000218e-01	1.500999999999999890e+00
1.581684610031250000e+09	4.620000000000000218e-01	1.502000000000000002e+00
1.581684610140625000e+09	4.620000000000000218e-01	1.500999999999999890e+00
1.581684610750000000e+09	4.600000000000000200e-01	1.500999999999999890e+00
1.581684610859375000e+09	4.600000000000000200e-01	1.500999999999999890e+00
1.581684610953125000e+09	4.590000000000000191e-01	1.500999999999999890e+00
1.581684611062500000e+09	4.580000000000000182e-01	1.500999999999999890e+00
1.581684611171875000e+09	4.600000000000000200e-01	1.500999999999999890e+00
1.581684611546875000e+09	4.570000000000000173e-01	1.500999999999999890e+00
1.581684611875000000e+09	4.530000000000000138e-01	1.502000000000000002e+00
1.581684611968750000e+09	4.540000000000000147e-01	1.502000000000000002e+00
1.581684612078125000e+09	4.540000000000000147e-01	1.500999999999999890e+00
1.581684612187500000e+09	4.520000000000000129e-01	1.500999999999999890e+00
1.581684612296875000e+09	4.530000000000000138e-01	1.500999999999999890e+00
1.581684612765625000e+09	4.510000000000000120e-01	1.502000000000000002e+00
1.581684613031250000e+09	4.500000000000000111e-01	1.500999999999999890e+00
1.581684613140625000e+09	4.510000000000000120e-01	1.500999999999999890e+00
1.581684613250000000e+09	4.510000000000000120e-01	1.502000000000000002e+00
1.581684613359375000e+09	4.510000000000000120e-01	1.502000000000000002e+00
1.581684613765625000e+09	4.500000000000000111e-01	1.502000000000000002e+00
1.581684614109375000e+09	4.550000000000000155e-01	1.500999999999999890e+00
1.581684614218750000e+09	4.530000000000000138e-01	1.502000000000000002e+00
1.581684614328125000e+09	4.550000000000000155e-01	1.500999999999999890e+00
1.581684614437500000e+09	4.550000000000000155e-01	1.500999999999999890e+00
1.581684614921875000e+09	4.550000000000000155e-01	1.502000000000000002e+00
1.581684615187500000e+09	4.570000000000000173e-01	1.500999999999999890e+00
1.581684615296875000e+09	4.580000000000000182e-01	1.502000000000000002e+00
1.581684615406250000e+09	4.590000000000000191e-01	1.500999999999999890e+00
1.581684615500000000e+09	4.580000000000000182e-01	1.500999999999999890e+00
1.581684615609375000e+09	4.560000000000000164e-01	1.502000000000000002e+00
1.581684616265625000e+09	4.560000000000000164e-01	1.500999999999999890e+00
1.581684616375000000e+09	4.570000000000000173e-01	1.500999999999999890e+00
1.581684616484375000e+09	4.570000000000000173e-01	1.502000000000000002e+00
1.581684616578125000e+09	4.570000000000000173e-01	1.500999999999999890e+00
1.581684616687500000e+09	4.570000000000000173e-01	1.500999999999999890e+00
1.581684617312500000e+09	4.580000000000000182e-01	1.502000000000000002e+00
1.581684617421875000e+09	4.600000000000000200e-01	1.500999999999999890e+00
1.581684617531250000e+09	4.600000000000000200e-01	1.502000000000000002e+00
1.581684617625000000e+09	4.590000000000000191e-01	1.500999999999999890e+00
1.581684617734375000e+09	4.620000000000000218e-01	1.500999999999999890e+00
1.581684618359375000e+09	4.600000000000000200e-01	1.502000000000000002e+00
1.581684618468750000e+09	4.590000000000000191e-01	1.502000000000000002e+00
1.581684618562500000e+09	4.570000000000000173e-01	1.500999999999999890e+00
1.581684618671875000e+09	4.610000000000000209e-01	1.500999999999999890e+00
1.581684618781250000e+09	4.590000000000000191e-01	1.502000000000000002e+00
1.581684619406250000e+09	4.570000000000000173e-01	1.500999999999999890e+00
1.581684619515625000e+09	4.550000000000000155e-01	1.500999999999999890e+00
1.581684619625000000e+09	4.550000000000000155e-01	1.502000000000000002e+00
1.581684619734375000e+09	4.550000000000000155e-01	1.500999999999999890e+00
1.581684619828125000e+09	4.550000000000000155e-01	1.500999999999999890e+00
1.581684620234375000e+09	4.540000000000000147e-01	1.500999999999999890e+00
1.581684620500000000e+09	4.550000000000000155e-01	1.500999999999999890e+00
1.581684620593750000e+09	4.540000000000000147e-01	1.500999999999999890e+00
1.581684620703125000e+09	4.520000000000000129e-01	1.502000000000000002e+00
1.581684620812500000e+09	4.520000000000000129e-01	1.502000000000000002e+00
1.581684620921875000e+09	4.530000000000000138e-01	1.502000000000000002e+00
1.581684621093750000e+09	4.520000000000000129e-01	1.500999999999999890e+00
1.581684621421875000e+09	4.530000000000000138e-01	1.500999999999999890e+00
1.581684621546875000e+09	4.540000000000000147e-01	1.500999999999999890e+00
1.581684621656250000e+09	4.530000000000000138e-01	1.500999999999999890e+00
1.581684621765625000e+09	4.530000000000000138e-01	1.500999999999999890e+00
1.581684621875000000e+09	4.550000000000000155e-01	1.500999999999999890e+00
1.581684621968750000e+09	4.530000000000000138e-01	1.502000000000000002e+00
1.581684622593750000e+09	4.540000000000000147e-01	1.500999999999999890e+00
1.581684622703125000e+09	4.540000000000000147e-01	1.500999999999999890e+00
1.581684622812500000e+09	4.530000000000000138e-01	1.500999999999999890e+00
1.581684622921875000e+09	4.510000000000000120e-01	1.500999999999999890e+00
1.581684623015625000e+09	4.520000000000000129e-01	1.502000000000000002e+00
1.581684623328125000e+09	4.500000000000000111e-01	1.502000000000000002e+00
1.581684623656250000e+09	4.510000000000000120e-01	1.500999999999999890e+00
1.581684623765625000e+09	4.490000000000000102e-01	1.500999999999999890e+00
1.581684623875000000e+09	4.480000000000000093e-01	1.500999999999999890e+00
1.581684623968750000e+09	4.470000000000000084e-01	1.500999999999999890e+00
1.581684624078125000e+09	4.490000000000000102e-01	1.500999999999999890e+00
1.581684624703125000e+09	4.480000000000000093e-01	1.500999999999999890e+00
1.581684624812500000e+09	4.440000000000000058e-01	1.502000000000000002e+00
1.581684624906250000e+09	4.470000000000000084e-01	1.502000000000000002e+00
1.581684625015625000e+09	4.470000000000000084e-01	1.500999999999999890e+00
1.581684625125000000e+09	4.460000000000000075e-01	1.502000000000000002e+00
1.581684625343750000e+09	4.460000000000000075e-01	1.502000000000000002e+00
1.581684625765625000e+09	4.470000000000000084e-01	1.500999999999999890e+00
1.581684625875000000e+09	4.460000000000000075e-01	1.500999999999999890e+00
1.581684625968750000e+09	4.460000000000000075e-01	1.500999999999999890e+00
1.581684626078125000e+09	4.480000000000000093e-01	1.500999999999999890e+00
1.581684626187500000e+09	4.460000000000000075e-01	1.500999999999999890e+00
1.581684626390625000e+09	4.460000000000000075e-01	1.500999999999999890e+00
1.581684626578125000e+09	4.450000000000000067e-01	1.502000000000000002e+00
1.581684626968750000e+09	4.440000000000000058e-01	1.500999999999999890e+00
1.581684627062500000e+09	4.440000000000000058e-01	1.500999999999999890e+00
1.581684627171875000e+09	4.430000000000000049e-01	1.500999999999999890e+00
1.581684627281250000e+09	4.440000000000000058e-01	1.500999999999999890e+00
1.581684627390625000e+09	4.400000000000000022e-01	1.500999999999999890e+00
1.581684627796875000e+09	4.400000000000000022e-01	1.500999999999999890e+00
1.581684627968750000e+09	4.400000000000000022e-01	1.502000000000000002e+00
1.581684628078125000e+09	4.410000000000000031e-01	1.500999999999999890e+00
1.581684628171875000e+09	4.400000000000000022e-01	1.502000000000000002e+00
1.581684628281250000e+09	4.420000000000000040e-01	1.500999999999999890e+00
1.581684628390625000e+09	4.420000000000000040e-01	1.502000000000000002e+00
1.581684628640625000e+09	4.420000000000000040e-01	1.500999999999999890e+00
1.581684629093750000e+09	4.400000000000000022e-01	1.500999999999999890e+00
1.581684629203125000e+09	4.400000000000000022e-01	1.500999999999999890e+00
1.581684629296875000e+09	4.440000000000000058e-01	1.500999999999999890e+00
1.581684629406250000e+09	4.420000000000000040e-01	1.500999999999999890e+00
1.581684629515625000e+09	4.420000000000000040e-01	1.500999999999999890e+00
1.581684630093750000e+09	4.430000000000000049e-01	1.500999999999999890e+00
1.581684630203125000e+09	4.410000000000000031e-01	1.502000000000000002e+00
1.581684630312500000e+09	4.400000000000000022e-01	1.500999999999999890e+00
1.581684630421875000e+09	4.420000000000000040e-01	1.502000000000000002e+00
1.581684630531250000e+09	4.390000000000000013e-01	1.500999999999999890e+00
1.581684630734375000e+09	4.400000000000000022e-01	1.502000000000000002e+00
1.581684631156250000e+09	4.400000000000000022e-01	1.502000000000000002e+00
1.581684631265625000e+09	4.420000000000000040e-01	1.500999999999999890e+00
1.581684631375000000e+09	4.420000000000000040e-01	1.502000000000000002e+00
1.581684631484375000e+09	4.420000000000000040e-01	1.500999999999999890e+00
1.581684631593750000e+09	4.430000000000000049e-01	1.502000000000000002e+00
1.581684631812500000e+09	4.420000000000000040e-01	1.500999999999999890e+00
1.581684632281250000e+09	4.420000000000000040e-01	1.500999999999999890e+00
1.581684632390625000e+09	4.440000000000000058e-01	1.502000000000000002e+00
1.581684632484375000e+09	4.420000000000000040e-01	1.500999999999999890e+00
1.581684632593750000e+09	4.420000000000000040e-01	1.500999999999999890e+00
1.581684632703125000e+09	4.440000000000000058e-01	1.500999999999999890e+00
1.581684633296875000e+09	4.440000000000000058e-01	1.502000000000000002e+00
1.581684633390625000e+09	4.440000000000000058e-01	1.500999999999999890e+00
1.581684633500000000e+09	4.450000000000000067e-01	1.500999999999999890e+00
1.581684633609375000e+09	4.450000000000000067e-01	1.500999999999999890e+00
1.581684633718750000e+09	4.420000000000000040e-01	1.502000000000000002e+00
1.581684633968750000e+09	4.440000000000000058e-01	1.500999999999999890e+00
1.581684634437500000e+09	4.440000000000000058e-01	1.502000000000000002e+00
1.581684634546875000e+09	4.440000000000000058e-01	1.500999999999999890e+00
1.581684634656250000e+09	4.440000000000000058e-01	1.500999999999999890e+00
1.581684634750000000e+09	4.440000000000000058e-01	1.502000000000000002e+00
1.581684634859375000e+09	4.440000000000000058e-01	1.500999999999999890e+00
1.581684635171875000e+09	4.410000000000000031e-01	1.502000000000000002e+00
1.581684635546875000e+09	4.380000000000000004e-01	1.500999999999999890e+00
1.581684635656250000e+09	4.369999999999999996e-01	1.500999999999999890e+00
1.581684635765625000e+09	4.390000000000000013e-01	1.502000000000000002e+00
1.581684635875000000e+09	4.390000000000000013e-01	1.500999999999999890e+00
1.581684636125000000e+09	4.390000000000000013e-01	1.500999999999999890e+00
1.581684636500000000e+09	4.420000000000000040e-01	1.502000000000000002e+00
1.581684636609375000e+09	4.420000000000000040e-01	1.502000000000000002e+00
1.581684636718750000e+09	4.410000000000000031e-01	1.500999999999999890e+00
1.581684636828125000e+09	4.420000000000000040e-01	1.500999999999999890e+00
1.581684636937500000e+09	4.430000000000000049e-01	1.500999999999999890e+00
1.581684637031250000e+09	4.440000000000000058e-01	1.502000000000000002e+00
1.581684637625000000e+09	4.450000000000000067e-01	1.502000000000000002e+00
1.581684637718750000e+09	4.460000000000000075e-01	1.502000000000000002e+00
1.581684637828125000e+09	4.460000000000000075e-01	1.502000000000000002e+00
1.581684637937500000e+09	4.430000000000000049e-01	1.500999999999999890e+00
1.581684638046875000e+09	4.460000000000000075e-01	1.500999999999999890e+00
1.581684638265625000e+09	4.460000000000000075e-01	1.500999999999999890e+00
1.581684638531250000e+09	4.440000000000000058e-01	1.500999999999999890e+00
1.581684638687500000e+09	4.450000000000000067e-01	1.500999999999999890e+00
1.581684638796875000e+09	4.450000000000000067e-01	1.500999999999999890e+00
1.581684638890625000e+09	4.440000000000000058e-01	1.502000000000000002e+00
1.581684639000000000e+09	4.460000000000000075e-01	1.500999999999999890e+00
1.581684639109375000e+09	4.460000000000000075e-01	1.500999999999999890e+00
1.581684639312500000e+09	4.460000000000000075e-01	1.500999999999999890e+00
1.581684639796875000e+09	4.460000000000000075e-01	1.500999999999999890e+00
1.581684639906250000e+09	4.460000000000000075e-01	1.500999999999999890e+00
1.581684640015625000e+09	4.470000000000000084e-01	1.500999999999999890e+00
1.581684640109375000e+09	4.460000000000000075e-01	1.500999999999999890e+00
1.581684640218750000e+09	4.460000000000000075e-01	1.502000000000000002e+00
1.581684640484375000e+09	4.450000000000000067e-01	1.500999999999999890e+00
1.581684640859375000e+09	4.440000000000000058e-01	1.502000000000000002e+00
1.581684640968750000e+09	4.460000000000000075e-01	1.500999999999999890e+00
1.581684641078125000e+09	4.440000000000000058e-01	1.500999999999999890e+00
1.581684641187500000e+09	4.440000000000000058e-01	1.500999999999999890e+00
1.581684641281250000e+09	4.460000000000000075e-01	1.502000000000000002e+00
1.581684641593750000e+09	4.460000000000000075e-01	1.500999999999999890e+00
1.581684642000000000e+09	4.470000000000000084e-01	1.502000000000000002e+00
1.581684642109375000e+09	4.460000000000000075e-01	1.500999999999999890e+00
1.581684642218750000e+09	4.470000000000000084e-01	1.500999999999999890e+00
1.581684642312500000e+09	4.480000000000000093e-01	1.502000000000000002e+00
1.581684642421875000e+09	4.470000000000000084e-01	1.502000000000000002e+00
1.581684642750000000e+09	4.470000000000000084e-01	1.502000000000000002e+00
1.581684643062500000e+09	4.470000000000000084e-01	1.500999999999999890e+00
1.581684643171875000e+09	4.480000000000000093e-01	1.502000000000000002e+00
1.581684643265625000e+09	4.480000000000000093e-01	1.502000000000000002e+00
1.581684643375000000e+09	4.480000000000000093e-01	1.500999999999999890e+00
1.581684643484375000e+09	4.510000000000000120e-01	1.502000000000000002e+00
1.581684643812500000e+09	4.510000000000000120e-01	1.500999999999999890e+00
1.581684644125000000e+09	4.510000000000000120e-01	1.500999999999999890e+00
1.581684644234375000e+09	4.500000000000000111e-01	1.502000000000000002e+00
1.581684644343750000e+09	4.500000000000000111e-01	1.500999999999999890e+00
1.581684644437500000e+09	4.500000000000000111e-01	1.500999999999999890e+00
1.581684644546875000e+09	4.500000000000000111e-01	1.500999999999999890e+00
1.581684644906250000e+09	4.510000000000000120e-01	1.502000000000000002e+00
1.581684645187500000e+09	4.530000000000000138e-01	1.500999999999999890e+00
1.581684645296875000e+09	4.510000000000000120e-01	1.502000000000000002e+00
1.581684645406250000e+09	4.510000000000000120e-01	1.500999999999999890e+00
1.581684645515625000e+09	4.530000000000000138e-01	1.500999999999999890e+00
1.581684645609375000e+09	4.520000000000000129e-01	1.500999999999999890e+00
1.581684646203125000e+09	4.550000000000000155e-01	1.502000000000000002e+00
1.581684646296875000e+09	4.530000000000000138e-01	1.502000000000000002e+00
1.581684646406250000e+09	4.510000000000000120e-01	1.502000000000000002e+00
1.581684646515625000e+09	4.510000000000000120e-01	1.500999999999999890e+00
1.581684646625000000e+09	4.500000000000000111e-01	1.500999999999999890e+00
1.581684646890625000e+09	4.510000000000000120e-01	1.500999999999999890e+00
1.581684647328125000e+09	4.470000000000000084e-01	1.502000000000000002e+00
1.581684647421875000e+09	4.470000000000000084e-01	1.500999999999999890e+00
1.581684647531250000e+09	4.480000000000000093e-01	1.502000000000000002e+00
1.581684647640625000e+09	4.460000000000000075e-01	1.500999999999999890e+00
1.581684647750000000e+09	4.460000000000000075e-01	1.502000000000000002e+00
1.581684648218750000e+09	4.480000000000000093e-01	1.500999999999999890e+00
1.581684648484375000e+09	4.480000000000000093e-01	1.500999999999999890e+00
1.581684648593750000e+09	4.480000000000000093e-01	1.500999999999999890e+00
1.581684648703125000e+09	4.460000000000000075e-01	1.502000000000000002e+00
1.581684648812500000e+09	4.470000000000000084e-01	1.502000000000000002e+00
1.581684648906250000e+09	4.480000000000000093e-01	1.500999999999999890e+00
1.581684649375000000e+09	4.480000000000000093e-01	1.500999999999999890e+00
1.581684649546875000e+09	4.470000000000000084e-01	1.500999999999999890e+00
1.581684649656250000e+09	4.460000000000000075e-01	1.500999999999999890e+00
1.581684649765625000e+09	4.470000000000000084e-01	1.500999999999999890e+00
1.581684649875000000e+09	4.450000000000000067e-01	1.502000000000000002e+00
1.581684649984375000e+09	4.450000000000000067e-01	1.500999999999999890e+00
1.581684650281250000e+09	4.440000000000000058e-01	1.500999999999999890e+00
1.581684650640625000e+09	4.460000000000000075e-01	1.500999999999999890e+00
1.581684650750000000e+09	4.450000000000000067e-01	1.500999999999999890e+00
1.581684650843750000e+09	4.440000000000000058e-01	1.502000000000000002e+00
1.581684650953125000e+09	4.460000000000000075e-01	1.500999999999999890e+00
1.581684651062500000e+09	4.470000000000000084e-01	1.500999999999999890e+00
1.581684651328125000e+09	4.460000000000000075e-01	1.502000000000000002e+00
1.581684651703125000e+09	4.470000000000000084e-01	1.500999999999999890e+00
1.581684651812500000e+09	4.430000000000000049e-01	1.502000000000000002e+00
1.581684651921875000e+09	4.430000000000000049e-01	1.500999999999999890e+00
1.581684652031250000e+09	4.430000000000000049e-01	1.500999999999999890e+00
1.581684652140625000e+09	4.420000000000000040e-01	1.502000000000000002e+00
1.581684652390625000e+09	4.420000000000000040e-01	1.500999999999999890e+00
1.581684652796875000e+09	4.450000000000000067e-01	1.500999999999999890e+00
1.581684652890625000e+09	4.440000000000000058e-01	1.500999999999999890e+00
1.581684653000000000e+09	4.450000000000000067e-01	1.502000000000000002e+00
1.581684653109375000e+09	4.430000000000000049e-01	1.502000000000000002e+00
1.581684653218750000e+09	4.420000000000000040e-01	1.500999999999999890e+00
1.581684653484375000e+09	4.440000000000000058e-01	1.500999999999999890e+00
1.581684653812500000e+09	4.430000000000000049e-01	1.500999999999999890e+00
1.581684653921875000e+09	4.420000000000000040e-01	1.500999999999999890e+00
1.581684654015625000e+09	4.440000000000000058e-01	1.502000000000000002e+00
1.581684654125000000e+09	4.440000000000000058e-01	1.502000000000000002e+00
1.581684654234375000e+09	4.420000000000000040e-01	1.500999999999999890e+00
1.581684654375000000e+09	4.440000000000000058e-01	1.502000000000000002e+00
1.581684654890625000e+09	4.440000000000000058e-01	1.500999999999999890e+00
1.581684654984375000e+09	4.460000000000000075e-01	1.502000000000000002e+00
1.581684655093750000e+09	4.440000000000000058e-01	1.500999999999999890e+00
1.581684655203125000e+09	4.460000000000000075e-01	1.502000000000000002e+00
1.581684655312500000e+09	4.440000000000000058e-01	1.500999999999999890e+00
1.581684655531250000e+09	4.440000000000000058e-01	1.502000000000000002e+00
1.581684655765625000e+09	4.460000000000000075e-01	1.500999999999999890e+00
1.581684656109375000e+09	4.460000000000000075e-01	1.500999999999999890e+00
1.581684656218750000e+09	4.460000000000000075e-01	1.502000000000000002e+00
1.581684656328125000e+09	4.460000000000000075e-01	1.502000000000000002e+00
1.581684656437500000e+09	4.480000000000000093e-01	1.500999999999999890e+00
1.581684656531250000e+09	4.480000000000000093e-01	1.500999999999999890e+00
1.581684657015625000e+09	4.500000000000000111e-01	1.500999999999999890e+00
1.581684657171875000e+09	4.510000000000000120e-01	1.502000000000000002e+00
1.581684657281250000e+09	4.490000000000000102e-01	1.500999999999999890e+00
1.581684657390625000e+09	4.510000000000000120e-01	1.500999999999999890e+00
1.581684657500000000e+09	4.500000000000000111e-01	1.502000000000000002e+00
1.581684657656250000e+09	4.480000000000000093e-01	1.502000000000000002e+00
1.581684657953125000e+09	4.500000000000000111e-01	1.502000000000000002e+00
1.581684658250000000e+09	4.500000000000000111e-01	1.500999999999999890e+00
1.581684658343750000e+09	4.500000000000000111e-01	1.500999999999999890e+00
1.581684658453125000e+09	4.490000000000000102e-01	1.500999999999999890e+00
1.581684658562500000e+09	4.490000000000000102e-01	1.502000000000000002e+00
1.581684658671875000e+09	4.500000000000000111e-01	1.500999999999999890e+00
1.581684659265625000e+09	4.490000000000000102e-01	1.500999999999999890e+00
1.581684659375000000e+09	4.500000000000000111e-01	1.502000000000000002e+00
1.581684659468750000e+09	4.500000000000000111e-01	1.502000000000000002e+00
1.581684659578125000e+09	4.480000000000000093e-01	1.502000000000000002e+00
1.581684659687500000e+09	4.500000000000000111e-01	1.502000000000000002e+00
1.581684659906250000e+09	4.500000000000000111e-01	1.500999999999999890e+00
1.581684660328125000e+09	4.490000000000000102e-01	1.500999999999999890e+00
1.581684660437500000e+09	4.480000000000000093e-01	1.500999999999999890e+00
1.581684660546875000e+09	4.490000000000000102e-01	1.502000000000000002e+00
1.581684660640625000e+09	4.500000000000000111e-01	1.502000000000000002e+00
1.581684660750000000e+09	4.490000000000000102e-01	1.500999999999999890e+00
1.581684660984375000e+09	4.500000000000000111e-01	1.502000000000000002e+00
1.581684661390625000e+09	4.480000000000000093e-01	1.502000000000000002e+00
1.581684661484375000e+09	4.470000000000000084e-01	1.500999999999999890e+00
1.581684661593750000e+09	4.470000000000000084e-01	1.502000000000000002e+00
1.581684661703125000e+09	4.470000000000000084e-01	1.500999999999999890e+00
1.581684661812500000e+09	4.460000000000000075e-01	1.500999999999999890e+00
1.581684662078125000e+09	4.470000000000000084e-01	1.502000000000000002e+00
1.581684662609375000e+09	4.490000000000000102e-01	1.502000000000000002e+00
1.581684662718750000e+09	4.500000000000000111e-01	1.500999999999999890e+00
1.581684662828125000e+09	4.480000000000000093e-01	1.502000000000000002e+00
1.581684662921875000e+09	4.480000000000000093e-01	1.502000000000000002e+00
1.581684663031250000e+09	4.480000000000000093e-01	1.500999999999999890e+00
1.581684663531250000e+09	4.460000000000000075e-01	1.502000000000000002e+00
1.581684663687500000e+09	4.450000000000000067e-01	1.502000000000000002e+00
1.581684663796875000e+09	4.440000000000000058e-01	1.500999999999999890e+00
1.581684663890625000e+09	4.430000000000000049e-01	1.502000000000000002e+00
1.581684664000000000e+09	4.430000000000000049e-01	1.502000000000000002e+00
1.581684664109375000e+09	4.420000000000000040e-01	1.500999999999999890e+00
1.581684664281250000e+09	4.420000000000000040e-01	1.500999999999999890e+00
1.581684664718750000e+09	4.400000000000000022e-01	1.500999999999999890e+00
1.581684664828125000e+09	4.410000000000000031e-01	1.500999999999999890e+00
1.581684664937500000e+09	4.400000000000000022e-01	1.500999999999999890e+00
1.581684665031250000e+09	4.380000000000000004e-01	1.500999999999999890e+00
1.581684665140625000e+09	4.390000000000000013e-01	1.500999999999999890e+00
1.581684665796875000e+09	4.400000000000000022e-01	1.500999999999999890e+00
1.581684665906250000e+09	4.369999999999999996e-01	1.500999999999999890e+00
1.581684666015625000e+09	4.369999999999999996e-01	1.502000000000000002e+00
1.581684666109375000e+09	4.369999999999999996e-01	1.500999999999999890e+00
1.581684666218750000e+09	4.369999999999999996e-01	1.502000000000000002e+00
1.581684666406250000e+09	4.380000000000000004e-01	1.500999999999999890e+00
1.581684666921875000e+09	4.349999999999999978e-01	1.500999999999999890e+00
1.581684667031250000e+09	4.359999999999999987e-01	1.500999999999999890e+00
1.581684667140625000e+09	4.349999999999999978e-01	1.500999999999999890e+00
1.581684667250000000e+09	4.349999999999999978e-01	1.500999999999999890e+00
1.581684667453125000e+09	4.369999999999999996e-01	1.500999999999999890e+00
1.581684668000000000e+09	4.380000000000000004e-01	1.500999999999999890e+00
1.581684668109375000e+09	4.390000000000000013e-01	1.502000000000000002e+00
1.581684668218750000e+09	4.400000000000000022e-01	1.500999999999999890e+00
1.581684668328125000e+09	4.390000000000000013e-01	1.502000000000000002e+00
1.581684668421875000e+09	4.380000000000000004e-01	1.502000000000000002e+00
1.581684668640625000e+09	4.400000000000000022e-01	1.500999999999999890e+00
1.581684669078125000e+09	4.400000000000000022e-01	1.500999999999999890e+00
1.581684669187500000e+09	4.420000000000000040e-01	1.500999999999999890e+00
1.581684669296875000e+09	4.430000000000000049e-01	1.500999999999999890e+00
1.581684669406250000e+09	4.430000000000000049e-01	1.502000000000000002e+00
1.581684669500000000e+09	4.440000000000000058e-01	1.500999999999999890e+00
1.581684669890625000e+09	4.440000000000000058e-01	1.500999999999999890e+00
1.581684670187500000e+09	4.460000000000000075e-01	1.500999999999999890e+00
1.581684670296875000e+09	4.460000000000000075e-01	1.500999999999999890e+00
1.581684670406250000e+09	4.450000000000000067e-01	1.502000000000000002e+00
1.581684670515625000e+09	4.440000000000000058e-01	1.502000000000000002e+00
1.581684670625000000e+09	4.440000000000000058e-01	1.500999999999999890e+00
1.581684670828125000e+09	4.450000000000000067e-01	1.502000000000000002e+00
1.581684671281250000e+09	4.460000000000000075e-01	1.502000000000000002e+00
1.581684671390625000e+09	4.430000000000000049e-01	1.500999999999999890e+00
1.581684671484375000e+09	4.420000000000000040e-01	1.500999999999999890e+00
1.581684671593750000e+09	4.440000000000000058e-01	1.502000000000000002e+00
1.581684671703125000e+09	4.420000000000000040e-01	1.500999999999999890e+00
1.581684671937500000e+09	4.410000000000000031e-01	1.500000000000000000e+00
1.581684672406250000e+09	4.430000000000000049e-01	1.500999999999999890e+00
1.581684672500000000e+09	4.440000000000000058e-01	1.500999999999999890e+00
1.581684672609375000e+09	4.450000000000000067e-01	1.502000000000000002e+00
1.581684672718750000e+09	4.460000000000000075e-01	1.502000000000000002e+00
1.581684672828125000e+09	4.440000000000000058e-01	1.500999999999999890e+00
1.581684673437500000e+09	4.450000000000000067e-01	1.502000000000000002e+00
1.581684673546875000e+09	4.460000000000000075e-01	1.502000000000000002e+00
1.581684673640625000e+09	4.460000000000000075e-01	1.500999999999999890e+00
1.581684673750000000e+09	4.470000000000000084e-01	1.500999999999999890e+00
1.581684673859375000e+09	4.480000000000000093e-01	1.502000000000000002e+00
1.581684674078125000e+09	4.480000000000000093e-01	1.500999999999999890e+00
1.581684674468750000e+09	4.450000000000000067e-01	1.502000000000000002e+00
1.581684674578125000e+09	4.470000000000000084e-01	1.502000000000000002e+00
1.581684674687500000e+09	4.450000000000000067e-01	1.502000000000000002e+00
1.581684674796875000e+09	4.450000000000000067e-01	1.502000000000000002e+00
1.581684674906250000e+09	4.460000000000000075e-01	1.500999999999999890e+00
1.581684675140625000e+09	4.450000000000000067e-01	1.500999999999999890e+00
1.581684675640625000e+09	4.450000000000000067e-01	1.500999999999999890e+00
1.581684675750000000e+09	4.470000000000000084e-01	1.500999999999999890e+00
1.581684675859375000e+09	4.470000000000000084e-01	1.502000000000000002e+00
1.581684675968750000e+09	4.460000000000000075e-01	1.502000000000000002e+00
1.581684676078125000e+09	4.450000000000000067e-01	1.500999999999999890e+00
1.581684676453125000e+09	4.470000000000000084e-01	1.502000000000000002e+00
1.581684676718750000e+09	4.450000000000000067e-01	1.502000000000000002e+00
1.581684676828125000e+09	4.450000000000000067e-01	1.502000000000000002e+00
1.581684676937500000e+09	4.450000000000000067e-01	1.500999999999999890e+00
1.581684677046875000e+09	4.470000000000000084e-01	1.502000000000000002e+00
1.581684677140625000e+09	4.440000000000000058e-01	1.500999999999999890e+00
1.581684677390625000e+09	4.450000000000000067e-01	1.500999999999999890e+00
1.581684677765625000e+09	4.450000000000000067e-01	1.502000000000000002e+00
1.581684677859375000e+09	4.440000000000000058e-01	1.502000000000000002e+00
1.581684677968750000e+09	4.440000000000000058e-01	1.502000000000000002e+00
1.581684678078125000e+09	4.430000000000000049e-01	1.500999999999999890e+00
1.581684678187500000e+09	4.440000000000000058e-01	1.500999999999999890e+00
1.581684678296875000e+09	4.440000000000000058e-01	1.500999999999999890e+00
1.581684678828125000e+09	4.420000000000000040e-01	1.502000000000000002e+00
1.581684678968750000e+09	4.410000000000000031e-01	1.500999999999999890e+00
1.581684679078125000e+09	4.420000000000000040e-01	1.502000000000000002e+00
1.581684679187500000e+09	4.420000000000000040e-01	1.502000000000000002e+00
1.581684679281250000e+09	4.400000000000000022e-01	1.500999999999999890e+00
1.581684679390625000e+09	4.410000000000000031e-01	1.502000000000000002e+00
1.581684679984375000e+09	4.380000000000000004e-01	1.500999999999999890e+00
1.581684680093750000e+09	4.400000000000000022e-01	1.500999999999999890e+00
1.581684680203125000e+09	4.400000000000000022e-01	1.502000000000000002e+00
1.581684680312500000e+09	4.390000000000000013e-01	1.500999999999999890e+00
1.581684680406250000e+09	4.380000000000000004e-01	1.500999999999999890e+00
1.581684680625000000e+09	4.380000000000000004e-01	1.500999999999999890e+00
1.581684681078125000e+09	4.369999999999999996e-01	1.502000000000000002e+00
1.581684681171875000e+09	4.369999999999999996e-01	1.500999999999999890e+00
1.581684681281250000e+09	4.390000000000000013e-01	1.500999999999999890e+00
1.581684681390625000e+09	4.380000000000000004e-01	1.500999999999999890e+00
1.581684681500000000e+09	4.400000000000000022e-01	1.500999999999999890e+00
1.581684681796875000e+09	4.410000000000000031e-01	1.500999999999999890e+00
1.581684682156250000e+09	4.410000000000000031e-01	1.500999999999999890e+00
1.581684682250000000e+09	4.380000000000000004e-01	1.500999999999999890e+00
1.581684682359375000e+09	4.410000000000000031e-01	1.500999999999999890e+00
1.581684682468750000e+09	4.400000000000000022e-01	1.500999999999999890e+00
1.581684682578125000e+09	4.380000000000000004e-01	1.502000000000000002e+00
1.581684682875000000e+09	4.390000000000000013e-01	1.500999999999999890e+00
1.581684683218750000e+09	4.380000000000000004e-01	1.502000000000000002e+00
1.581684683328125000e+09	4.380000000000000004e-01	1.500999999999999890e+00
1.581684683437500000e+09	4.380000000000000004e-01	1.502000000000000002e+00
1.581684683546875000e+09	4.380000000000000004e-01	1.502000000000000002e+00
1.581684683656250000e+09	4.410000000000000031e-01	1.502000000000000002e+00
1.581684684093750000e+09	4.400000000000000022e-01	1.500999999999999890e+00
1.581684684437500000e+09	4.420000000000000040e-01	1.500999999999999890e+00
1.581684684546875000e+09	4.440000000000000058e-01	1.502000000000000002e+00
1.581684684656250000e+09	4.430000000000000049e-01	1.500999999999999890e+00
1.581684684765625000e+09	4.440000000000000058e-01	1.502000000000000002e+00
1.581684684859375000e+09	4.460000000000000075e-01	1.502000000000000002e+00
1.581684685187500000e+09	4.420000000000000040e-01	1.500999999999999890e+00
1.581684685531250000e+09	4.410000000000000031e-01	1.500999999999999890e+00
1.581684685640625000e+09	4.400000000000000022e-01	1.500999999999999890e+00
1.581684685750000000e+09	4.400000000000000022e-01	1.500999999999999890e+00
1.581684685843750000e+09	4.400000000000000022e-01	1.502000000000000002e+00
1.581684685953125000e+09	4.390000000000000013e-01	1.502000000000000002e+00
1.581684686406250000e+09	4.400000000000000022e-01	1.500999999999999890e+00
1.581684686609375000e+09	4.390000000000000013e-01	1.500999999999999890e+00
1.581684686718750000e+09	4.410000000000000031e-01	1.500999999999999890e+00
1.581684686828125000e+09	4.410000000000000031e-01	1.500999999999999890e+00
1.581684686921875000e+09	4.410000000000000031e-01	1.500999999999999890e+00
1.581684687031250000e+09	4.410000000000000031e-01	1.500999999999999890e+00
1.581684687171875000e+09	4.430000000000000049e-01	1.502000000000000002e+00
1.581684687703125000e+09	4.450000000000000067e-01	1.500999999999999890e+00
1.581684687796875000e+09	4.460000000000000075e-01	1.500999999999999890e+00
1.581684687906250000e+09	4.460000000000000075e-01	1.500999999999999890e+00
1.581684688015625000e+09	4.450000000000000067e-01	1.500999999999999890e+00
1.581684688125000000e+09	4.450000000000000067e-01	1.500999999999999890e+00
1.581684688687500000e+09	4.440000000000000058e-01	1.502000000000000002e+00
1.581684688796875000e+09	4.420000000000000040e-01	1.502000000000000002e+00
1.581684688890625000e+09	4.430000000000000049e-01	1.500999999999999890e+00
1.581684689000000000e+09	4.440000000000000058e-01	1.502000000000000002e+00
1.581684689109375000e+09	4.410000000000000031e-01	1.500999999999999890e+00
1.581684689218750000e+09	4.430000000000000049e-01	1.500999999999999890e+00
1.581684689875000000e+09	4.400000000000000022e-01	1.502000000000000002e+00
1.581684689984375000e+09	4.420000000000000040e-01	1.500999999999999890e+00
1.581684690093750000e+09	4.400000000000000022e-01	1.500999999999999890e+00
1.581684690187500000e+09	4.400000000000000022e-01	1.500999999999999890e+00
1.581684690296875000e+09	4.420000000000000040e-01	1.500999999999999890e+00
1.581684690437500000e+09	4.430000000000000049e-01	1.502000000000000002e+00
1.581684690953125000e+09	4.410000000000000031e-01	1.502000000000000002e+00
1.581684691062500000e+09	4.440000000000000058e-01	1.500999999999999890e+00
1.581684691171875000e+09	4.450000000000000067e-01	1.502000000000000002e+00
1.581684691281250000e+09	4.440000000000000058e-01	1.500999999999999890e+00
1.581684691375000000e+09	4.440000000000000058e-01	1.500999999999999890e+00
1.581684692078125000e+09	4.430000000000000049e-01	1.502000000000000002e+00
1.581684692171875000e+09	4.430000000000000049e-01	1.500999999999999890e+00
1.581684692281250000e+09	4.440000000000000058e-01	1.500999999999999890e+00
1.581684692390625000e+09	4.430000000000000049e-01	1.500999999999999890e+00
1.581684692500000000e+09	4.420000000000000040e-01	1.500999999999999890e+00
1.581684692828125000e+09	4.450000000000000067e-01	1.502000000000000002e+00
1.581684692921875000e+09	4.440000000000000058e-01	1.502000000000000002e+00
1.581684693218750000e+09	4.430000000000000049e-01	1.500999999999999890e+00
1.581684693328125000e+09	4.440000000000000058e-01	1.500999999999999890e+00
1.581684693437500000e+09	4.440000000000000058e-01	1.500999999999999890e+00
1.581684693546875000e+09	4.430000000000000049e-01	1.500999999999999890e+00
1.581684694031250000e+09	4.440000000000000058e-01	1.500999999999999890e+00
1.581684694250000000e+09	4.480000000000000093e-01	1.502000000000000002e+00
1.581684694359375000e+09	4.450000000000000067e-01	1.500999999999999890e+00
1.581684694468750000e+09	4.450000000000000067e-01	1.500999999999999890e+00
1.581684694562500000e+09	4.450000000000000067e-01	1.500999999999999890e+00
1.581684694671875000e+09	4.440000000000000058e-01	1.500999999999999890e+00
1.581684695375000000e+09	4.420000000000000040e-01	1.500999999999999890e+00
1.581684695484375000e+09	4.400000000000000022e-01	1.502000000000000002e+00
1.581684695593750000e+09	4.400000000000000022e-01	1.500999999999999890e+00
1.581684695703125000e+09	4.410000000000000031e-01	1.500999999999999890e+00
1.581684696187500000e+09	4.380000000000000004e-01	1.502000000000000002e+00
1.581684696406250000e+09	4.380000000000000004e-01	1.500999999999999890e+00
1.581684696515625000e+09	4.359999999999999987e-01	1.502000000000000002e+00
1.581684696625000000e+09	4.349999999999999978e-01	1.502000000000000002e+00
1.581684696734375000e+09	4.369999999999999996e-01	1.502000000000000002e+00
1.581684696843750000e+09	4.369999999999999996e-01	1.500999999999999890e+00
1.581684697015625000e+09	4.369999999999999996e-01	1.500999999999999890e+00
1.581684697203125000e+09	4.359999999999999987e-01	1.500999999999999890e+00
1.581684697500000000e+09	4.359999999999999987e-01	1.500999999999999890e+00
1.581684697593750000e+09	4.369999999999999996e-01	1.500999999999999890e+00
1.581684697703125000e+09	4.349999999999999978e-01	1.500999999999999890e+00
1.581684697812500000e+09	4.349999999999999978e-01	1.500999999999999890e+00
1.581684697921875000e+09	4.369999999999999996e-01	1.502000000000000002e+00
1.581684698500000000e+09	4.369999999999999996e-01	1.500999999999999890e+00
1.581684698671875000e+09	4.420000000000000040e-01	1.500999999999999890e+00
1.581684698781250000e+09	4.420000000000000040e-01	1.500999999999999890e+00
1.581684698890625000e+09	4.410000000000000031e-01	1.500999999999999890e+00
1.581684699000000000e+09	4.420000000000000040e-01	1.500999999999999890e+00
1.581684699093750000e+09	4.400000000000000022e-01	1.500999999999999890e+00
1.581684699265625000e+09	4.420000000000000040e-01	1.500999999999999890e+00
1.581684699765625000e+09	4.420000000000000040e-01	1.500999999999999890e+00
1.581684699875000000e+09	4.420000000000000040e-01	1.502000000000000002e+00
1.581684699968750000e+09	4.420000000000000040e-01	1.500999999999999890e+00
1.581684700078125000e+09	4.440000000000000058e-01	1.500999999999999890e+00
1.581684700187500000e+09	4.420000000000000040e-01	1.500999999999999890e+00
1.581684700781250000e+09	4.420000000000000040e-01	1.502000000000000002e+00
1.581684700906250000e+09	4.440000000000000058e-01	1.502000000000000002e+00
1.581684701015625000e+09	4.440000000000000058e-01	1.500999999999999890e+00
1.581684701125000000e+09	4.440000000000000058e-01	1.500999999999999890e+00
1.581684701234375000e+09	4.440000000000000058e-01	1.500999999999999890e+00
1.581684701328125000e+09	4.440000000000000058e-01	1.500999999999999890e+00
1.581684701968750000e+09	4.440000000000000058e-01	1.500999999999999890e+00
1.581684702062500000e+09	4.440000000000000058e-01	1.500999999999999890e+00
1.581684702171875000e+09	4.430000000000000049e-01	1.500999999999999890e+00
1.581684702281250000e+09	4.440000000000000058e-01	1.502000000000000002e+00
1.581684702390625000e+09	4.440000000000000058e-01	1.500999999999999890e+00
1.581684703000000000e+09	4.440000000000000058e-01	1.500999999999999890e+00
1.581684703109375000e+09	4.460000000000000075e-01	1.502000000000000002e+00
1.581684703203125000e+09	4.480000000000000093e-01	1.500999999999999890e+00
1.581684703312500000e+09	4.480000000000000093e-01	1.500999999999999890e+00
1.581684703421875000e+09	4.480000000000000093e-01	1.500999999999999890e+00
1.581684704046875000e+09	4.480000000000000093e-01	1.502000000000000002e+00
1.581684704156250000e+09	4.490000000000000102e-01	1.500999999999999890e+00
1.581684704265625000e+09	4.480000000000000093e-01	1.502000000000000002e+00
1.581684704375000000e+09	4.490000000000000102e-01	1.500999999999999890e+00
1.581684704484375000e+09	4.480000000000000093e-01	1.500999999999999890e+00
1.581684704578125000e+09	4.500000000000000111e-01	1.502000000000000002e+00
1.581684705109375000e+09	4.480000000000000093e-01	1.502000000000000002e+00
1.581684705234375000e+09	4.460000000000000075e-01	1.500999999999999890e+00
1.581684705343750000e+09	4.460000000000000075e-01	1.502000000000000002e+00
1.581684705453125000e+09	4.430000000000000049e-01	1.502000000000000002e+00
1.581684705562500000e+09	4.440000000000000058e-01	1.500999999999999890e+00
1.581684705671875000e+09	4.460000000000000075e-01	1.500999999999999890e+00
1.581684706078125000e+09	4.420000000000000040e-01	1.502000000000000002e+00
1.581684706296875000e+09	4.420000000000000040e-01	1.502000000000000002e+00
1.581684706421875000e+09	4.440000000000000058e-01	1.500999999999999890e+00
1.581684706531250000e+09	4.440000000000000058e-01	1.502000000000000002e+00
1.581684706640625000e+09	4.440000000000000058e-01	1.500999999999999890e+00
1.581684706750000000e+09	4.460000000000000075e-01	1.502000000000000002e+00
1.581684706843750000e+09	4.440000000000000058e-01	1.502000000000000002e+00
1.581684707125000000e+09	4.460000000000000075e-01	1.500999999999999890e+00
1.581684707343750000e+09	4.460000000000000075e-01	1.500999999999999890e+00
1.581684707484375000e+09	4.440000000000000058e-01	1.502000000000000002e+00
1.581684707593750000e+09	4.450000000000000067e-01	1.502000000000000002e+00
1.581684707703125000e+09	4.440000000000000058e-01	1.500999999999999890e+00
1.581684707796875000e+09	4.440000000000000058e-01	1.502000000000000002e+00
1.581684707906250000e+09	4.450000000000000067e-01	1.500999999999999890e+00
1.581684708406250000e+09	4.450000000000000067e-01	1.502000000000000002e+00
1.581684708546875000e+09	4.480000000000000093e-01	1.500999999999999890e+00
1.581684708656250000e+09	4.490000000000000102e-01	1.502000000000000002e+00
1.581684708750000000e+09	4.460000000000000075e-01	1.502000000000000002e+00
1.581684708859375000e+09	4.480000000000000093e-01	1.500999999999999890e+00
1.581684708968750000e+09	4.490000000000000102e-01	1.500999999999999890e+00
1.581684709531250000e+09	4.450000000000000067e-01	1.500999999999999890e+00
1.581684709625000000e+09	4.460000000000000075e-01	1.502000000000000002e+00
1.581684709734375000e+09	4.440000000000000058e-01	1.502000000000000002e+00
1.581684709843750000e+09	4.440000000000000058e-01	1.502000000000000002e+00
1.581684709953125000e+09	4.430000000000000049e-01	1.502000000000000002e+00
1.581684710515625000e+09	4.420000000000000040e-01	1.500999999999999890e+00
1.581684710640625000e+09	4.400000000000000022e-01	1.500999999999999890e+00
1.581684710750000000e+09	4.410000000000000031e-01	1.500999999999999890e+00
1.581684710843750000e+09	4.420000000000000040e-01	1.500999999999999890e+00
1.581684710953125000e+09	4.400000000000000022e-01	1.500999999999999890e+00
1.581684711062500000e+09	4.390000000000000013e-01	1.502000000000000002e+00
1.581684711390625000e+09	4.410000000000000031e-01	1.502000000000000002e+00
1.581684711625000000e+09	4.420000000000000040e-01	1.500999999999999890e+00
1.581684711734375000e+09	4.440000000000000058e-01	1.500999999999999890e+00
1.581684711843750000e+09	4.430000000000000049e-01	1.500999999999999890e+00
1.581684711953125000e+09	4.440000000000000058e-01	1.500999999999999890e+00
1.581684712062500000e+09	4.420000000000000040e-01	1.502000000000000002e+00
1.581684712468750000e+09	4.420000000000000040e-01	1.500999999999999890e+00
1.581684712734375000e+09	4.420000000000000040e-01	1.502000000000000002e+00
1.581684712843750000e+09	4.440000000000000058e-01	1.502000000000000002e+00
1.581684712953125000e+09	4.430000000000000049e-01	1.502000000000000002e+00
1.581684713062500000e+09	4.420000000000000040e-01	1.500999999999999890e+00
1.581684713171875000e+09	4.440000000000000058e-01	1.500999999999999890e+00
1.581684713750000000e+09	4.420000000000000040e-01	1.500999999999999890e+00
1.581684713890625000e+09	4.400000000000000022e-01	1.502000000000000002e+00
1.581684713984375000e+09	4.390000000000000013e-01	1.500999999999999890e+00
1.581684714093750000e+09	4.390000000000000013e-01	1.500999999999999890e+00
1.581684714203125000e+09	4.380000000000000004e-01	1.502000000000000002e+00
1.581684714312500000e+09	4.390000000000000013e-01	1.502000000000000002e+00
1.581684714875000000e+09	4.380000000000000004e-01	1.500999999999999890e+00
1.581684714984375000e+09	4.390000000000000013e-01	1.500999999999999890e+00
1.581684715093750000e+09	4.390000000000000013e-01	1.502000000000000002e+00
1.581684715203125000e+09	4.390000000000000013e-01	1.500999999999999890e+00
1.581684715312500000e+09	4.380000000000000004e-01	1.500999999999999890e+00
1.581684715921875000e+09	4.359999999999999987e-01	1.502000000000000002e+00
1.581684716031250000e+09	4.369999999999999996e-01	1.500999999999999890e+00
1.581684716140625000e+09	4.349999999999999978e-01	1.502000000000000002e+00
1.581684716250000000e+09	4.349999999999999978e-01	1.500999999999999890e+00
1.581684716359375000e+09	4.329999999999999960e-01	1.502000000000000002e+00
1.581684716515625000e+09	4.319999999999999951e-01	1.500999999999999890e+00
1.581684717031250000e+09	4.349999999999999978e-01	1.502000000000000002e+00
1.581684717125000000e+09	4.359999999999999987e-01	1.502000000000000002e+00
1.581684717234375000e+09	4.319999999999999951e-01	1.500999999999999890e+00
1.581684717343750000e+09	4.329999999999999960e-01	1.500999999999999890e+00
1.581684717453125000e+09	4.309999999999999942e-01	1.502000000000000002e+00
1.581684718015625000e+09	4.359999999999999987e-01	1.500999999999999890e+00
1.581684718125000000e+09	4.349999999999999978e-01	1.500999999999999890e+00
1.581684718328125000e+09	-0.000000000000000000e+00	8.519999999999999796e-01
1.581684718437500000e+09	-0.000000000000000000e+00	6.710000000000000409e-01
1.581684718640625000e+09	-0.000000000000000000e+00	5.490000000000000435e-01
1.581684718828125000e+09	-0.000000000000000000e+00	3.679999999999999938e-01
1.581684719125000000e+09	-0.000000000000000000e+00	2.869999999999999774e-01
1.581684719234375000e+09	-0.000000000000000000e+00	2.210000000000000020e-01
1.581684719328125000e+09	-0.000000000000000000e+00	2.039999999999999869e-01
1.581684719437500000e+09	-0.000000000000000000e+00	1.900000000000000022e-01
1.581684719546875000e+09	-0.000000000000000000e+00	1.769999999999999907e-01
1.581684719937500000e+09	-0.000000000000000000e+00	1.650000000000000078e-01
1.581684720171875000e+09	-0.000000000000000000e+00	1.320000000000000062e-01
1.581684720281250000e+09	-0.000000000000000000e+00	1.170000000000000068e-01
1.581684720375000000e+09	-0.000000000000000000e+00	1.110000000000000014e-01
1.581684720484375000e+09	-0.000000000000000000e+00	1.059999999999999970e-01
1.581684720593750000e+09	-0.000000000000000000e+00	1.010000000000000064e-01
1.581684721234375000e+09	-0.000000000000000000e+00	9.500000000000000111e-02
1.581684721343750000e+09	-0.000000000000000000e+00	7.499999999999999722e-02
1.581684721453125000e+09	-0.000000000000000000e+00	7.099999999999999367e-02
1.581684721562500000e+09	-0.000000000000000000e+00	6.900000000000000577e-02
1.581684721671875000e+09	-0.000000000000000000e+00	6.700000000000000400e-02
1.581684721875000000e+09	-0.000000000000000000e+00	6.500000000000000222e-02
1.581684722296875000e+09	-0.000000000000000000e+00	5.700000000000000205e-02
1.581684722390625000e+09	-0.000000000000000000e+00	5.199999999999999761e-02
1.581684722500000000e+09	-0.000000000000000000e+00	5.099999999999999672e-02
1.581684722609375000e+09	-0.000000000000000000e+00	5.000000000000000278e-02
1.581684722718750000e+09	-0.000000000000000000e+00	4.800000000000000100e-02
1.581684722906250000e+09	-0.000000000000000000e+00	4.700000000000000011e-02
1.581684723343750000e+09	-0.000000000000000000e+00	4.399999999999999745e-02
1.581684723437500000e+09	-0.000000000000000000e+00	4.000000000000000083e-02
1.581684723546875000e+09	-0.000000000000000000e+00	3.899999999999999994e-02
1.581684723656250000e+09	-0.000000000000000000e+00	3.899999999999999994e-02
1.581684723765625000e+09	-0.000000000000000000e+00	3.699999999999999817e-02
1.581684723968750000e+09	-0.000000000000000000e+00	3.599999999999999728e-02
1.581684724390625000e+09	-0.000000000000000000e+00	3.500000000000000333e-02
1.581684724500000000e+09	-0.000000000000000000e+00	3.200000000000000067e-02
1.581684724609375000e+09	-0.000000000000000000e+00	3.200000000000000067e-02
1.581684724703125000e+09	-0.000000000000000000e+00	3.099999999999999978e-02
1.581684724812500000e+09	-0.000000000000000000e+00	2.999999999999999889e-02
1.581684725015625000e+09	-0.000000000000000000e+00	2.999999999999999889e-02
1.581684725421875000e+09	-0.000000000000000000e+00	2.900000000000000147e-02
1.581684725531250000e+09	-0.000000000000000000e+00	2.699999999999999969e-02
1.581684725640625000e+09	-0.000000000000000000e+00	2.699999999999999969e-02
1.581684725750000000e+09	-0.000000000000000000e+00	2.699999999999999969e-02
1.581684725843750000e+09	-0.000000000000000000e+00	2.599999999999999881e-02
1.581684726046875000e+09	-0.000000000000000000e+00	2.599999999999999881e-02
1.581684726312500000e+09	-0.000000000000000000e+00	2.500000000000000139e-02
1.581684726531250000e+09	-0.000000000000000000e+00	2.500000000000000139e-02
1.581684726640625000e+09	-0.000000000000000000e+00	2.400000000000000050e-02
1.581684726750000000e+09	-0.000000000000000000e+00	2.400000000000000050e-02
1.581684726843750000e+09	-0.000000000000000000e+00	2.400000000000000050e-02
1.581684726953125000e+09	-0.000000000000000000e+00	2.299999999999999961e-02
1.581684727250000000e+09	-0.000000000000000000e+00	2.400000000000000050e-02
1.581684727515625000e+09	-0.000000000000000000e+00	2.199999999999999872e-02
1.581684727671875000e+09	-0.000000000000000000e+00	2.199999999999999872e-02
1.581684727781250000e+09	-0.000000000000000000e+00	2.199999999999999872e-02
1.581684727890625000e+09	-0.000000000000000000e+00	2.100000000000000130e-02
1.581684728000000000e+09	-0.000000000000000000e+00	2.100000000000000130e-02
1.581684728109375000e+09	-0.000000000000000000e+00	2.100000000000000130e-02
1.581684728343750000e+09	-0.000000000000000000e+00	2.100000000000000130e-02
1.581684728687500000e+09	-0.000000000000000000e+00	2.100000000000000130e-02
1.581684728796875000e+09	-0.000000000000000000e+00	2.100000000000000130e-02
1.581684728890625000e+09	-0.000000000000000000e+00	2.000000000000000042e-02
1.581684729000000000e+09	-0.000000000000000000e+00	1.899999999999999953e-02
1.581684729109375000e+09	-0.000000000000000000e+00	2.000000000000000042e-02
1.581684729312500000e+09	-0.000000000000000000e+00	1.899999999999999953e-02
1.581684729750000000e+09	-0.000000000000000000e+00	1.899999999999999953e-02
1.581684729859375000e+09	-0.000000000000000000e+00	1.799999999999999864e-02
1.581684729968750000e+09	-0.000000000000000000e+00	1.899999999999999953e-02
1.581684730078125000e+09	-0.000000000000000000e+00	1.899999999999999953e-02
1.581684730187500000e+09	-0.000000000000000000e+00	1.899999999999999953e-02
1.581684730343750000e+09	-0.000000000000000000e+00	1.899999999999999953e-02
1.581684730812500000e+09	-0.000000000000000000e+00	1.899999999999999953e-02
1.581684730921875000e+09	-0.000000000000000000e+00	1.799999999999999864e-02
1.581684731031250000e+09	-0.000000000000000000e+00	1.799999999999999864e-02
1.581684731140625000e+09	-0.000000000000000000e+00	1.799999999999999864e-02
1.581684731250000000e+09	-0.000000000000000000e+00	1.799999999999999864e-02
1.581684731375000000e+09	-0.000000000000000000e+00	1.799999999999999864e-02
1.581684731578125000e+09	-0.000000000000000000e+00	1.799999999999999864e-02
1.581684731937500000e+09	-0.000000000000000000e+00	1.799999999999999864e-02
1.581684732031250000e+09	-0.000000000000000000e+00	1.700000000000000122e-02
1.581684732140625000e+09	-0.000000000000000000e+00	1.700000000000000122e-02
1.581684732250000000e+09	-0.000000000000000000e+00	1.700000000000000122e-02
1.581684732359375000e+09	-0.000000000000000000e+00	1.700000000000000122e-02
1.581684732625000000e+09	-0.000000000000000000e+00	1.700000000000000122e-02
1.581684733000000000e+09	-0.000000000000000000e+00	1.700000000000000122e-02
1.581684733093750000e+09	-0.000000000000000000e+00	1.600000000000000033e-02
1.581684733203125000e+09	-0.000000000000000000e+00	1.600000000000000033e-02
1.581684733312500000e+09	-0.000000000000000000e+00	1.600000000000000033e-02
1.581684733421875000e+09	-0.000000000000000000e+00	1.600000000000000033e-02
1.581684733687500000e+09	-0.000000000000000000e+00	1.600000000000000033e-02
1.581684734062500000e+09	-0.000000000000000000e+00	1.700000000000000122e-02
1.581684734171875000e+09	-0.000000000000000000e+00	1.600000000000000033e-02
1.581684734281250000e+09	-0.000000000000000000e+00	1.600000000000000033e-02
1.581684734375000000e+09	-0.000000000000000000e+00	1.600000000000000033e-02
1.581684734484375000e+09	-0.000000000000000000e+00	1.600000000000000033e-02
1.581684734765625000e+09	-0.000000000000000000e+00	1.600000000000000033e-02
1.581684734968750000e+09	-0.000000000000000000e+00	1.600000000000000033e-02
1.581684735203125000e+09	-0.000000000000000000e+00	1.600000000000000033e-02
1.581684735312500000e+09	-0.000000000000000000e+00	1.600000000000000033e-02
1.581684735421875000e+09	-0.000000000000000000e+00	1.600000000000000033e-02
1.581684735531250000e+09	-0.000000000000000000e+00	1.600000000000000033e-02
1.581684735625000000e+09	-0.000000000000000000e+00	1.600000000000000033e-02
1.581684735906250000e+09	-0.000000000000000000e+00	1.600000000000000033e-02
1.581684736140625000e+09	-0.000000000000000000e+00	1.600000000000000033e-02
1.581684736265625000e+09	-0.000000000000000000e+00	1.499999999999999944e-02
1.581684736375000000e+09	-0.000000000000000000e+00	1.499999999999999944e-02
1.581684736468750000e+09	-0.000000000000000000e+00	1.499999999999999944e-02
1.581684736578125000e+09	-0.000000000000000000e+00	1.499999999999999944e-02
1.581684736687500000e+09	-0.000000000000000000e+00	1.499999999999999944e-02
1.581684736953125000e+09	-0.000000000000000000e+00	1.499999999999999944e-02
1.581684737328125000e+09	-0.000000000000000000e+00	1.499999999999999944e-02
1.581684737421875000e+09	-0.000000000000000000e+00	1.499999999999999944e-02
1.581684737531250000e+09	-0.000000000000000000e+00	1.499999999999999944e-02
1.581684737640625000e+09	-0.000000000000000000e+00	1.499999999999999944e-02
1.581684737750000000e+09	-0.000000000000000000e+00	1.499999999999999944e-02
1.581684738031250000e+09	-0.000000000000000000e+00	1.499999999999999944e-02
1.581684738296875000e+09	-0.000000000000000000e+00	1.499999999999999944e-02
1.581684738406250000e+09	-0.000000000000000000e+00	1.499999999999999944e-02
1.581684738515625000e+09	-0.000000000000000000e+00	1.499999999999999944e-02
1.581684738609375000e+09	-0.000000000000000000e+00	1.499999999999999944e-02
1.581684738718750000e+09	-0.000000000000000000e+00	1.400000000000000029e-02
1.581684738921875000e+09	-0.000000000000000000e+00	1.400000000000000029e-02
1.581684739390625000e+09	-0.000000000000000000e+00	1.499999999999999944e-02
1.581684739500000000e+09	-0.000000000000000000e+00	1.400000000000000029e-02
1.581684739609375000e+09	-0.000000000000000000e+00	1.499999999999999944e-02
1.581684739703125000e+09	-0.000000000000000000e+00	1.400000000000000029e-02
1.581684739812500000e+09	-0.000000000000000000e+00	1.499999999999999944e-02
1.581684740000000000e+09	-0.000000000000000000e+00	1.400000000000000029e-02
1.581684740234375000e+09	-0.000000000000000000e+00	1.400000000000000029e-02
1.581684740390625000e+09	-0.000000000000000000e+00	1.400000000000000029e-02
1.581684740515625000e+09	-0.000000000000000000e+00	1.400000000000000029e-02
1.581684740625000000e+09	-0.000000000000000000e+00	1.400000000000000029e-02
1.581684740718750000e+09	-0.000000000000000000e+00	1.400000000000000029e-02
1.581684740828125000e+09	-0.000000000000000000e+00	1.400000000000000029e-02
1.581684740937500000e+09	-0.000000000000000000e+00	1.400000000000000029e-02
1.581684741234375000e+09	-0.000000000000000000e+00	1.400000000000000029e-02
1.581684741578125000e+09	-0.000000000000000000e+00	1.400000000000000029e-02
1.581684741687500000e+09	-0.000000000000000000e+00	1.400000000000000029e-02
1.581684741781250000e+09	-0.000000000000000000e+00	1.400000000000000029e-02
1.581684741890625000e+09	-0.000000000000000000e+00	1.400000000000000029e-02
1.581684742000000000e+09	-0.000000000000000000e+00	1.400000000000000029e-02
1.581684742343750000e+09	-0.000000000000000000e+00	1.400000000000000029e-02
1.581684742671875000e+09	-0.000000000000000000e+00	1.499999999999999944e-02
1.581684742781250000e+09	-0.000000000000000000e+00	1.400000000000000029e-02
1.581684742875000000e+09	-0.000000000000000000e+00	1.400000000000000029e-02
1.581684742984375000e+09	-0.000000000000000000e+00	1.299999999999999940e-02
1.581684743093750000e+09	-0.000000000000000000e+00	1.400000000000000029e-02
1.581684743296875000e+09	-0.000000000000000000e+00	1.400000000000000029e-02
1.581684743703125000e+09	-0.000000000000000000e+00	1.400000000000000029e-02
1.581684743796875000e+09	-0.000000000000000000e+00	1.299999999999999940e-02
1.581684743906250000e+09	-0.000000000000000000e+00	1.400000000000000029e-02
1.581684744015625000e+09	-0.000000000000000000e+00	1.400000000000000029e-02
1.581684744125000000e+09	-0.000000000000000000e+00	1.400000000000000029e-02
1.581684744265625000e+09	-0.000000000000000000e+00	1.400000000000000029e-02
1.581684744531250000e+09	-0.000000000000000000e+00	1.299999999999999940e-02
1.581684744796875000e+09	-0.000000000000000000e+00	1.400000000000000029e-02
1.581684744906250000e+09	-0.000000000000000000e+00	1.400000000000000029e-02
1.581684745000000000e+09	-0.000000000000000000e+00	1.400000000000000029e-02
1.581684745109375000e+09	-0.000000000000000000e+00	1.400000000000000029e-02
1.581684745218750000e+09	-0.000000000000000000e+00	1.400000000000000029e-02
1.581684745546875000e+09	-0.000000000000000000e+00	1.400000000000000029e-02
1.581684745718750000e+09	-0.000000000000000000e+00	1.400000000000000029e-02
1.581684745906250000e+09	-0.000000000000000000e+00	1.400000000000000029e-02
1.581684746015625000e+09	-0.000000000000000000e+00	1.299999999999999940e-02
1.581684746125000000e+09	-0.000000000000000000e+00	1.299999999999999940e-02
1.581684746234375000e+09	-0.000000000000000000e+00	1.400000000000000029e-02
1.581684746328125000e+09	-0.000000000000000000e+00	1.400000000000000029e-02
1.581684746593750000e+09	-0.000000000000000000e+00	1.400000000000000029e-02
1.581684746828125000e+09	-0.000000000000000000e+00	1.299999999999999940e-02
1.581684746953125000e+09	-0.000000000000000000e+00	1.400000000000000029e-02
1.581684747062500000e+09	-0.000000000000000000e+00	1.299999999999999940e-02
1.581684747171875000e+09	-0.000000000000000000e+00	1.299999999999999940e-02
1.581684747281250000e+09	-0.000000000000000000e+00	1.400000000000000029e-02
1.581684747375000000e+09	-0.000000000000000000e+00	1.400000000000000029e-02
1.581684747671875000e+09	-0.000000000000000000e+00	1.299999999999999940e-02
1.581684747828125000e+09	-0.000000000000000000e+00	1.299999999999999940e-02
1.581684748031250000e+09	-0.000000000000000000e+00	1.299999999999999940e-02
1.581684748140625000e+09	-0.000000000000000000e+00	1.400000000000000029e-02
1.581684748234375000e+09	-0.000000000000000000e+00	1.400000000000000029e-02
1.581684748343750000e+09	-0.000000000000000000e+00	1.400000000000000029e-02
1.581684748453125000e+09	-0.000000000000000000e+00	1.400000000000000029e-02
1.581684748718750000e+09	-0.000000000000000000e+00	1.400000000000000029e-02
1.581684749046875000e+09	-0.000000000000000000e+00	1.299999999999999940e-02
1.581684749140625000e+09	-0.000000000000000000e+00	1.400000000000000029e-02
1.581684749250000000e+09	-0.000000000000000000e+00	1.400000000000000029e-02
1.581684749359375000e+09	-0.000000000000000000e+00	1.400000000000000029e-02
1.581684749468750000e+09	-0.000000000000000000e+00	1.299999999999999940e-02
1.581684749703125000e+09	-0.000000000000000000e+00	1.299999999999999940e-02
1.581684750171875000e+09	-0.000000000000000000e+00	1.400000000000000029e-02
1.581684750281250000e+09	-0.000000000000000000e+00	1.400000000000000029e-02
1.581684750390625000e+09	-0.000000000000000000e+00	1.299999999999999940e-02
1.581684750500000000e+09	-0.000000000000000000e+00	1.299999999999999940e-02
1.581684750609375000e+09	-0.000000000000000000e+00	1.299999999999999940e-02
1.581684750812500000e+09	-0.000000000000000000e+00	1.299999999999999940e-02
1.581684751250000000e+09	-0.000000000000000000e+00	1.400000000000000029e-02
1.581684751343750000e+09	-0.000000000000000000e+00	1.299999999999999940e-02
1.581684751453125000e+09	-0.000000000000000000e+00	1.400000000000000029e-02
1.581684751562500000e+09	-0.000000000000000000e+00	1.299999999999999940e-02
1.581684751671875000e+09	-0.000000000000000000e+00	1.299999999999999940e-02
1.581684751875000000e+09	-0.000000000000000000e+00	1.299999999999999940e-02
1.581684752125000000e+09	-0.000000000000000000e+00	1.299999999999999940e-02
1.581684752296875000e+09	-0.000000000000000000e+00	1.400000000000000029e-02
1.581684752406250000e+09	-0.000000000000000000e+00	1.299999999999999940e-02
1.581684752500000000e+09	-0.000000000000000000e+00	1.299999999999999940e-02
1.581684752609375000e+09	-0.000000000000000000e+00	1.299999999999999940e-02
1.581684752718750000e+09	-0.000000000000000000e+00	1.299999999999999940e-02
1.581684752937500000e+09	-0.000000000000000000e+00	1.299999999999999940e-02
1.581684753187500000e+09	-0.000000000000000000e+00	1.299999999999999940e-02
1.581684753437500000e+09	-0.000000000000000000e+00	1.299999999999999940e-02
1.581684753531250000e+09	-0.000000000000000000e+00	1.299999999999999940e-02
1.581684753640625000e+09	-0.000000000000000000e+00	1.299999999999999940e-02
1.581684753750000000e+09	-0.000000000000000000e+00	1.299999999999999940e-02
1.581684753859375000e+09	-0.000000000000000000e+00	1.299999999999999940e-02
1.581684754125000000e+09	-0.000000000000000000e+00	1.299999999999999940e-02
1.581684754437500000e+09	-0.000000000000000000e+00	1.400000000000000029e-02
1.581684754546875000e+09	-0.000000000000000000e+00	1.299999999999999940e-02
1.581684754656250000e+09	-0.000000000000000000e+00	1.400000000000000029e-02
1.581684754765625000e+09	-0.000000000000000000e+00	1.299999999999999940e-02
1.581684754875000000e+09	-0.000000000000000000e+00	1.299999999999999940e-02
1.581684755078125000e+09	-0.000000000000000000e+00	1.400000000000000029e-02
1.581684755312500000e+09	-0.000000000000000000e+00	1.299999999999999940e-02
1.581684755562500000e+09	-0.000000000000000000e+00	1.299999999999999940e-02
1.581684755656250000e+09	-0.000000000000000000e+00	1.299999999999999940e-02
1.581684755765625000e+09	-0.000000000000000000e+00	1.299999999999999940e-02
1.581684755875000000e+09	-0.000000000000000000e+00	1.299999999999999940e-02
1.581684755984375000e+09	-0.000000000000000000e+00	1.400000000000000029e-02
1.581684756250000000e+09	-0.000000000000000000e+00	1.299999999999999940e-02
1.581684756468750000e+09	-0.000000000000000000e+00	1.400000000000000029e-02
1.581684756671875000e+09	-0.000000000000000000e+00	1.299999999999999940e-02
1.581684756781250000e+09	-0.000000000000000000e+00	1.299999999999999940e-02
1.581684756875000000e+09	-0.000000000000000000e+00	1.400000000000000029e-02
1.581684756984375000e+09	-0.000000000000000000e+00	1.299999999999999940e-02
1.581684757093750000e+09	-0.000000000000000000e+00	1.299999999999999940e-02
1.581684757296875000e+09	-0.000000000000000000e+00	1.299999999999999940e-02
1.581684757718750000e+09	-0.000000000000000000e+00	1.400000000000000029e-02
1.581684757828125000e+09	-0.000000000000000000e+00	1.299999999999999940e-02
1.581684757937500000e+09	-0.000000000000000000e+00	1.299999999999999940e-02
1.581684758046875000e+09	-0.000000000000000000e+00	1.299999999999999940e-02
1.581684758156250000e+09	-0.000000000000000000e+00	1.299999999999999940e-02
1.581684758359375000e+09	-0.000000000000000000e+00	1.299999999999999940e-02
1.581684758796875000e+09	-0.000000000000000000e+00	1.299999999999999940e-02
1.581684758890625000e+09	-0.000000000000000000e+00	1.400000000000000029e-02
1.581684759000000000e+09	-0.000000000000000000e+00	1.299999999999999940e-02
1.581684759109375000e+09	-0.000000000000000000e+00	1.299999999999999940e-02
1.581684759218750000e+09	-0.000000000000000000e+00	1.400000000000000029e-02
1.581684759359375000e+09	-0.000000000000000000e+00	1.400000000000000029e-02
1.581684759578125000e+09	-0.000000000000000000e+00	1.299999999999999940e-02
1.581684759859375000e+09	-0.000000000000000000e+00	1.299999999999999940e-02
1.581684759953125000e+09	-0.000000000000000000e+00	1.400000000000000029e-02
1.581684760062500000e+09	-0.000000000000000000e+00	1.400000000000000029e-02
1.581684760171875000e+09	-0.000000000000000000e+00	1.400000000000000029e-02
1.581684760281250000e+09	-0.000000000000000000e+00	1.400000000000000029e-02
1.581684760484375000e+09	-0.000000000000000000e+00	1.400000000000000029e-02
1.581684760718750000e+09	-0.000000000000000000e+00	1.400000000000000029e-02
1.581684760937500000e+09	-0.000000000000000000e+00	1.299999999999999940e-02
1.581684761046875000e+09	-0.000000000000000000e+00	1.299999999999999940e-02
1.581684761156250000e+09	-0.000000000000000000e+00	1.299999999999999940e-02
1.581684761250000000e+09	-0.000000000000000000e+00	1.400000000000000029e-02
1.581684761359375000e+09	-0.000000000000000000e+00	1.299999999999999940e-02
1.581684761640625000e+09	-0.000000000000000000e+00	1.400000000000000029e-02
1.581684761875000000e+09	-0.000000000000000000e+00	1.400000000000000029e-02
1.581684762078125000e+09	-0.000000000000000000e+00	1.299999999999999940e-02
1.581684762187500000e+09	-0.000000000000000000e+00	1.400000000000000029e-02
1.581684762281250000e+09	-0.000000000000000000e+00	1.299999999999999940e-02
